BELNR,KUNNR,BLDAT,FAEDT,DMBTR,INDUSTRY,REGION,ZTERM,RISK_TIER,STATUS,LOG_AMOUNT,PAYMENT_DAYS_NUM,INDUSTRY_CODE,REGION_CODE,CUST_AVG_DAYS_LATE,CUST_LATE_RATE,CUST_INVOICE_COUNT,CUST_AVG_AMOUNT,INVOICE_MONTH,INVOICE_QUARTER,INVOICE_DOW,IS_QUARTER_END,CUST_ROLLING3_DAYS_LATE,CUST_LATE_TREND,CUST_MAX_INVOICE,CUST_AMOUNT_CONCENTRATION,CUST_TOTAL_EXPOSURE,INVOICE_TO_CREDIT_RATIO,ACTUAL_TERM_DAYS,IS_MONTH_END,IS_MONDAY,LOG_CASH_POSITION,FISCPER,LATE_FLAG,DAYS_LATE
1800000870,C000097,2021-01-01,2021-03-02,76139.34,Construction,West,NT60,Low,CLEARED,11.240333495384885,60,0,4,0.0,0.0,0,76139.34,1,1,4,0,0.0,0.0,0.0,1.0,0.0,0.051357483683267625,60,0,0,16.33004762069832,202101,1.0,1.0
1800000434,C000198,2021-01-01,2021-04-01,249539.5,Construction,West,NT90,Low,CLEARED,12.42737650564979,90,0,4,0.0,0.0,0,249539.5,1,1,4,0,0.0,0.0,0.0,1.0,0.0,0.17011717629681747,90,0,0,16.33004762069832,202101,1.0,16.0
1800001189,C000189,2021-01-01,2021-03-02,101856.81,Logistics,Midwest,NT60,Low,CLEARED,11.531333100109292,60,3,1,0.0,0.0,0,101856.81,1,1,4,0,0.0,0.0,0.0,1.0,0.0,0.0629424333994159,60,0,0,16.33004762069832,202101,0.0,-2.0
1800001813,C000197,2021-01-02,2021-02-01,20659.81,Healthcare,West,NT30,Low,CLEARED,9.935993948100634,30,2,4,0.0,0.0,0,20659.81,1,1,5,0,0.0,0.0,0.0,1.0,0.0,0.01521959443120674,30,0,0,16.33004762069832,202101,1.0,24.0
1800002727,C000056,2021-01-02,2021-01-16,66015.77,Logistics,South,NT14,Low,CLEARED,11.097664079642026,14,3,3,0.0,0.0,0,66015.77,1,1,5,0,0.0,0.0,0.0,1.0,0.0,0.18694814974322577,14,0,0,16.33004762069832,202101,1.0,5.0
1800003426,C000191,2021-01-02,2021-04-02,131430.51,Energy,Midwest,NT90,Low,CLEARED,11.78624115841561,90,1,1,0.0,0.0,0,131430.51,1,1,5,0,0.0,0.0,0.0,1.0,0.0,1.7037614572101252,90,0,0,16.33004762069832,202101,1.0,14.0
1800001158,C000183,2021-01-02,2021-01-16,144233.61,Logistics,International,NT14,Low,CLEARED,11.87919648890389,14,3,0,0.0,0.0,0,144233.61,1,1,5,0,0.0,0.0,0.0,1.0,0.0,0.08615921218174627,14,0,0,16.33004762069832,202101,1.0,17.0
1800001681,C000160,2021-01-03,2021-04-03,81573.61,Logistics,International,NT90,Low,CLEARED,11.309273340573599,90,3,0,0.0,0.0,0,81573.61,1,1,6,0,0.0,0.0,0.0,1.0,0.0,0.04702048679042758,90,0,0,16.33004762069832,202101,1.0,4.0
1800001322,C000005,2021-01-03,2021-01-17,166371.81,Logistics,Northeast,NT14,Low,CLEARED,12.021986392575467,14,3,2,0.0,0.0,0,166371.81,1,1,6,0,0.0,0.0,0.0,1.0,0.0,0.23318078380827745,14,0,0,16.33004762069832,202101,1.0,1.0
1800002957,C000074,2021-01-03,2021-04-03,213517.02,Retail,Northeast,NT90,Low,CLEARED,12.271476510899404,90,5,2,0.0,0.0,0,213517.02,1,1,6,0,0.0,0.0,0.0,1.0,0.0,1.1451769661536808,90,0,0,16.33004762069832,202101,1.0,8.0
1800000536,C000139,2021-01-04,2021-04-04,104730.11,Retail,West,NT90,Low,CLEARED,11.559151487393352,90,5,4,0.0,0.0,0,104730.11,1,1,0,0,0.0,0.0,0.0,1.0,0.0,0.208884259254273,90,0,1,16.33004762069832,202101,0.0,0.0
1800002554,C000175,2021-01-04,2021-04-04,209031.8,Construction,West,NT90,Low,CLEARED,12.250246456432542,90,0,4,0.0,0.0,0,209031.8,1,1,0,0,0.0,0.0,0.0,1.0,0.0,0.13102049684352257,90,0,1,16.33004762069832,202101,1.0,2.0
1800002451,C000166,2021-01-04,2021-03-05,236797.87,Logistics,West,NT60,Low,CLEARED,12.374966410021143,60,3,4,0.0,0.0,0,236797.87,1,1,0,0,0.0,0.0,0.0,1.0,0.0,0.12065547163702928,60,0,1,16.33004762069832,202101,1.0,43.0
1800003194,C000192,2021-01-04,2021-03-05,55978.5,Logistics,Midwest,NT60,Low,CLEARED,10.932740831268212,60,3,1,0.0,0.0,0,55978.5,1,1,0,0,0.0,0.0,0.0,1.0,0.0,0.04112846815384325,60,0,1,16.33004762069832,202101,1.0,2.0
1800002902,C000159,2021-01-04,2021-03-05,166223.73,Healthcare,Northeast,NT60,Low,CLEARED,12.02109594696493,60,2,2,0.0,0.0,0,166223.73,1,1,0,0,0.0,0.0,0.0,1.0,0.0,0.5005957202345273,60,0,1,16.33004762069832,202101,1.0,3.0
1800002898,C000137,2021-01-04,2021-01-18,71759.64,Logistics,Northeast,NT14,Low,CLEARED,11.18109141531052,14,3,2,0.0,0.0,0,71759.64,1,1,0,0,0.0,0.0,0.0,1.0,0.0,0.12677039113561014,14,0,1,16.33004762069832,202101,1.0,19.0
1800001504,C000081,2021-01-05,2021-02-04,245372.05,Retail,South,NT30,Low,CLEARED,12.410534984527317,30,5,3,0.0,0.0,0,245372.05,1,1,1,0,0.0,0.0,0.0,1.0,0.0,0.18249856167463452,30,0,0,16.33004762069832,202101,1.0,3.0
1800003922,C000054,2021-01-05,2021-04-05,26718.49,Construction,Midwest,NT90,Low,CLEARED,10.19314854064208,90,0,1,0.0,0.0,0,26718.49,1,1,1,0,0.0,0.0,0.0,1.0,0.0,0.02470652980460626,90,0,0,16.33004762069832,202101,0.0,0.0
1800002549,C000177,2021-01-05,2021-04-05,66565.7,Manufacturing,Northeast,NT90,Low,CLEARED,11.105959731486799,90,4,2,0.0,0.0,0,66565.7,1,1,1,0,0.0,0.0,0.0,1.0,0.0,0.05144522623346158,90,0,0,16.33004762069832,202101,1.0,5.0
1800004694,C000035,2021-01-06,2021-04-06,10213.93,Healthcare,International,NT90,Low,CLEARED,9.231605654560598,90,2,0,0.0,0.0,0,10213.93,1,1,2,0,0.0,0.0,0.0,1.0,0.0,0.006464480417654627,90,0,0,16.33004762069832,202101,1.0,2.0
1800003854,C000160,2021-01-06,2021-04-06,169944.86,Logistics,International,NT90,High,CLEARED,12.043235194721635,90,3,0,4.0,1.0,1,81573.61,1,1,2,0,4.0,0.0,81573.61,2.083331361698961,81573.61,0.0979592547728495,90,0,0,16.33004762069832,202101,1.0,2.0
1800001999,C000100,2021-01-07,2021-04-07,18732.72,Energy,International,NT90,Low,CLEARED,9.838080387570054,90,1,0,0.0,0.0,0,18732.72,1,1,3,0,0.0,0.0,0.0,1.0,0.0,0.015556270890634777,90,0,0,16.33004762069832,202101,0.0,-2.0
1800004683,C000144,2021-01-07,2021-03-08,161864.62,Construction,Midwest,NT60,Low,CLEARED,11.994521763811061,60,0,1,0.0,0.0,0,161864.62,1,1,3,0,0.0,0.0,0.0,1.0,0.0,0.1598030519635943,60,0,0,16.33004762069832,202101,1.0,3.0
1800003458,C000075,2021-01-08,2021-02-22,20771.82,Retail,International,NT45,Low,CLEARED,9.94140068040303,45,5,0,0.0,0.0,0,20771.82,1,1,4,0,0.0,0.0,0.0,1.0,0.0,0.012192684114823537,45,0,0,16.33004762069832,202101,1.0,14.0
1800004390,C000002,2021-01-08,2021-04-08,191844.17,Construction,South,NT90,Low,CLEARED,12.164443919439494,90,0,3,0.0,0.0,0,191844.17,1,1,4,0,0.0,0.0,0.0,1.0,0.0,1.7132581364150354,90,0,0,16.33004762069832,202101,0.0,-2.0
1800000170,C000096,2021-01-08,2021-04-08,6193.28,Healthcare,West,NT90,Low,CLEARED,8.731381564548563,90,2,4,0.0,0.0,0,6193.28,1,1,4,0,0.0,0.0,0.0,1.0,0.0,0.0032797375299126155,90,0,0,16.33004762069832,202101,1.0,1.0
1800004204,C000191,2021-01-08,2021-04-08,155616.87,Energy,Midwest,NT90,High,CLEARED,11.955158729890513,90,1,1,14.0,1.0,1,131430.51,1,1,4,0,14.0,0.0,131430.51,1.1840239378208302,131430.51,2.017294349673288,90,0,0,16.33004762069832,202101,1.0,3.0
1800004198,C000081,2021-01-09,2021-02-08,86961.42,Retail,South,NT30,High,CLEARED,11.37323135029472,30,5,3,3.0,1.0,1,245372.05,1,1,5,0,3.0,0.0,245372.05,0.3544063800257609,245372.05,0.06467865460301528,30,0,0,16.33004762069832,202101,1.0,2.0
1800000838,C000155,2021-01-09,2021-03-10,75292.38,Energy,West,NT60,Low,CLEARED,11.229147494916594,60,1,4,0.0,0.0,0,75292.38,1,1,5,0,0.0,0.0,0.0,1.0,0.0,0.03865833697317275,60,0,0,16.33004762069832,202101,1.0,44.0
1800003473,C000143,2021-01-09,2021-04-09,45383.85,Healthcare,Midwest,NT90,Low,CLEARED,10.722933627898529,90,2,1,0.0,0.0,0,45383.85,1,1,5,0,0.0,0.0,0.0,1.0,0.0,0.04708058533153995,90,0,0,16.33004762069832,202101,0.0,-1.0
1800001450,C000104,2021-01-09,2021-01-23,15418.58,Manufacturing,Midwest,NT14,Low,CLEARED,9.643393409392292,14,4,1,0.0,0.0,0,15418.58,1,1,5,0,0.0,0.0,0.0,1.0,0.0,0.08388515662888149,14,0,0,16.33004762069832,202101,1.0,16.0
1800001684,C000098,2021-01-09,2021-02-08,193817.26,Manufacturing,West,NT30,Low,CLEARED,12.174676194846532,30,4,4,0.0,0.0,0,193817.26,1,1,5,0,0.0,0.0,0.0,1.0,0.0,0.21538119270660655,30,0,0,16.33004762069832,202101,1.0,17.0
1800004058,C000065,2021-01-09,2021-02-08,199356.63,Healthcare,Northeast,NT30,Low,CLEARED,12.202855626468828,30,2,2,0.0,0.0,0,199356.63,1,1,5,0,0.0,0.0,0.0,1.0,0.0,0.49869916017451665,30,0,0,16.33004762069832,202101,1.0,41.0
1800003590,C000156,2021-01-09,2021-02-08,36680.47,Retail,Northeast,NT30,Low,CLEARED,10.510027001903245,30,5,2,0.0,0.0,0,36680.47,1,1,5,0,0.0,0.0,0.0,1.0,0.0,0.4784500035935465,30,0,0,16.33004762069832,202101,1.0,17.0
1800001382,C000132,2021-01-10,2021-01-24,180885.57,Healthcare,West,NT14,Low,CLEARED,12.105625428715914,14,2,4,0.0,0.0,0,180885.57,1,1,6,0,0.0,0.0,0.0,1.0,0.0,0.15392011169313835,14,0,0,16.33004762069832,202101,0.0,0.0
1800000494,C000147,2021-01-10,2021-02-24,179998.55,Energy,International,NT45,Low,CLEARED,12.100709629869222,45,1,0,0.0,0.0,0,179998.55,1,1,6,0,0.0,0.0,0.0,1.0,0.0,0.18604951079902593,45,0,0,16.33004762069832,202101,1.0,12.0
1800000976,C000183,2021-01-10,2021-01-24,5268.51,Logistics,International,NT14,High,CLEARED,8.569692658085446,14,3,0,17.0,1.0,1,144233.61,1,1,6,0,17.0,0.0,144233.61,0.03652761655206439,144233.61,0.0031471906650027835,14,0,0,16.33004762069832,202101,1.0,15.0
1800002673,C000035,2021-01-11,2021-04-11,213894.73,Healthcare,International,NT90,High,CLEARED,12.273243932271896,90,2,0,2.0,1.0,1,10213.93,1,1,0,0,2.0,0.0,10213.93,20.941472087629347,10213.93,0.13537573622734086,90,0,1,16.33004762069832,202101,0.0,-2.0
1800000777,C000034,2021-01-11,2021-02-10,39143.21,Logistics,Midwest,NT30,Low,CLEARED,10.575007797761437,30,3,1,0.0,0.0,0,39143.21,1,1,0,0,0.0,0.0,0.0,1.0,0.0,0.08368193493025305,30,0,1,16.33004762069832,202101,1.0,3.0
1800004272,C000174,2021-01-11,2021-02-25,80734.26,Retail,South,NT45,Low,CLEARED,11.298930685722997,45,5,3,0.0,0.0,0,80734.26,1,1,0,0,0.0,0.0,0.0,1.0,0.0,0.1033808571215312,45,0,1,16.33004762069832,202101,1.0,2.0
1800001133,C000019,2021-01-11,2021-01-25,19417.32,Logistics,Northeast,NT14,Low,CLEARED,9.873972229349356,14,3,2,0.0,0.0,0,19417.32,1,1,0,0,0.0,0.0,0.0,1.0,0.0,0.012177267590358577,14,0,1,16.33004762069832,202101,1.0,18.0
1800002648,C000068,2021-01-11,2021-02-25,48066.23,Manufacturing,Northeast,NT45,Low,CLEARED,10.780355934929764,45,4,2,0.0,0.0,0,48066.23,1,1,0,0,0.0,0.0,0.0,1.0,0.0,0.03594906786523444,45,0,1,16.33004762069832,202101,1.0,2.0
1800003261,C000007,2021-01-11,2021-04-11,43409.59,Energy,Midwest,NT90,Low,CLEARED,10.678458699539679,90,1,1,0.0,0.0,0,43409.59,1,1,0,0,0.0,0.0,0.0,1.0,0.0,0.04589340922976028,90,0,1,16.33004762069832,202101,1.0,1.0
1800000353,C000097,2021-01-11,2021-03-12,114821.29,Construction,West,NT60,High,CLEARED,11.651140907783326,60,0,4,1.0,1.0,1,76139.34,1,1,0,0,1.0,0.0,76139.34,1.5080415722017029,76139.34,0.07744922043803822,60,0,1,16.33004762069832,202101,0.0,-3.0
1800000137,C000160,2021-01-12,2021-04-12,69018.54,Logistics,International,NT90,High,CLEARED,11.142144931894926,90,3,0,3.0,1.0,2,125759.23499999999,1,1,1,0,3.0,0.0,169944.86,0.5488148842508465,251518.46999999997,0.03978352004238377,90,0,0,16.33004762069832,202101,1.0,2.0
1800001396,C000166,2021-01-12,2021-03-13,150401.96,Logistics,West,NT60,High,CLEARED,11.921073371155275,60,3,4,43.0,1.0,1,236797.87,1,1,1,0,43.0,0.0,236797.87,0.6351491252856286,236797.87,0.07663421727118412,60,0,0,16.33004762069832,202101,1.0,21.0
1800001892,C000102,2021-01-12,2021-02-26,48998.1,Healthcare,Northeast,NT45,Low,CLEARED,10.799557209577143,45,2,2,0.0,0.0,0,48998.1,1,1,1,0,0.0,0.0,0.0,1.0,0.0,0.06919403489833385,45,0,0,16.33004762069832,202101,1.0,5.0
1800001034,C000026,2021-01-13,2021-02-27,125697.42,Manufacturing,Midwest,NT45,Low,CLEARED,11.741640824889158,45,4,1,0.0,0.0,0,125697.42,1,1,2,0,0.0,0.0,0.0,1.0,0.0,0.241865526895431,45,0,0,16.33004762069832,202101,1.0,4.0
1800004587,C000163,2021-01-13,2021-04-13,88838.18,Retail,West,NT90,Low,CLEARED,11.394583047889224,90,5,4,0.0,0.0,0,88838.18,1,1,2,0,0.0,0.0,0.0,1.0,0.0,0.07888040030154879,90,0,0,16.33004762069832,202101,1.0,4.0
1800004509,C000182,2021-01-13,2021-01-27,249682.11,Retail,West,NT14,Low,CLEARED,12.427947832810695,14,5,4,0.0,0.0,0,249682.11,1,1,2,0,0.0,0.0,0.0,1.0,0.0,0.21644454386214906,14,0,0,16.33004762069832,202101,1.0,21.0
1800002308,C000067,2021-01-14,2021-01-28,217140.81,Manufacturing,West,NT14,Low,CLEARED,12.288305921387098,14,4,4,0.0,0.0,0,217140.81,1,1,3,0,0.0,0.0,0.0,1.0,0.0,0.13221397336104787,14,0,0,16.33004762069832,202101,0.0,0.0
1800000724,C000024,2021-01-14,2021-02-28,249295.78,Construction,International,NT45,Low,CLEARED,12.426399353262973,45,0,0,0.0,0.0,0,249295.78,1,1,3,0,0.0,0.0,0.0,1.0,0.0,0.716291911508035,45,0,0,16.33004762069832,202101,1.0,33.0
1800001646,C000022,2021-01-14,2021-02-28,25933.45,Energy,Midwest,NT45,Low,CLEARED,10.163327479697319,45,1,1,0.0,0.0,0,25933.45,1,1,3,0,0.0,0.0,0.0,1.0,0.0,0.028885803245525938,45,0,0,16.33004762069832,202101,1.0,25.0
1800003524,C000037,2021-01-14,2021-03-15,140543.46,Logistics,South,NT60,Low,CLEARED,11.853279158980094,60,3,3,0.0,0.0,0,140543.46,1,1,3,0,0.0,0.0,0.0,1.0,0.0,0.07137366226176643,60,0,0,16.33004762069832,202101,1.0,1.0
1800000803,C000058,2021-01-14,2021-03-15,202364.33,Energy,Midwest,NT60,Low,CLEARED,12.217829907256471,60,1,1,0.0,0.0,0,202364.33,1,1,3,0,0.0,0.0,0.0,1.0,0.0,0.15725499912122945,60,0,0,16.33004762069832,202101,0.0,0.0
1800002282,C000170,2021-01-14,2021-01-28,173883.68,Logistics,Midwest,NT14,Low,CLEARED,12.066147599854395,14,3,1,0.0,0.0,0,173883.68,1,1,3,0,0.0,0.0,0.0,1.0,0.0,0.21982256719638849,14,0,0,16.33004762069832,202101,1.0,13.0
1800000801,C000103,2021-01-15,2021-03-01,23644.47,Retail,West,NT45,Low,CLEARED,10.07092683223293,45,5,4,0.0,0.0,0,23644.47,1,1,4,0,0.0,0.0,0.0,1.0,0.0,0.024448878946983603,45,0,0,16.33004762069832,202101,1.0,31.0
1800002389,C000159,2021-01-15,2021-03-16,48935.58,Healthcare,Northeast,NT60,High,CLEARED,10.798280453067303,60,2,2,3.0,1.0,1,166223.73,1,1,4,0,3.0,0.0,166223.73,0.29439587235829684,166223.73,0.14737331375727356,60,0,0,16.33004762069832,202101,1.0,3.0
1800001418,C000095,2021-01-15,2021-02-14,91987.7,Healthcare,West,NT30,Low,CLEARED,11.42942102240048,30,2,4,0.0,0.0,0,91987.7,1,1,4,0,0.0,0.0,0.0,1.0,0.0,0.04854690836570169,30,0,0,16.33004762069832,202101,1.0,5.0
1800004966,C000033,2021-01-16,2021-01-30,45324.69,Energy,Northeast,NT14,Low,CLEARED,10.72162925889383,14,1,2,0.0,0.0,0,45324.69,1,1,5,0,0.0,0.0,0.0,1.0,0.0,0.02625556277792022,14,0,0,16.33004762069832,202101,1.0,5.0
1800003769,C000156,2021-01-17,2021-02-16,244580.13,Retail,Northeast,NT30,High,CLEARED,12.407302352897869,30,5,2,17.0,1.0,1,36680.47,1,1,6,0,17.0,0.0,36680.47,6.667857036728265,36680.47,3.1902362231838923,30,0,0,16.33004762069832,202101,1.0,13.0
1800002631,C000113,2021-01-17,2021-03-18,162658.7,Healthcare,South,NT60,Low,CLEARED,11.999415567381183,60,2,3,0.0,0.0,0,162658.7,1,1,6,0,0.0,0.0,0.0,1.0,0.0,0.12615157469383842,60,0,0,16.33004762069832,202101,1.0,2.0
1800003050,C000120,2021-01-17,2021-02-16,183368.2,Manufacturing,South,NT30,Low,CLEARED,12.119256885769882,30,4,3,0.0,0.0,0,183368.2,1,1,6,0,0.0,0.0,0.0,1.0,0.0,0.2176387150945592,30,0,0,16.33004762069832,202101,1.0,6.0
1800002485,C000103,2021-01-17,2021-03-03,107648.54,Retail,West,NT45,High,CLEARED,11.586636229676087,45,5,4,31.0,1.0,1,23644.47,1,1,6,0,31.0,0.0,23644.47,4.552799872443746,23644.47,0.11131085295121955,45,0,0,16.33004762069832,202101,1.0,17.0
1800000442,C000136,2021-01-17,2021-03-18,36552.09,Construction,Midwest,NT60,Low,CLEARED,10.50652100332814,60,0,1,0.0,0.0,0,36552.09,1,1,6,0,0.0,0.0,0.0,1.0,0.0,0.2182877792886184,60,0,0,16.33004762069832,202101,1.0,26.0
1800004984,C000046,2021-01-17,2021-03-18,122916.14,Construction,International,NT60,Low,CLEARED,11.7192657488081,60,0,0,0.0,0.0,0,122916.14,1,1,6,0,0.0,0.0,0.0,1.0,0.0,0.763856710100315,60,0,0,16.33004762069832,202101,0.0,0.0
1800004707,C000014,2021-01-18,2021-03-04,216925.77,Manufacturing,South,NT45,Low,CLEARED,12.287315110130534,45,4,3,0.0,0.0,0,216925.77,1,1,0,0,0.0,0.0,0.0,1.0,0.0,0.13391807981249695,45,0,1,16.33004762069832,202101,0.0,-1.0
1800001090,C000116,2021-01-18,2021-03-04,148857.79,Manufacturing,Midwest,NT45,Low,CLEARED,11.910753417438034,45,4,1,0.0,0.0,0,148857.79,1,1,0,0,0.0,0.0,0.0,1.0,0.0,0.2506402778912209,45,0,1,16.33004762069832,202101,1.0,15.0
1800000561,C000188,2021-01-19,2021-03-05,73262.79,Construction,International,NT45,Low,CLEARED,11.201821768546404,45,0,0,0.0,0.0,0,73262.79,1,1,1,0,0.0,0.0,0.0,1.0,0.0,0.043885133366639476,45,0,0,16.33004762069832,202101,0.0,0.0
1800002615,C000077,2021-01-19,2021-03-05,126585.52,Manufacturing,International,NT45,Low,CLEARED,11.748681305929917,45,4,0,0.0,0.0,0,126585.52,1,1,1,0,0.0,0.0,0.0,1.0,0.0,0.14552228386678545,45,0,0,16.33004762069832,202101,1.0,1.0
1800002855,C000145,2021-01-19,2021-02-02,168625.02,Logistics,West,NT14,Low,CLEARED,12.035438642416892,14,3,4,0.0,0.0,0,168625.02,1,1,1,0,0.0,0.0,0.0,1.0,0.0,0.13740164935738813,14,0,0,16.33004762069832,202101,1.0,3.0
1800004573,C000044,2021-01-20,2021-04-20,179215.07,Manufacturing,West,NT90,Low,CLEARED,12.09634745184157,90,4,4,0.0,0.0,0,179215.07,1,1,2,0,0.0,0.0,0.0,1.0,0.0,0.28511087828306925,90,0,0,16.33004762069832,202101,1.0,32.0
1800002082,C000134,2021-01-21,2021-04-21,68224.31,Construction,West,NT90,Low,CLEARED,11.13057088935515,90,0,4,0.0,0.0,0,68224.31,1,1,3,0,0.0,0.0,0.0,1.0,0.0,0.042855956886238916,90,0,0,16.33004762069832,202101,0.0,0.0
1800001083,C000007,2021-01-21,2021-04-21,123787.86,Energy,Midwest,NT90,High,CLEARED,11.726332651338932,90,1,1,1.0,1.0,1,43409.59,1,1,3,0,1.0,0.0,43409.59,2.851624721634091,43409.59,0.13087078031965457,90,0,0,16.33004762069832,202101,1.0,15.0
1800003033,C000147,2021-01-22,2021-03-08,32331.04,Energy,International,NT45,High,CLEARED,10.383813968017389,45,1,0,12.0,1.0,1,179998.55,1,1,4,0,12.0,0.0,179998.55,0.17961833581437187,179998.55,0.03341790350879904,45,0,0,16.33004762069832,202101,1.0,26.0
1800002316,C000119,2021-01-22,2021-03-08,166458.9,Logistics,International,NT45,Low,CLEARED,12.022509718554982,45,3,0,0.0,0.0,0,166458.9,1,1,4,0,0.0,0.0,0.0,1.0,0.0,0.14681601792215065,45,0,0,16.33004762069832,202101,1.0,3.0
1800004465,C000103,2021-01-23,2021-03-09,125657.97,Retail,West,NT45,High,CLEARED,11.741326929202033,45,5,4,24.0,1.0,2,65646.505,1,1,5,0,24.0,0.0,107648.54,1.914160852889274,131293.01,0.1299329820991419,45,0,0,16.33004762069832,202101,1.0,30.0
1800001793,C000106,2021-01-23,2021-02-22,92981.01,Healthcare,Northeast,NT30,Low,CLEARED,11.440161312563081,30,2,2,0.0,0.0,0,92981.01,1,1,5,0,0.0,0.0,0.0,1.0,0.0,0.34051566505195097,30,0,0,16.33004762069832,202101,1.0,9.0
1800000967,C000149,2021-01-23,2021-02-06,93926.97,Retail,West,NT14,Low,CLEARED,11.45028349091642,14,5,4,0.0,0.0,0,93926.97,1,1,5,0,0.0,0.0,0.0,1.0,0.0,0.13419070813448084,14,0,0,16.33004762069832,202101,1.0,4.0
1800001443,C000089,2021-01-23,2021-03-24,158939.27,Logistics,International,NT60,Low,CLEARED,11.976283750246974,60,3,0,0.0,0.0,0,158939.27,1,1,5,0,0.0,0.0,0.0,1.0,0.0,0.18017373979373535,60,0,0,16.33004762069832,202101,1.0,32.0
1800004578,C000063,2021-01-23,2021-02-06,171658.17,Manufacturing,Midwest,NT14,Low,CLEARED,12.053266220121293,14,4,1,0.0,0.0,0,171658.17,1,1,5,0,0.0,0.0,0.0,1.0,0.0,0.31990982420072617,14,0,0,16.33004762069832,202101,1.0,6.0
1800000805,C000109,2021-01-24,2021-04-24,114742.82,Healthcare,West,NT90,Low,CLEARED,11.650457270263344,90,2,4,0.0,0.0,0,114742.82,1,1,6,0,0.0,0.0,0.0,1.0,0.0,0.26272384814257044,90,0,0,16.33004762069832,202101,1.0,25.0
1800004184,C000111,2021-01-24,2021-02-07,51973.44,Energy,International,NT14,Low,CLEARED,10.858507338257395,14,1,0,0.0,0.0,0,51973.44,1,1,6,0,0.0,0.0,0.0,1.0,0.0,0.04773227333862067,14,0,0,16.33004762069832,202101,1.0,17.0
1800001362,C000055,2021-01-24,2021-04-24,170315.7,Logistics,Midwest,NT90,Low,CLEARED,12.045414924086092,90,3,1,0.0,0.0,0,170315.7,1,1,6,0,0.0,0.0,0.0,1.0,0.0,0.09054945859791289,90,0,0,16.33004762069832,202101,1.0,18.0
1800000601,C000089,2021-01-24,2021-03-25,85432.24,Logistics,International,NT60,High,CLEARED,11.355490531213695,60,3,0,32.0,1.0,1,158939.27,1,1,6,0,32.0,0.0,158939.27,0.5375149892156923,158939.27,0.09684608580218063,60,0,0,16.33004762069832,202101,1.0,1.0
1800003282,C000007,2021-01-24,2021-04-24,6350.63,Energy,Midwest,NT90,High,CLEARED,8.756466751860135,90,1,1,8.0,1.0,2,83598.725,1,1,6,0,8.0,0.0,123787.86,0.07596563225097033,167197.45,0.0067140017092258315,90,0,0,16.33004762069832,202101,1.0,5.0
1800000315,C000121,2021-01-24,2021-02-23,212940.35,Logistics,West,NT30,Low,CLEARED,12.268772054662533,30,3,4,0.0,0.0,0,212940.35,1,1,6,0,0.0,0.0,0.0,1.0,0.0,0.21143879624458944,30,0,0,16.33004762069832,202101,1.0,6.0
1800001256,C000064,2021-01-24,2021-04-24,137881.82,Construction,West,NT90,Low,CLEARED,11.8341594729891,90,0,4,0.0,0.0,0,137881.82,1,1,6,0,0.0,0.0,0.0,1.0,0.0,0.392401982121812,90,0,0,16.33004762069832,202101,0.0,0.0
1800002342,C000058,2021-01-24,2021-03-25,139593.06,Energy,Midwest,NT60,Low,CLEARED,11.84649391826186,60,1,1,0.0,0.0,1,202364.33,1,1,6,0,0.0,0.0,202364.33,0.6898106005144287,202364.33,0.10847616537771122,60,0,0,16.33004762069832,202101,1.0,2.0
1800003550,C000106,2021-01-24,2021-02-23,75536.59,Healthcare,Northeast,NT30,High,CLEARED,11.232385692130299,30,2,2,9.0,1.0,1,92981.01,1,1,6,0,9.0,0.0,92981.01,0.8123872820912571,92981.01,0.2766305956410513,30,0,0,16.33004762069832,202101,1.0,3.0
1800001082,C000145,2021-01-25,2021-02-08,75981.69,Logistics,West,NT14,High,CLEARED,11.238260830168606,14,3,4,3.0,1.0,1,168625.02,1,1,0,0,3.0,0.0,168625.02,0.4505955877722061,168625.02,0.06191257695306287,14,1,1,16.33004762069832,202101,1.0,5.0
1800000234,C000175,2021-01-25,2021-04-25,43967.17,Construction,West,NT90,High,CLEARED,10.691221242022873,90,0,4,2.0,1.0,1,209031.8,1,1,0,0,2.0,0.0,209031.8,0.2103372309859074,209031.8,0.027558488508464363,90,1,1,16.33004762069832,202101,1.0,6.0
1800001149,C000181,2021-01-25,2021-03-26,169690.5,Retail,International,NT60,Low,CLEARED,12.041737361576574,60,5,0,0.0,0.0,0,169690.5,1,1,0,0,0.0,0.0,0.0,1.0,0.0,0.27065983895779056,60,1,1,16.33004762069832,202101,1.0,2.0
1800003866,C000022,2021-01-26,2021-03-12,193514.6,Energy,Midwest,NT45,High,CLEARED,12.173113408357382,45,1,1,25.0,1.0,1,25933.45,1,1,1,0,25.0,0.0,25933.45,7.461969001424801,25933.45,0.21554496839937046,45,1,0,16.33004762069832,202101,1.0,27.0
1800002071,C000047,2021-01-26,2021-02-25,248675.38,Construction,South,NT30,Low,CLEARED,12.4239076514171,30,0,3,0.0,0.0,0,248675.38,1,1,1,0,0.0,0.0,0.0,1.0,0.0,0.18195788625456924,30,1,0,16.33004762069832,202101,1.0,2.0
1800002270,C000141,2021-01-26,2021-04-26,175303.56,Healthcare,Northeast,NT90,Low,CLEARED,12.07428008312092,90,2,2,0.0,0.0,0,175303.56,1,1,1,0,0.0,0.0,0.0,1.0,0.0,0.15766174093304214,90,1,0,16.33004762069832,202101,1.0,24.0
1800001453,C000063,2021-01-26,2021-02-09,113889.59,Manufacturing,Midwest,NT14,High,CLEARED,11.642993529692243,14,4,1,6.0,1.0,1,171658.17,1,1,1,0,6.0,0.0,171658.17,0.6634673432671453,171658.17,0.2122497211475153,14,1,0,16.33004762069832,202101,1.0,7.0
1800001152,C000074,2021-01-26,2021-04-26,241463.48,Retail,Northeast,NT90,High,CLEARED,12.39447766051199,90,5,2,8.0,1.0,1,213517.02,1,1,1,0,8.0,0.0,213517.02,1.1308863340262056,213517.02,1.2950649810647883,90,1,0,16.33004762069832,202101,1.0,3.0
1800003429,C000192,2021-01-26,2021-03-27,128404.95,Logistics,Midwest,NT60,High,CLEARED,11.762952008728217,60,3,1,2.0,1.0,1,55978.5,1,1,1,0,2.0,0.0,55978.5,2.2938262011307913,55978.5,0.094341557863659,60,1,0,16.33004762069832,202101,1.0,4.0
1800000451,C000114,2021-01-27,2021-02-26,170086.45,Manufacturing,West,NT30,Low,CLEARED,12.04406799553273,30,4,4,0.0,0.0,0,170086.45,1,1,2,0,0.0,0.0,0.0,1.0,0.0,0.15934557657040319,30,1,0,16.33004762069832,202101,1.0,21.0
1800001004,C000141,2021-01-27,2021-04-27,196309.7,Healthcare,Northeast,NT90,High,CLEARED,12.187453887184525,90,2,2,24.0,1.0,1,175303.56,1,1,2,0,24.0,0.0,175303.56,1.1198272299775316,175303.56,0.1765539106224838,90,1,0,16.33004762069832,202101,0.0,-1.0
1800003336,C000170,2021-01-28,2021-02-11,104096.0,Logistics,Midwest,NT14,High,CLEARED,11.553078435743997,14,3,1,13.0,1.0,1,173883.68,1,1,3,0,13.0,0.0,173883.68,0.5986530765854507,173883.68,0.13159745615502993,14,1,0,16.33004762069832,202101,1.0,12.0
1800002540,C000042,2021-01-28,2021-03-29,227023.8,Manufacturing,South,NT60,Low,CLEARED,12.332814541597394,60,4,3,0.0,0.0,0,227023.8,1,1,3,0,0.0,0.0,0.0,1.0,0.0,4.188399938822563,60,1,0,16.33004762069832,202101,1.0,1.0
1800001658,C000075,2021-01-28,2021-03-14,148537.36,Retail,International,NT45,High,CLEARED,11.908598520365246,45,5,0,14.0,1.0,1,20771.82,1,1,3,0,14.0,0.0,20771.82,7.150907335033714,20771.82,0.08718875427044066,45,1,0,16.33004762069832,202101,1.0,9.0
1800001985,C000165,2021-01-28,2021-03-29,46584.02,Retail,South,NT60,Low,CLEARED,10.749034309207177,60,5,3,0.0,0.0,0,46584.02,1,1,3,0,0.0,0.0,0.0,1.0,0.0,0.04791097727912562,60,1,0,16.33004762069832,202101,0.0,0.0
1800003675,C000085,2021-01-28,2021-03-29,85837.83,Manufacturing,West,NT60,Low,CLEARED,11.36022674720237,60,4,4,0.0,0.0,0,85837.83,1,1,3,0,0.0,0.0,0.0,1.0,0.0,0.0645730706396699,60,1,0,16.33004762069832,202101,1.0,16.0
1800002644,C000058,2021-01-28,2021-03-29,214904.26,Energy,Midwest,NT60,Medium,CLEARED,12.277952558831755,60,1,1,1.0,0.5,2,170978.695,1,1,3,0,1.0,0.0,202364.33,1.2569066572885002,341957.39,0.16699963485387206,60,1,0,16.33004762069832,202101,1.0,1.0
1800004523,C000043,2021-01-28,2021-03-29,31567.78,Healthcare,Midwest,NT60,Low,CLEARED,10.359923936522781,60,2,1,0.0,0.0,0,31567.78,1,1,3,0,0.0,0.0,0.0,1.0,0.0,0.016469263334441795,60,1,0,16.33004762069832,202101,1.0,5.0
1800000352,C000079,2021-01-28,2021-03-14,198680.88,Manufacturing,Midwest,NT45,Low,CLEARED,12.199460231628702,45,4,1,0.0,0.0,0,198680.88,1,1,3,0,0.0,0.0,0.0,1.0,0.0,0.12557018664502262,45,1,0,16.33004762069832,202101,1.0,12.0
1800004522,C000019,2021-01-29,2021-02-12,247674.67,Logistics,Northeast,NT14,High,CLEARED,12.41987538699554,14,3,2,18.0,1.0,1,19417.32,1,1,4,0,18.0,0.0,19417.32,12.75534780288938,19417.32,0.15532528340387633,14,1,0,16.33004762069832,202101,1.0,4.0
1800001326,C000079,2021-01-29,2021-03-15,55239.65,Manufacturing,Midwest,NT45,High,CLEARED,10.919454374289627,45,4,1,12.0,1.0,1,198680.88,1,1,4,0,12.0,0.0,198680.88,0.27803203811056204,198680.88,0.03491253491883931,45,1,0,16.33004762069832,202101,1.0,10.0
1800004026,C000085,2021-01-29,2021-03-30,122254.9,Manufacturing,West,NT60,High,CLEARED,11.71387166793125,60,4,4,16.0,1.0,1,85837.83,1,1,4,0,16.0,0.0,85837.83,1.4242543177058413,85837.83,0.09196847466607415,60,1,0,16.33004762069832,202101,1.0,7.0
1800001886,C000089,2021-01-29,2021-03-30,78469.65,Logistics,International,NT60,High,CLEARED,11.270479948507626,60,3,0,16.5,1.0,2,122185.755,1,1,4,0,16.5,0.0,158939.27,0.6422160259188969,244371.51,0.08895328574747755,60,1,0,16.33004762069832,202101,1.0,29.0
1800001986,C000116,2021-01-30,2021-03-16,170248.38,Manufacturing,Midwest,NT45,High,CLEARED,12.04501958230175,45,4,1,15.0,1.0,1,148857.79,1,1,5,0,15.0,0.0,148857.79,1.143698156475385,148857.79,0.28665682376266755,45,1,0,16.33004762069832,202101,1.0,4.0
1800002169,C000018,2021-01-30,2021-03-16,85236.86,Manufacturing,Northeast,NT45,Low,CLEARED,11.35320098031317,45,4,2,0.0,0.0,0,85236.86,1,1,5,0,0.0,0.0,0.0,1.0,0.0,0.0841965376839615,45,1,0,16.33004762069832,202101,1.0,4.0
1800000941,C000057,2021-01-30,2021-03-01,125326.07,Manufacturing,Midwest,NT30,Low,CLEARED,11.738682159050954,30,4,1,0.0,0.0,0,125326.07,1,1,5,0,0.0,0.0,0.0,1.0,0.0,0.09739631202930278,30,1,0,16.33004762069832,202101,1.0,2.0
1800000545,C000068,2021-01-30,2021-03-16,75061.03,Manufacturing,Northeast,NT45,High,CLEARED,11.226070117353943,45,4,2,2.0,1.0,1,48066.23,1,1,5,0,2.0,0.0,48066.23,1.5616167525516353,48066.23,0.05613866661696576,45,1,0,16.33004762069832,202101,1.0,3.0
1800001779,C000034,2021-01-30,2021-03-01,165843.04,Logistics,Midwest,NT30,High,CLEARED,12.018803107642656,30,3,1,3.0,1.0,1,39143.21,1,1,5,0,3.0,0.0,39143.21,4.236827792099831,39143.21,0.3545459476091858,30,1,0,16.33004762069832,202101,1.0,4.0
1800003007,C000168,2021-01-30,2021-03-31,50482.18,Construction,South,NT60,Low,CLEARED,10.82939549047662,60,0,3,0.0,0.0,0,50482.18,1,1,5,0,0.0,0.0,0.0,1.0,0.0,0.631597108491136,60,1,0,16.33004762069832,202101,0.0,-2.0
1800002319,C000060,2021-01-31,2021-04-01,239218.79,Logistics,International,NT60,Low,CLEARED,12.385138031750047,60,3,0,0.0,0.0,0,239218.79,1,1,6,0,0.0,0.0,0.0,1.0,0.0,0.2091496775846376,60,1,0,16.33004762069832,202101,1.0,3.0
1800002766,C000151,2021-01-31,2021-04-01,218312.88,Energy,International,NT60,Low,CLEARED,12.293689122743066,60,1,0,0.0,0.0,0,218312.88,1,1,6,0,0.0,0.0,0.0,1.0,0.0,0.9846483303460364,60,1,0,16.33004762069832,202101,1.0,11.0
1800002413,C000120,2021-02-01,2021-03-03,139962.97,Manufacturing,South,NT30,High,CLEARED,11.849140311326552,30,4,3,6.0,1.0,1,183368.2,2,1,0,0,6.0,0.0,183368.2,0.7632892180868874,183368.2,0.16612128466996096,30,0,1,16.351362515391127,202102,1.0,1.0
1800000663,C000052,2021-02-01,2021-02-15,48873.78,Construction,South,NT14,Low,CLEARED,10.797016795998763,14,0,3,0.0,0.0,0,48873.78,2,1,0,0,0.0,0.0,0.0,1.0,0.0,0.0471538367321204,14,0,1,16.351362515391127,202102,1.0,45.0
1800002919,C000188,2021-02-01,2021-03-18,135377.36,Construction,International,NT45,Low,CLEARED,11.81582880393988,45,0,0,0.0,0.0,1,73262.79,2,1,0,0,0.0,0.0,73262.79,1.8478324399057147,73262.79,0.08109237306446511,45,0,1,16.351362515391127,202102,0.0,0.0
1800004531,C000059,2021-02-02,2021-02-16,161313.96,Retail,South,NT14,Low,CLEARED,11.991114006247829,14,5,3,0.0,0.0,0,161313.96,2,1,1,0,0.0,0.0,0.0,1.0,0.0,0.12482015517694688,14,0,0,16.351362515391127,202102,1.0,11.0
1800003929,C000127,2021-02-03,2021-05-04,166486.85,Retail,International,NT90,Low,CLEARED,12.022677612767005,90,5,0,0.0,0.0,0,166486.85,2,1,2,0,0.0,0.0,0.0,1.0,0.0,0.09947677595769629,90,0,0,16.351362515391127,202102,1.0,15.0
1800002411,C000192,2021-02-03,2021-04-04,14512.75,Logistics,Midwest,NT60,High,CLEARED,9.582851754941215,60,3,1,3.0,1.0,2,92191.725,2,1,2,0,3.0,0.0,128404.95,0.15741922607479142,184383.45,0.010662793326003532,60,0,0,16.351362515391127,202102,1.0,4.0
1800000337,C000053,2021-02-04,2021-03-21,174321.93,Manufacturing,South,NT45,Low,CLEARED,12.06866477764613,45,4,3,0.0,0.0,0,174321.93,2,1,3,0,0.0,0.0,0.0,1.0,0.0,0.2877903537181971,45,0,0,16.351362515391127,202102,0.0,-1.0
1800003940,C000019,2021-02-04,2021-02-18,135492.05,Logistics,Northeast,NT14,High,CLEARED,11.816675626473522,14,3,2,11.0,1.0,2,133545.995,2,1,3,0,11.0,0.0,247674.67,1.0145721704346131,267091.99,0.08497171335777769,14,0,0,16.351362515391127,202102,1.0,7.0
1800002130,C000097,2021-02-04,2021-04-05,219740.41,Construction,West,NT60,Medium,CLEARED,12.300206724908536,60,0,4,-1.0,0.5,2,95480.315,2,1,3,0,-1.0,0.0,114821.29,2.301421083497682,190960.63,0.14821923228031053,60,0,0,16.351362515391127,202102,0.0,-5.0
1800002155,C000015,2021-02-04,2021-02-18,33533.18,Construction,Northeast,NT14,Low,CLEARED,10.420320496169873,14,0,2,0.0,0.0,0,33533.18,2,1,3,0,0.0,0.0,0.0,1.0,0.0,0.05053055288849959,14,0,0,16.351362515391127,202102,1.0,9.0
1800001167,C000154,2021-02-05,2021-04-06,240470.24,Manufacturing,South,NT60,Low,CLEARED,12.390355777177609,60,4,3,0.0,0.0,0,240470.24,2,1,4,0,0.0,0.0,0.0,1.0,0.0,0.21451819361712887,60,0,0,16.351362515391127,202102,1.0,17.0
1800002283,C000006,2021-02-05,2021-03-22,81272.97,Energy,South,NT45,Low,CLEARED,11.305581072068117,45,1,3,0.0,0.0,0,81272.97,2,1,4,0,0.0,0.0,0.0,1.0,0.0,0.3406287331526018,45,0,0,16.351362515391127,202102,1.0,5.0
1800001781,C000153,2021-02-05,2021-04-06,50719.03,Manufacturing,South,NT60,Low,CLEARED,10.834076180593582,60,4,3,0.0,0.0,0,50719.03,2,1,4,0,0.0,0.0,0.0,1.0,0.0,0.06713575229186873,60,0,0,16.351362515391127,202102,0.0,-2.0
1800002837,C000042,2021-02-05,2021-04-06,172945.25,Manufacturing,South,NT60,High,CLEARED,12.06073613156303,60,4,3,1.0,1.0,1,227023.8,2,1,4,0,1.0,0.0,227023.8,0.7617934771596635,227023.8,3.190695753130962,60,0,0,16.351362515391127,202102,1.0,4.0
1800002747,C000170,2021-02-05,2021-02-19,248555.31,Logistics,Midwest,NT14,High,CLEARED,12.423424698446595,14,3,1,12.5,1.0,2,138989.84,2,1,4,0,12.5,0.0,173883.68,1.788298410876651,277979.68,0.3142219346547886,14,0,0,16.351362515391127,202102,1.0,1.0
1800003420,C000189,2021-02-07,2021-04-08,173237.64,Logistics,Midwest,NT60,Low,CLEARED,12.062425344916774,60,3,1,-2.0,0.0,1,101856.81,2,1,6,0,-2.0,0.0,101856.81,1.7007958525306262,101856.81,0.10705222967391172,60,0,0,16.351362515391127,202102,1.0,3.0
1800003511,C000003,2021-02-07,2021-03-09,45796.9,Construction,International,NT30,Low,CLEARED,10.731993517522678,30,0,0,0.0,0.0,0,45796.9,2,1,6,0,0.0,0.0,0.0,1.0,0.0,0.04001728828921302,30,0,0,16.351362515391127,202102,0.0,-1.0
1800001373,C000143,2021-02-07,2021-05-08,220366.26,Healthcare,Midwest,NT90,Low,CLEARED,12.303050797132162,90,2,1,-1.0,0.0,1,45383.85,2,1,6,0,-1.0,0.0,45383.85,4.8556096496881604,45383.85,0.22860494444879226,90,0,0,16.351362515391127,202102,1.0,4.0
1800002954,C000130,2021-02-07,2021-04-08,71884.54,Energy,South,NT60,Low,CLEARED,11.182830410826808,60,1,3,0.0,0.0,0,71884.54,2,1,6,0,0.0,0.0,0.0,1.0,0.0,0.11892323564790351,60,0,0,16.351362515391127,202102,0.0,0.0
1800000567,C000148,2021-02-07,2021-03-24,144844.07,Construction,Northeast,NT45,Low,CLEARED,11.883419967409449,45,0,2,0.0,0.0,0,144844.07,2,1,6,0,0.0,0.0,0.0,1.0,0.0,0.11247140345054807,45,0,0,16.351362515391127,202102,1.0,20.0
1800004036,C000165,2021-02-08,2021-04-09,52333.89,Retail,South,NT60,Low,CLEARED,10.865418540442885,60,5,3,0.0,0.0,1,46584.02,2,1,0,0,0.0,0.0,46584.02,1.1234300946977096,46584.02,0.05382463374174791,60,0,1,16.351362515391127,202102,1.0,8.0
1800000950,C000127,2021-02-08,2021-05-09,198948.9,Retail,International,NT90,High,CLEARED,12.200808313216095,90,5,0,15.0,1.0,1,166486.85,2,1,0,0,15.0,0.0,166486.85,1.1949826667992096,166486.85,0.1188730230185154,90,0,1,16.351362515391127,202102,1.0,10.0
1800004945,C000116,2021-02-08,2021-03-25,207844.11,Manufacturing,Midwest,NT45,High,CLEARED,12.24454841782236,45,4,1,9.5,1.0,2,159553.08500000002,2,1,0,0,9.5,0.0,170248.38,1.3026643138865035,319106.17000000004,0.34995888013958476,45,0,1,16.351362515391127,202102,1.0,28.0
1800003900,C000085,2021-02-08,2021-04-09,107318.87,Manufacturing,West,NT60,High,CLEARED,11.583569093208226,60,4,4,11.5,1.0,2,104046.36499999999,2,1,0,0,11.5,0.0,122254.9,1.0314523722188662,208092.72999999998,0.0807325741282084,60,0,1,16.351362515391127,202102,1.0,9.0
1800003060,C000001,2021-02-08,2021-02-22,159868.49,Manufacturing,Midwest,NT14,Low,CLEARED,11.9821130738619,14,4,1,0.0,0.0,0,159868.49,2,1,0,0,0.0,0.0,0.0,1.0,0.0,0.49633345602854473,14,0,1,16.351362515391127,202102,1.0,18.0
1800004645,C000107,2021-02-09,2021-04-10,199117.29,Retail,Midwest,NT60,Low,CLEARED,12.20165434921834,60,5,1,0.0,0.0,0,199117.29,2,1,1,0,0.0,0.0,0.0,1.0,0.0,0.16168801105489425,60,0,0,16.351362515391127,202102,1.0,18.0
1800001633,C000024,2021-02-09,2021-03-26,90418.92,Construction,International,NT45,High,CLEARED,11.412219876088196,45,0,0,33.0,1.0,1,249295.78,2,1,1,0,33.0,0.0,249295.78,0.36269735492514155,249295.78,0.2597971816582378,45,0,0,16.351362515391127,202102,1.0,18.0
1800000176,C000170,2021-02-09,2021-02-23,22944.34,Logistics,Midwest,NT14,High,CLEARED,10.040870144762295,14,3,1,8.666666666666666,1.0,3,175511.66333333333,2,1,1,0,8.666666666666666,0.0,248555.31,0.13072829215015702,526534.99,0.029006078784545992,14,0,0,16.351362515391127,202102,1.0,7.0
1800001583,C000171,2021-02-09,2021-04-10,247678.48,Energy,International,NT60,Low,CLEARED,12.41989076989809,60,1,0,0.0,0.0,0,247678.48,2,1,1,0,0.0,0.0,0.0,1.0,0.0,1.3503318004981562,60,0,0,16.351362515391127,202102,1.0,3.0
1800004927,C000162,2021-02-10,2021-03-27,146303.3,Construction,International,NT45,Low,CLEARED,11.89344397823726,45,0,0,0.0,0.0,0,146303.3,2,1,2,0,0.0,0.0,0.0,1.0,0.0,0.14560459016526572,45,0,0,16.351362515391127,202102,0.0,-3.0
1800000320,C000017,2021-02-10,2021-05-11,37689.82,Logistics,Midwest,NT90,Low,CLEARED,10.53717184245858,90,3,1,0.0,0.0,0,37689.82,2,1,2,0,0.0,0.0,0.0,1.0,0.0,0.04256591785680518,90,0,0,16.351362515391127,202102,1.0,9.0
1800004671,C000019,2021-02-10,2021-02-24,91704.39,Logistics,Northeast,NT14,High,CLEARED,11.426336435143115,14,3,2,9.666666666666666,1.0,3,134194.68000000002,2,1,2,0,9.666666666666666,0.0,247674.67,0.6833682974615684,402584.04000000004,0.05751096939436561,14,0,0,16.351362515391127,202102,1.0,18.0
1800001185,C000061,2021-02-11,2021-03-13,44438.85,Energy,International,NT30,Low,CLEARED,10.701891868410335,30,1,0,0.0,0.0,0,44438.85,2,1,3,0,0.0,0.0,0.0,1.0,0.0,0.03747287962963627,30,0,0,16.351362515391127,202102,1.0,2.0
1800000006,C000116,2021-02-11,2021-03-28,31417.77,Manufacturing,Midwest,NT45,High,CLEARED,10.355160764003244,45,4,1,15.666666666666666,1.0,3,175650.09333333335,2,1,3,0,15.666666666666666,0.0,207844.11,0.17886566072229812,526950.28,0.05289987580443364,45,0,0,16.351362515391127,202102,1.0,22.0
1800000781,C000076,2021-02-11,2021-03-28,137759.39,Retail,International,NT45,Low,CLEARED,11.833271150668004,45,5,0,0.0,0.0,0,137759.39,2,1,3,0,0.0,0.0,0.0,1.0,0.0,0.16276570931468115,45,0,0,16.351362515391127,202102,1.0,2.0
1800004892,C000119,2021-02-11,2021-03-28,208866.21,Logistics,International,NT45,High,CLEARED,12.249453970169304,45,3,0,3.0,1.0,1,166458.9,2,1,3,0,3.0,0.0,166458.9,1.2547614456181075,166458.9,0.18421907888789174,45,0,0,16.351362515391127,202102,1.0,5.0
1800003484,C000015,2021-02-11,2021-02-25,75524.33,Construction,Northeast,NT14,High,CLEARED,11.232223375659428,14,0,2,9.0,1.0,1,33533.18,2,1,3,0,9.0,0.0,33533.18,2.252226898850631,33533.18,0.11380627042927323,14,0,0,16.351362515391127,202102,1.0,3.0
1800000043,C000146,2021-02-11,2021-03-13,236408.5,Construction,International,NT30,Low,CLEARED,12.373320749831851,30,0,0,0.0,0.0,0,236408.5,2,1,3,0,0.0,0.0,0.0,1.0,0.0,0.11825354931344102,30,0,0,16.351362515391127,202102,0.0,-1.0
1800003032,C000144,2021-02-12,2021-04-13,198075.09,Construction,Midwest,NT60,High,CLEARED,12.19640652878435,60,0,1,3.0,1.0,1,161864.62,2,1,4,0,3.0,0.0,161864.62,1.2237083681412282,161864.62,0.19555233194235785,60,0,0,16.351362515391127,202102,0.0,-1.0
1800004805,C000048,2021-02-12,2021-02-26,211893.15,Manufacturing,International,NT14,Low,CLEARED,12.263842136513338,14,4,0,0.0,0.0,0,211893.15,2,1,4,0,0.0,0.0,0.0,1.0,0.0,0.17521788312175923,14,0,0,16.351362515391127,202102,1.0,4.0
1800000425,C000029,2021-02-12,2021-03-29,20937.16,Construction,International,NT45,Low,CLEARED,9.949328610458663,45,0,0,0.0,0.0,0,20937.16,2,1,4,0,0.0,0.0,0.0,1.0,0.0,0.010845416635925616,45,0,0,16.351362515391127,202102,1.0,2.0
1800003653,C000062,2021-02-12,2021-03-14,175204.04,Retail,South,NT30,Low,CLEARED,12.073712224193951,30,5,3,0.0,0.0,0,175204.04,2,1,4,0,0.0,0.0,0.0,1.0,0.0,0.0971728725995956,30,0,0,16.351362515391127,202102,1.0,7.0
1800002561,C000174,2021-02-12,2021-03-29,122228.53,Retail,South,NT45,High,CLEARED,11.713655949554065,45,5,3,2.0,1.0,1,80734.26,2,1,4,0,2.0,0.0,80734.26,1.5139611114290266,80734.26,0.15651459734819875,45,0,0,16.351362515391127,202102,1.0,4.0
1800000391,C000075,2021-02-13,2021-03-30,16712.03,Retail,International,NT45,High,CLEARED,9.723943933697187,45,5,0,11.5,1.0,2,84654.59,2,1,5,0,11.5,0.0,148537.36,0.19741433984855397,169309.18,0.009809660526013338,45,0,0,16.351362515391127,202102,1.0,17.0
1800004470,C000028,2021-02-13,2021-05-14,55032.52,Manufacturing,Northeast,NT90,Low,CLEARED,10.915697733118064,90,4,2,0.0,0.0,0,55032.52,2,1,5,0,0.0,0.0,0.0,1.0,0.0,0.0563395617758809,90,0,0,16.351362515391127,202102,1.0,31.0
1800004038,C000167,2021-02-13,2021-02-27,131248.63,Construction,Northeast,NT14,Low,CLEARED,11.784856361402278,14,0,2,0.0,0.0,0,131248.63,2,1,5,0,0.0,0.0,0.0,1.0,0.0,0.1881998481566267,14,0,0,16.351362515391127,202102,1.0,5.0
1800002285,C000108,2021-02-13,2021-02-27,143088.91,Retail,Northeast,NT14,Low,CLEARED,11.871228452925811,14,5,2,0.0,0.0,0,143088.91,2,1,5,0,0.0,0.0,0.0,1.0,0.0,0.1214228040348047,14,0,0,16.351362515391127,202102,1.0,46.0
1800003575,C000096,2021-02-13,2021-05-14,54818.83,Healthcare,West,NT90,High,CLEARED,10.911807268793961,90,2,4,1.0,1.0,1,6193.28,2,1,5,0,1.0,0.0,6193.28,8.851340485171026,6193.28,0.02903007357925035,90,0,0,16.351362515391127,202102,0.0,0.0
1800004882,C000012,2021-02-13,2021-02-27,126432.93,Logistics,International,NT14,Low,CLEARED,11.74747515821736,14,3,0,0.0,0.0,0,126432.93,2,1,5,0,0.0,0.0,0.0,1.0,0.0,0.11582638797252506,14,0,0,16.351362515391127,202102,0.0,0.0
1800004885,C000012,2021-02-14,2021-02-28,33847.96,Logistics,International,NT14,Low,CLEARED,10.429663554087048,14,3,0,0.0,0.0,1,126432.93,2,1,6,0,0.0,0.0,126432.93,0.26771474804862944,126432.93,0.03100843227344735,14,0,0,16.351362515391127,202102,1.0,5.0
1800003085,C000195,2021-02-15,2021-04-16,209238.58,Logistics,Midwest,NT60,Low,CLEARED,12.251235190218148,60,3,1,0.0,0.0,0,209238.58,2,1,0,0,0.0,0.0,0.0,1.0,0.0,0.753963777783415,60,0,1,16.351362515391127,202102,1.0,33.0
1800001270,C000153,2021-02-16,2021-04-17,112983.35,Manufacturing,South,NT60,Low,CLEARED,11.635004592527858,60,4,3,-2.0,0.0,1,50719.03,2,1,1,0,-2.0,0.0,50719.03,2.227632310791433,50719.03,0.14955377101465678,60,0,0,16.351362515391127,202102,0.0,0.0
1800004762,C000153,2021-02-16,2021-04-17,214554.14,Manufacturing,South,NT60,Low,CLEARED,12.276322047252256,60,4,3,-1.0,0.0,2,81851.19,2,1,1,0,-1.0,0.0,112983.35,2.6212708697332316,163702.38,0.2840009676098878,60,0,0,16.351362515391127,202102,1.0,3.0
1800003579,C000144,2021-02-16,2021-04-17,194669.81,Construction,Midwest,NT60,Medium,CLEARED,12.179065257162323,60,0,1,1.0,0.5,2,179969.85499999998,2,1,1,0,1.0,0.0,198075.09,1.081680095813824,359939.70999999996,0.19219042285567425,60,0,0,16.351362515391127,202102,1.0,7.0
1800000131,C000115,2021-02-17,2021-05-18,14099.6,Healthcare,International,NT90,Low,CLEARED,9.553972628652387,90,2,0,0.0,0.0,0,14099.6,2,1,2,0,0.0,0.0,0.0,1.0,0.0,0.01567719172746495,90,0,0,16.351362515391127,202102,1.0,17.0
1800002798,C000078,2021-02-17,2021-03-19,172613.43,Construction,International,NT30,Low,CLEARED,12.058815657844864,30,0,0,0.0,0.0,0,172613.43,2,1,2,0,0.0,0.0,0.0,1.0,0.0,0.2050414340342156,30,0,0,16.351362515391127,202102,1.0,5.0
1800004963,C000121,2021-02-17,2021-03-19,238023.15,Logistics,West,NT30,High,CLEARED,12.380127418094055,30,3,4,6.0,1.0,1,212940.35,2,1,2,0,6.0,0.0,212940.35,1.11779261187464,212940.35,0.23634472430586945,30,0,0,16.351362515391127,202102,1.0,12.0
1800004061,C000046,2021-02-17,2021-04-18,44904.63,Construction,International,NT60,Low,CLEARED,10.712318455624718,60,0,0,0.0,0.0,1,122916.14,2,1,2,0,0.0,0.0,122916.14,0.36532736872472565,122916.14,0.27905776198367366,60,0,0,16.351362515391127,202102,1.0,2.0
1800004459,C000150,2021-02-18,2021-03-20,88531.88,Healthcare,Midwest,NT30,Low,CLEARED,11.391129287421268,30,2,1,0.0,0.0,0,88531.88,2,1,3,0,0.0,0.0,0.0,1.0,0.0,0.08712356331959964,30,0,0,16.351362515391127,202102,1.0,14.0
1800001817,C000191,2021-02-18,2021-05-19,200312.13,Energy,Midwest,NT90,High,CLEARED,12.207637071177984,90,1,1,8.5,1.0,2,143523.69,2,1,3,0,8.5,0.0,155616.87,1.3956729373387766,287047.38,2.5966884439972424,90,0,0,16.351362515391127,202102,1.0,12.0
1800002391,C000069,2021-02-18,2021-04-04,237104.74,Retail,South,NT45,Low,CLEARED,12.376261480954891,45,5,3,0.0,0.0,0,237104.74,2,1,3,0,0.0,0.0,0.0,1.0,0.0,0.18226356662037194,45,0,0,16.351362515391127,202102,1.0,1.0
1800003594,C000161,2021-02-19,2021-04-20,169502.6,Construction,Midwest,NT60,Low,CLEARED,12.040629444515153,60,0,1,0.0,0.0,0,169502.6,2,1,4,0,0.0,0.0,0.0,1.0,0.0,0.10272439896194314,60,0,0,16.351362515391127,202102,0.0,0.0
1800003366,C000135,2021-02-19,2021-05-20,185849.3,Healthcare,West,NT90,Low,CLEARED,12.1326967899291,90,2,4,0.0,0.0,0,185849.3,2,1,4,0,0.0,0.0,0.0,1.0,0.0,0.2950744794765757,90,0,0,16.351362515391127,202102,0.0,0.0
1800004004,C000009,2021-02-19,2021-04-05,107126.65,Manufacturing,International,NT45,Low,CLEARED,11.581776393050358,45,4,0,0.0,0.0,0,107126.65,2,1,4,0,0.0,0.0,0.0,1.0,0.0,0.5770898248766083,45,0,0,16.351362515391127,202102,1.0,5.0
1800000669,C000069,2021-02-19,2021-04-05,72962.03,Retail,South,NT45,High,CLEARED,11.197708153491146,45,5,3,1.0,1.0,1,237104.74,2,1,4,0,1.0,0.0,237104.74,0.3077206723070994,237104.74,0.056086267257510654,45,0,0,16.351362515391127,202102,1.0,8.0
1800001423,C000161,2021-02-20,2021-04-21,5155.66,Construction,Midwest,NT60,Low,CLEARED,8.548044362073345,60,0,1,0.0,0.0,1,169502.6,2,1,5,0,0.0,0.0,169502.6,0.030416406591993277,169502.6,0.003124507085744595,60,0,0,16.351362515391127,202102,1.0,6.0
1800001654,C000034,2021-02-20,2021-03-22,89346.35,Logistics,Midwest,NT30,High,CLEARED,11.400286861501973,30,3,1,3.5,1.0,2,102493.125,2,1,5,0,3.5,0.0,165843.04,0.8717301770240687,204986.25,0.1910082348114939,30,0,0,16.351362515391127,202102,0.0,-1.0
1800000699,C000125,2021-02-20,2021-03-22,167788.66,Logistics,South,NT30,Low,CLEARED,12.030466450139238,30,3,3,0.0,0.0,0,167788.66,2,1,5,0,0.0,0.0,0.0,1.0,0.0,0.25219299105906406,30,0,0,16.351362515391127,202102,1.0,3.0
1800004742,C000005,2021-02-21,2021-03-07,106521.55,Logistics,Northeast,NT14,High,CLEARED,11.576111978807685,14,3,2,1.0,1.0,1,166371.81,2,1,6,0,1.0,0.0,166371.81,0.6402620131379229,166371.81,0.14929679806616647,14,0,0,16.351362515391127,202102,1.0,19.0
1800000215,C000089,2021-02-21,2021-04-22,216198.26,Logistics,International,NT60,High,CLEARED,12.28395576142468,60,3,0,20.666666666666668,1.0,3,107613.71999999999,2,1,6,0,20.666666666666668,0.0,158939.27,2.0090213404015773,322841.16,0.24508259690068004,60,0,0,16.351362515391127,202102,1.0,17.0
1800001126,C000075,2021-02-21,2021-04-07,199118.55,Retail,International,NT45,High,CLEARED,12.201660677095168,45,5,0,13.333333333333334,1.0,3,62007.07,2,1,6,0,13.333333333333334,0.0,148537.36,3.2112233330812114,186021.21,0.11687900152955764,45,0,0,16.351362515391127,202102,1.0,15.0
1800001368,C000159,2021-02-21,2021-04-22,33911.61,Healthcare,Northeast,NT60,High,CLEARED,10.431542200603651,60,2,2,3.0,1.0,2,107579.655,2,1,6,0,3.0,0.0,166223.73,0.3152232641013768,215159.31,0.1021274569657557,60,0,0,16.351362515391127,202102,1.0,6.0
1800004189,C000162,2021-02-21,2021-04-07,145449.73,Construction,International,NT45,Low,CLEARED,11.887592682817594,45,0,0,-3.0,0.0,1,146303.3,2,1,6,0,-3.0,0.0,146303.3,0.9941657501915543,146303.3,0.1447550966129852,45,0,0,16.351362515391127,202102,0.0,0.0
1800004269,C000161,2021-02-22,2021-04-23,101736.02,Construction,Midwest,NT60,Medium,CLEARED,11.53014652759984,60,0,1,3.0,0.5,2,87329.13,2,1,0,0,3.0,0.0,169502.6,1.1649723293934109,174658.26,0.061655523321059544,60,0,1,16.351362515391127,202102,1.0,4.0
1800000739,C000192,2021-02-22,2021-04-23,117537.17,Logistics,Midwest,NT60,High,CLEARED,11.674518410877498,60,3,1,3.3333333333333335,1.0,3,66298.73333333334,2,1,0,0,3.3333333333333335,0.0,128404.95,1.7728418642487889,198896.2,0.08635679329095743,60,0,1,16.351362515391127,202102,0.0,0.0
1800000457,C000010,2021-02-22,2021-04-08,63153.3,Manufacturing,South,NT45,Low,CLEARED,11.053336217305306,45,4,3,0.0,0.0,0,63153.3,2,1,0,0,0.0,0.0,0.0,1.0,0.0,0.07981498652239871,45,0,1,16.351362515391127,202102,1.0,15.0
1800001214,C000172,2021-02-22,2021-04-08,154723.31,Logistics,Northeast,NT45,Low,CLEARED,11.949400167072655,45,3,2,0.0,0.0,0,154723.31,2,1,0,0,0.0,0.0,0.0,1.0,0.0,0.17263518207651335,45,0,1,16.351362515391127,202102,1.0,14.0
1800004715,C000080,2021-02-22,2021-04-08,28871.16,Healthcare,West,NT45,Low,CLEARED,10.270633088008571,45,2,4,0.0,0.0,0,28871.16,2,1,0,0,0.0,0.0,0.0,1.0,0.0,0.02111278093879872,45,0,1,16.351362515391127,202102,1.0,8.0
1800002338,C000200,2021-02-22,2021-04-08,44274.99,Healthcare,Northeast,NT45,Low,CLEARED,10.698197822649496,45,2,2,0.0,0.0,0,44274.99,2,1,0,0,0.0,0.0,0.0,1.0,0.0,0.02325877031297481,45,0,1,16.351362515391127,202102,1.0,1.0
1800004650,C000119,2021-02-22,2021-04-08,135446.95,Logistics,International,NT45,High,CLEARED,11.816342712662644,45,3,0,4.0,1.0,2,187662.555,2,1,0,0,4.0,0.0,208866.21,0.7217579980193706,375325.11,0.11946361437388235,45,0,1,16.351362515391127,202102,1.0,6.0
1800000373,C000031,2021-02-22,2021-05-23,159282.03,Energy,West,NT90,Low,CLEARED,11.97843796166111,90,1,4,0.0,0.0,0,159282.03,2,1,0,0,0.0,0.0,0.0,1.0,0.0,0.3262907489250293,90,0,1,16.351362515391127,202102,1.0,1.0
1800003521,C000132,2021-02-23,2021-03-09,249747.76,Healthcare,West,NT14,Low,CLEARED,12.42821073153351,14,2,4,0.0,0.0,1,180885.57,2,1,1,0,0.0,0.0,180885.57,1.380694767415665,180885.57,0.21251669281475086,14,0,0,16.351362515391127,202102,0.0,0.0
1800002304,C000063,2021-02-23,2021-03-09,74490.0,Manufacturing,Midwest,NT14,High,CLEARED,11.218433591700967,14,4,1,6.5,1.0,2,142773.88,2,1,1,0,6.5,0.0,171658.17,0.5217340874955559,285547.76,0.13882288739715734,14,0,0,16.351362515391127,202102,1.0,16.0
1800002173,C000008,2021-02-23,2021-04-24,62895.67,Construction,South,NT60,Low,CLEARED,11.049248500110627,60,0,3,0.0,0.0,0,62895.67,2,1,1,0,0.0,0.0,0.0,1.0,0.0,0.03772218260820489,60,0,0,16.351362515391127,202102,1.0,3.0
1800002153,C000139,2021-02-24,2021-05-25,209795.58,Retail,West,NT90,Low,CLEARED,12.253893673572192,90,5,4,0.0,0.0,1,104730.11,2,1,2,0,0.0,0.0,104730.11,2.0032021354699237,104730.11,0.41843739420421283,90,0,0,16.351362515391127,202102,0.0,-1.0
1800000175,C000010,2021-02-24,2021-04-10,230022.67,Manufacturing,South,NT45,High,CLEARED,12.345937495653628,45,4,3,15.0,1.0,1,63153.3,2,1,2,0,15.0,0.0,63153.3,3.64229058497339,63153.3,0.2907093739503108,45,0,0,16.351362515391127,202102,1.0,22.0
1800000583,C000009,2021-02-24,2021-04-10,134636.0,Manufacturing,International,NT45,High,CLEARED,11.81033754697652,45,4,0,5.0,1.0,1,107126.65,2,1,2,0,5.0,0.0,107126.65,1.256792777520813,107126.65,0.7252823238856722,45,0,0,16.351362515391127,202102,1.0,13.0
1800003529,C000039,2021-02-24,2021-03-26,77635.36,Manufacturing,West,NT30,Low,CLEARED,11.259791153133929,30,4,4,0.0,0.0,0,77635.36,2,1,2,0,0.0,0.0,0.0,1.0,0.0,0.08153906473997373,30,0,0,16.351362515391127,202102,0.0,-3.0
1800001432,C000132,2021-02-24,2021-03-10,175750.85,Healthcare,West,NT14,Low,CLEARED,12.0768283359333,14,2,4,0.0,0.0,2,215316.665,2,1,2,0,0.0,0.0,249747.76,0.8162436010236365,430633.33,0.1495508484295569,14,0,0,16.351362515391127,202102,1.0,4.0
1800004704,C000038,2021-02-24,2021-04-25,215036.42,Energy,Midwest,NT60,Low,CLEARED,12.27856733847709,60,1,1,0.0,0.0,0,215036.42,2,1,2,0,0.0,0.0,0.0,1.0,0.0,0.5076395068713777,60,0,0,16.351362515391127,202102,0.0,0.0
1800000331,C000058,2021-02-24,2021-04-25,232775.65,Energy,Midwest,NT60,High,CLEARED,12.357834689121685,60,1,1,1.0,0.6666666666666666,3,185620.55000000002,2,1,2,0,1.0,0.0,214904.26,1.2540402988785453,556861.65,0.18088728698478437,60,0,0,16.351362515391127,202102,1.0,1.0
1800001659,C000065,2021-02-24,2021-03-26,174709.01,Healthcare,Northeast,NT30,High,CLEARED,12.070882792706197,30,2,2,41.0,1.0,1,199356.63,2,1,2,0,41.0,0.0,199356.63,0.8763641821192504,199356.63,0.4370420816298973,30,0,0,16.351362515391127,202102,1.0,31.0
1800000274,C000067,2021-02-25,2021-03-11,20214.11,Manufacturing,West,NT14,Low,CLEARED,9.9141856235639,14,4,4,0.0,0.0,1,217140.81,2,1,3,0,0.0,0.0,217140.81,0.09309217369134803,217140.81,0.01230808617254993,14,1,0,16.351362515391127,202102,1.0,3.0
1800001965,C000133,2021-02-25,2021-03-27,9794.43,Construction,Northeast,NT30,Low,CLEARED,9.18967122936402,30,0,2,0.0,0.0,0,9794.43,2,1,3,0,0.0,0.0,0.0,1.0,0.0,0.04532301922830513,30,1,0,16.351362515391127,202102,0.0,-4.0
1800003718,C000027,2021-02-25,2021-03-11,246618.99,Logistics,South,NT14,Low,CLEARED,12.415603928876308,14,3,3,0.0,0.0,0,246618.99,2,1,3,0,0.0,0.0,0.0,1.0,0.0,0.1502633299175125,14,1,0,16.351362515391127,202102,1.0,15.0
1800001392,C000068,2021-02-25,2021-04-11,79311.41,Manufacturing,Northeast,NT45,High,CLEARED,11.281149889704327,45,4,2,2.5,1.0,2,61563.630000000005,2,1,3,0,2.5,0.0,75061.03,1.2882835206436007,123127.26000000001,0.05931755539341099,45,1,0,16.351362515391127,202102,1.0,3.0
1800002970,C000144,2021-02-25,2021-04-26,179083.79,Construction,Midwest,NT60,High,CLEARED,12.095614659819388,60,0,1,3.0,0.6666666666666666,3,184869.84,2,1,3,0,3.0,0.0,198075.09,0.9687020338201191,554609.52,0.17680291220655514,60,1,0,16.351362515391127,202102,0.0,0.0
1800000077,C000172,2021-02-25,2021-04-11,107264.24,Logistics,Northeast,NT45,High,CLEARED,11.58305992459741,45,3,2,14.0,1.0,1,154723.31,2,1,3,0,14.0,0.0,154723.31,0.6932648997749596,154723.31,0.11968191219990593,45,1,0,16.351362515391127,202102,1.0,18.0
1800004069,C000178,2021-02-26,2021-03-12,11786.05,Retail,West,NT14,Low,CLEARED,9.374756750179055,14,5,4,0.0,0.0,0,11786.05,2,1,4,0,0.0,0.0,0.0,1.0,0.0,0.010562241426811706,14,1,0,16.351362515391127,202102,1.0,6.0
1800004658,C000027,2021-02-26,2021-03-12,215814.74,Logistics,South,NT14,High,CLEARED,12.2821802670518,14,3,3,15.0,1.0,1,246618.99,2,1,4,0,15.0,0.0,246618.99,0.8750937630553105,246618.99,0.13149450282673764,14,1,0,16.351362515391127,202102,1.0,8.0
1800003773,C000066,2021-02-26,2021-04-27,36379.78,Retail,Northeast,NT60,Low,CLEARED,10.501795892194114,60,5,2,0.0,0.0,0,36379.78,2,1,4,0,0.0,0.0,0.0,1.0,0.0,0.02294703689043592,60,1,0,16.351362515391127,202102,1.0,15.0
1800001529,C000155,2021-02-26,2021-04-27,1364.05,Energy,West,NT60,High,CLEARED,7.218946336984827,60,1,4,44.0,1.0,1,75292.38,2,1,4,0,44.0,0.0,75292.38,0.018116707162132473,75292.38,0.0007003617703180094,60,1,0,16.351362515391127,202102,1.0,12.0
1800002459,C000045,2021-02-27,2021-05-28,208852.34,Energy,International,NT90,Low,CLEARED,12.249387562136445,90,1,0,0.0,0.0,0,208852.34,2,1,5,0,0.0,0.0,0.0,1.0,0.0,0.31571135963757196,90,1,0,16.351362515391127,202102,1.0,9.0
1800001296,C000100,2021-02-28,2021-05-29,196637.07,Energy,International,NT90,Low,CLEARED,12.189120109861541,90,1,0,-2.0,0.0,1,18732.72,2,1,6,0,-2.0,0.0,18732.72,10.496984420842248,18732.72,0.163293933185395,90,1,0,16.351362515391127,202102,1.0,61.0
1800003800,C000080,2021-02-28,2021-04-14,141362.86,Healthcare,West,NT45,High,CLEARED,11.859092412789419,45,2,4,8.0,1.0,1,28871.16,2,1,6,0,8.0,0.0,28871.16,4.896334612118113,28871.16,0.10337524006870773,45,1,0,16.351362515391127,202102,1.0,7.0
1800001568,C000152,2021-03-01,2021-03-15,52701.42,Construction,West,NT14,Low,CLEARED,10.872416653778755,14,0,4,0.0,0.0,0,52701.42,3,1,0,1,0.0,0.0,0.0,1.0,0.0,0.039552632008512216,14,0,1,15.781075312156545,202103,1.0,7.0
1800000684,C000043,2021-03-01,2021-04-30,73322.71,Healthcare,Midwest,NT60,High,CLEARED,11.202639300782609,60,2,1,5.0,1.0,1,31567.78,3,1,0,1,5.0,0.0,31567.78,2.3227072033573477,31567.78,0.03825327658089701,60,0,1,15.781075312156545,202103,1.0,3.0
1800000929,C000190,2021-03-02,2021-03-16,117903.12,Manufacturing,Northeast,NT14,Low,CLEARED,11.677627030783437,14,4,2,0.0,0.0,0,117903.12,3,1,1,1,0.0,0.0,0.0,1.0,0.0,0.08063281254600231,14,0,0,15.781075312156545,202103,0.0,-1.0
1800002892,C000073,2021-03-02,2021-04-01,191484.1,Energy,Midwest,NT30,Low,CLEARED,12.162565277787222,30,1,1,0.0,0.0,0,191484.1,3,1,1,1,0.0,0.0,0.0,1.0,0.0,0.21268634203496706,30,0,0,15.781075312156545,202103,1.0,31.0
1800003767,C000135,2021-03-02,2021-05-31,136995.4,Healthcare,West,NT90,Low,CLEARED,11.827709927092743,90,2,4,0.0,0.0,1,185849.3,3,1,1,1,0.0,0.0,185849.3,0.7371316437565275,185849.3,0.21750873608717,90,0,0,15.781075312156545,202103,0.0,0.0
1800002293,C000057,2021-03-02,2021-04-01,131159.77,Manufacturing,Midwest,NT30,High,CLEARED,11.784179101633637,30,4,1,2.0,1.0,1,125326.07,3,1,1,1,2.0,0.0,125326.07,1.0465481762892588,125326.07,0.10192993273156642,30,0,0,15.781075312156545,202103,1.0,8.0
1800002035,C000154,2021-03-03,2021-05-02,48453.6,Manufacturing,South,NT60,High,CLEARED,10.788382556052541,60,4,3,17.0,1.0,1,240470.24,3,1,2,1,17.0,0.0,240470.24,0.2014952037308234,240470.24,0.0432243871268516,60,0,0,15.781075312156545,202103,1.0,5.0
1800003237,C000116,2021-03-03,2021-04-17,189675.71,Manufacturing,Midwest,NT45,High,CLEARED,12.153076375586751,45,4,1,17.25,1.0,4,139592.0125,3,1,2,1,18.0,0.75,207844.11,1.358786270095504,558368.05,0.31936771776347495,45,0,0,15.781075312156545,202103,1.0,1.0
1800000893,C000018,2021-03-03,2021-04-17,241978.76,Manufacturing,Northeast,NT45,High,CLEARED,12.396609365277472,45,4,2,4.0,1.0,1,85236.86,3,1,2,1,4.0,0.0,85236.86,2.8388981011266723,85236.86,0.2390253909524386,45,0,0,15.781075312156545,202103,1.0,17.0
1800003252,C000178,2021-03-03,2021-03-17,65405.84,Retail,West,NT14,High,CLEARED,11.088382119132397,14,5,4,6.0,1.0,1,11786.05,3,1,2,1,6.0,0.0,11786.05,5.549428349616708,11786.05,0.058614402009444906,14,0,0,15.781075312156545,202103,0.0,-1.0
1800002335,C000052,2021-03-03,2021-03-17,74250.25,Construction,South,NT14,High,CLEARED,11.215209891540074,14,0,3,45.0,1.0,1,48873.78,3,1,2,1,45.0,0.0,48873.78,1.5192246231005664,48873.78,0.07163726983710125,14,0,0,15.781075312156545,202103,1.0,23.0
1800002392,C000012,2021-03-04,2021-03-18,42681.31,Logistics,International,NT14,Medium,CLEARED,10.661539827662395,14,3,0,2.5,0.5,2,80140.44499999999,3,1,3,1,2.5,0.0,126432.93,0.5325813950746093,160280.88999999998,0.03910074670606474,14,0,0,15.781075312156545,202103,1.0,3.0
1800001660,C000039,2021-03-04,2021-04-03,228581.02,Manufacturing,West,NT30,Low,CLEARED,12.339650374581147,30,4,4,-3.0,0.0,1,77635.36,3,1,3,1,-3.0,0.0,77635.36,2.9442900760684303,77635.36,0.24007465912580592,30,0,0,15.781075312156545,202103,1.0,5.0
1800001844,C000128,2021-03-05,2021-04-19,147395.6,Retail,Northeast,NT45,Low,CLEARED,11.900882191985584,45,5,2,0.0,0.0,0,147395.6,3,1,4,1,0.0,0.0,0.0,1.0,0.0,0.10302802029908306,45,0,0,15.781075312156545,202103,1.0,1.0
1800003454,C000193,2021-03-06,2021-04-20,60231.71,Logistics,South,NT45,Low,CLEARED,11.0059708392145,45,3,3,0.0,0.0,0,60231.71,3,1,5,1,0.0,0.0,0.0,1.0,0.0,0.062134268124749314,45,0,0,15.781075312156545,202103,1.0,16.0
1800000913,C000023,2021-03-06,2021-04-20,4818.09,Manufacturing,International,NT45,Low,CLEARED,8.480340392539812,45,4,0,0.0,0.0,0,4818.09,3,1,5,1,0.0,0.0,0.0,1.0,0.0,0.0026333767136421217,45,0,0,15.781075312156545,202103,1.0,1.0
1800003599,C000089,2021-03-06,2021-05-05,131063.87,Logistics,International,NT60,High,CLEARED,11.78344767045646,60,3,0,19.75,1.0,4,134759.85499999998,3,1,5,1,15.666666666666666,-4.083333333333334,216198.26,0.9725735457343733,539039.4199999999,0.1485741542020418,60,0,0,15.781075312156545,202103,1.0,13.0
1800003656,C000138,2021-03-06,2021-04-05,220718.57,Construction,Northeast,NT30,Low,CLEARED,12.304648260719643,30,0,2,0.0,0.0,0,220718.57,3,1,5,1,0.0,0.0,0.0,1.0,0.0,0.6213248503963252,30,0,0,15.781075312156545,202103,0.0,0.0
1800001212,C000134,2021-03-07,2021-06-05,87633.23,Construction,West,NT90,Low,CLEARED,11.380926954024902,90,0,4,0.0,0.0,1,68224.31,3,1,6,1,0.0,0.0,68224.31,1.2844868639932012,68224.31,0.05504791366423286,90,0,0,15.781075312156545,202103,0.0,-1.0
1800003231,C000077,2021-03-08,2021-04-22,111110.32,Manufacturing,International,NT45,High,CLEARED,11.618287860626287,45,4,0,1.0,1.0,1,126585.52,3,1,0,1,1.0,0.0,126585.52,0.8777490506023122,126585.52,0.1277320465055511,45,0,1,15.781075312156545,202103,0.0,0.0
1800002432,C000057,2021-03-08,2021-04-07,165520.07,Manufacturing,Midwest,NT30,High,CLEARED,12.016853776874122,30,4,1,5.0,1.0,2,128242.92,3,1,0,1,5.0,0.0,131159.77,1.2906760856661716,256485.84,0.12863280867924798,30,0,1,15.781075312156545,202103,1.0,3.0
1800001097,C000194,2021-03-08,2021-06-06,84349.32,Construction,Midwest,NT90,Low,CLEARED,11.342733881683575,90,0,1,0.0,0.0,0,84349.32,3,1,0,1,0.0,0.0,0.0,1.0,0.0,0.06424548526540957,90,0,1,15.781075312156545,202103,1.0,18.0
1800003969,C000194,2021-03-08,2021-06-06,122818.91,Construction,Midwest,NT90,High,CLEARED,11.718474415103444,90,0,1,18.0,1.0,1,84349.32,3,1,0,1,18.0,0.0,84349.32,1.4560746903472368,84349.32,0.09354622506403923,90,0,1,15.781075312156545,202103,1.0,9.0
1800001260,C000112,2021-03-09,2021-03-23,205997.42,Logistics,International,NT14,Low,CLEARED,12.235623777839391,14,3,0,0.0,0.0,0,205997.42,3,1,1,1,0.0,0.0,0.0,1.0,0.0,2.758708420821867,14,0,0,15.781075312156545,202103,1.0,4.0
1800001652,C000195,2021-03-09,2021-05-08,55633.48,Logistics,Midwest,NT60,High,CLEARED,10.926558431913808,60,3,1,33.0,1.0,1,209238.58,3,1,1,1,33.0,0.0,209238.58,0.26588538308757403,209238.58,0.20046794789009784,60,0,0,15.781075312156545,202103,1.0,8.0
1800002306,C000004,2021-03-09,2021-06-07,203692.53,Manufacturing,West,NT90,Low,CLEARED,12.22437183931478,90,4,4,0.0,0.0,0,203692.53,3,1,1,1,0.0,0.0,0.0,1.0,0.0,0.1698757004689842,90,0,0,15.781075312156545,202103,1.0,12.0
1800002719,C000169,2021-03-10,2021-04-09,207611.44,Healthcare,South,NT30,Low,CLEARED,12.243428351407273,30,2,3,0.0,0.0,0,207611.44,3,1,2,1,0.0,0.0,0.0,1.0,0.0,0.29233043385965257,30,0,0,15.781075312156545,202103,1.0,2.0
1800004304,C000008,2021-03-10,2021-05-09,111919.06,Construction,South,NT60,High,CLEARED,11.625540145436432,60,0,3,3.0,1.0,1,62895.67,3,1,2,1,3.0,0.0,62895.67,1.7794398247128935,62895.67,0.06712435400813187,60,0,0,15.781075312156545,202103,1.0,3.0
1800001339,C000193,2021-03-10,2021-04-24,214555.25,Logistics,South,NT45,High,CLEARED,12.276327220734135,45,3,3,16.0,1.0,1,60231.71,3,1,2,1,16.0,0.0,60231.71,3.562164348314202,60231.71,0.22133247472257753,45,0,0,15.781075312156545,202103,1.0,13.0
1800000151,C000155,2021-03-10,2021-05-09,82702.47,Energy,West,NT60,High,CLEARED,11.323016839019079,60,1,4,28.0,1.0,2,38328.215000000004,3,1,2,1,28.0,0.0,75292.38,2.1577438448411956,76656.43000000001,0.04246299497736305,60,0,0,15.781075312156545,202103,1.0,36.0
1800000907,C000087,2021-03-11,2021-05-10,190662.41,Construction,South,NT60,Low,CLEARED,12.158264901128373,60,0,3,0.0,0.0,0,190662.41,3,1,3,1,0.0,0.0,0.0,1.0,0.0,0.10367347069276499,60,0,0,15.781075312156545,202103,1.0,12.0
1800002246,C000102,2021-03-11,2021-04-25,113175.64,Healthcare,Northeast,NT45,High,CLEARED,11.636705063031949,45,2,2,5.0,1.0,1,48998.1,3,1,3,1,5.0,0.0,48998.1,2.309796502313355,48998.1,0.15982413978911977,45,0,0,15.781075312156545,202103,1.0,5.0
1800004822,C000034,2021-03-11,2021-04-10,162129.57,Logistics,Midwest,NT30,High,CLEARED,11.996157277235215,30,3,1,2.0,0.6666666666666666,3,98110.86666666665,3,1,3,1,2.0,0.0,165843.04,1.6525138907480859,294332.6,0.34660714149426963,30,0,0,15.781075312156545,202103,0.0,0.0
1800004875,C000017,2021-03-12,2021-06-10,155294.81,Logistics,Midwest,NT90,High,CLEARED,11.953087028734176,90,3,1,9.0,1.0,1,37689.82,3,1,4,1,9.0,0.0,37689.82,4.120338330084888,37689.82,0.17538598290063914,90,0,0,15.781075312156545,202103,1.0,1.0
1800000798,C000136,2021-03-12,2021-05-11,130565.04,Construction,Midwest,NT60,High,CLEARED,11.779634431382771,60,0,1,26.0,1.0,1,36552.09,3,1,4,1,26.0,0.0,36552.09,3.572026661129364,36552.09,0.7797297674176671,60,0,0,15.781075312156545,202103,0.0,-5.0
1800003514,C000127,2021-03-12,2021-06-10,244835.16,Retail,International,NT90,High,CLEARED,12.408344531130204,90,5,0,12.5,1.0,2,182717.875,3,1,4,1,12.5,0.0,198948.9,1.339962825202515,365435.75,0.14629030675928292,90,0,0,15.781075312156545,202103,1.0,15.0
1800001115,C000196,2021-03-13,2021-03-27,148464.53,Healthcare,Midwest,NT14,Low,CLEARED,11.908108089068472,14,2,1,0.0,0.0,0,148464.53,3,1,5,1,0.0,0.0,0.0,1.0,0.0,0.6198305057856319,14,0,0,15.781075312156545,202103,1.0,3.0
1800001434,C000023,2021-03-13,2021-04-27,134604.64,Manufacturing,International,NT45,High,CLEARED,11.810104597246552,45,4,0,1.0,1.0,1,4818.09,3,1,5,1,1.0,0.0,4818.09,27.93734446637568,4818.09,0.0735695523587523,45,0,0,15.781075312156545,202103,1.0,2.0
1800001898,C000187,2021-03-13,2021-04-27,69220.4,Manufacturing,West,NT45,Low,CLEARED,11.145065342353195,45,4,4,0.0,0.0,0,69220.4,3,1,5,1,0.0,0.0,0.0,1.0,0.0,0.22495218818685456,45,0,0,15.781075312156545,202103,1.0,33.0
1800000822,C000092,2021-03-13,2021-04-27,244604.99,Retail,Northeast,NT45,Low,CLEARED,12.40740399089693,45,5,2,0.0,0.0,0,244604.99,3,1,5,1,0.0,0.0,0.0,1.0,0.0,0.3632206177517173,45,0,0,15.781075312156545,202103,1.0,4.0
1800003015,C000144,2021-03-14,2021-05-13,69748.91,Construction,Midwest,NT60,Medium,CLEARED,11.152671409360199,60,0,1,2.25,0.5,4,183423.3275,3,1,6,1,2.0,-0.25,198075.09,0.3802619380569246,733693.31,0.06886056192597284,60,0,0,15.781075312156545,202103,0.0,-1.0
1800002242,C000026,2021-03-14,2021-04-28,104203.12,Manufacturing,Midwest,NT45,High,CLEARED,11.554106946867153,45,4,1,4.0,1.0,1,125697.42,3,1,6,1,4.0,0.0,125697.42,0.828999672387866,125697.42,0.20050644255823089,45,0,0,15.781075312156545,202103,0.0,0.0
1800003720,C000098,2021-03-14,2021-04-13,32761.37,Manufacturing,West,NT30,High,CLEARED,10.397035879672625,30,4,4,17.0,1.0,1,193817.26,3,1,6,1,17.0,0.0,193817.26,0.16903226265813476,193817.26,0.03640637033720546,30,0,0,15.781075312156545,202103,1.0,8.0
1800003734,C000084,2021-03-15,2021-05-14,96009.7,Logistics,West,NT60,Low,CLEARED,11.472214922572288,60,3,4,0.0,0.0,0,96009.7,3,1,0,1,0.0,0.0,0.0,1.0,0.0,0.22372128300234198,60,0,1,15.781075312156545,202103,1.0,13.0
1800004494,C000098,2021-03-15,2021-04-14,176478.0,Manufacturing,West,NT30,High,CLEARED,12.080957168106815,30,4,4,12.5,1.0,2,113289.315,3,1,0,1,12.5,0.0,193817.26,1.5577638544288135,226578.63,0.19611278235218324,30,0,1,15.781075312156545,202103,1.0,14.0
1800001440,C000048,2021-03-15,2021-03-29,202206.96,Manufacturing,International,NT14,High,CLEARED,12.217051951757051,14,4,0,4.0,1.0,1,211893.15,3,1,0,1,4.0,0.0,211893.15,0.9542873849390601,211893.15,0.16720821547882148,14,0,1,15.781075312156545,202103,1.0,2.0
1800004733,C000150,2021-03-16,2021-04-15,36925.2,Healthcare,Midwest,NT30,High,CLEARED,10.516676605178901,30,2,1,14.0,1.0,1,88531.88,3,1,1,1,14.0,0.0,88531.88,0.4170836539334757,88531.88,0.03633781413304315,30,0,0,15.781075312156545,202103,1.0,14.0
1800004819,C000129,2021-03-16,2021-03-30,56897.3,Construction,South,NT14,Low,CLEARED,10.949020742690944,14,0,3,0.0,0.0,0,56897.3,3,1,1,1,0.0,0.0,0.0,1.0,0.0,0.04035372763297376,14,0,0,15.781075312156545,202103,0.0,-3.0
1800002101,C000121,2021-03-16,2021-04-15,233347.96,Logistics,West,NT30,High,CLEARED,12.360290294543518,30,3,4,9.0,1.0,2,225481.75,3,1,1,1,9.0,0.0,238023.15,1.0348862380214807,450963.5,0.23170250151523938,30,0,0,15.781075312156545,202103,1.0,9.0
1800003494,C000028,2021-03-16,2021-06-14,153401.38,Manufacturing,Northeast,NT90,High,CLEARED,11.940819682788417,90,4,2,31.0,1.0,1,55032.52,3,1,1,1,31.0,0.0,55032.52,2.7874678462843425,55032.52,0.1570447169240184,90,0,0,15.781075312156545,202103,1.0,14.0
1800000818,C000041,2021-03-16,2021-03-30,233510.12,Manufacturing,South,NT14,Low,CLEARED,12.360984978083483,14,4,3,0.0,0.0,0,233510.12,3,1,1,1,0.0,0.0,0.0,1.0,0.0,0.27716090948090294,14,0,0,15.781075312156545,202103,1.0,11.0
1800004701,C000075,2021-03-16,2021-04-30,240982.94,Retail,International,NT45,High,CLEARED,12.392485571248166,45,5,0,13.75,1.0,4,96284.94,3,1,1,1,13.666666666666666,-0.08333333333333393,199118.55,2.5028103044982943,385139.76,0.1414526442305717,45,0,0,15.781075312156545,202103,1.0,21.0
1800000435,C000077,2021-03-17,2021-05-01,69364.28,Manufacturing,International,NT45,Medium,CLEARED,11.14714173312457,45,4,0,0.5,0.5,2,118847.92000000001,3,1,2,1,0.5,0.0,126585.52,0.5836389900639405,237695.84000000003,0.07974094070455442,45,0,0,15.781075312156545,202103,0.0,-2.0
1800004845,C000012,2021-03-17,2021-03-31,150420.61,Logistics,International,NT14,High,CLEARED,11.921197363687028,14,3,0,2.6666666666666665,0.6666666666666666,3,67654.06666666667,3,1,2,1,2.6666666666666665,0.0,126432.93,2.2233786882483533,202962.19999999998,0.13780172564951143,14,0,0,15.781075312156545,202103,1.0,2.0
1800004899,C000043,2021-03-17,2021-05-16,78939.57,Healthcare,Midwest,NT60,High,CLEARED,11.276450569864698,60,2,1,4.0,1.0,2,52445.245,3,1,2,1,4.0,0.0,73322.71,1.5051806889261363,104890.49,0.04118365516477883,60,0,0,15.781075312156545,202103,0.0,0.0
1800003863,C000032,2021-03-18,2021-06-16,67504.87,Manufacturing,International,NT90,Low,CLEARED,11.119969836042525,90,4,0,0.0,0.0,0,67504.87,3,1,3,1,0.0,0.0,0.0,1.0,0.0,0.140804140135692,90,0,0,15.781075312156545,202103,1.0,6.0
1800001419,C000006,2021-03-18,2021-05-02,171052.57,Energy,South,NT45,High,CLEARED,12.049732061278277,45,1,3,5.0,1.0,1,81272.97,3,1,3,1,5.0,0.0,81272.97,2.1046673943378718,81272.97,0.7169101882408965,45,0,0,15.781075312156545,202103,0.0,0.0
1800000821,C000118,2021-03-18,2021-05-02,191691.09,Healthcare,Northeast,NT45,Low,CLEARED,12.16364566579327,45,2,2,0.0,0.0,0,191691.09,3,1,3,1,0.0,0.0,0.0,1.0,0.0,0.2583755860626944,45,0,0,15.781075312156545,202103,1.0,4.0
1800004627,C000062,2021-03-18,2021-04-17,109561.79,Retail,South,NT30,High,CLEARED,11.60425308855113,30,5,3,7.0,1.0,1,175204.04,3,1,3,1,7.0,0.0,175204.04,0.6253382627478224,175204.04,0.060765915337646595,30,0,0,15.781075312156545,202103,1.0,3.0
1800004557,C000148,2021-03-19,2021-05-03,86560.3,Construction,Northeast,NT45,High,CLEARED,11.36860811245182,45,0,2,20.0,1.0,1,144844.07,3,1,4,1,20.0,0.0,144844.07,0.5976102438988354,144844.07,0.06721406284772635,45,0,0,15.781075312156545,202103,1.0,10.0
1800003959,C000166,2021-03-19,2021-05-18,174274.69,Logistics,West,NT60,High,CLEARED,12.068393749606551,60,3,4,32.0,1.0,2,193599.91499999998,3,1,4,1,32.0,0.0,236797.87,0.9001795791077699,387199.82999999996,0.08879807456184918,60,0,0,15.781075312156545,202103,1.0,16.0
1800000582,C000138,2021-03-19,2021-04-18,118176.13,Construction,Northeast,NT30,Low,CLEARED,11.67993987961578,30,0,2,0.0,0.0,1,220718.57,3,1,4,1,0.0,0.0,220718.57,0.5354154387643958,220718.57,0.332666917390171,30,0,0,15.781075312156545,202103,1.0,4.0
1800002587,C000040,2021-03-19,2021-04-02,14922.09,Construction,West,NT14,Low,CLEARED,9.610664956872204,14,0,4,0.0,0.0,0,14922.09,3,1,4,1,0.0,0.0,0.0,1.0,0.0,0.10038592038439463,14,0,0,15.781075312156545,202103,1.0,36.0
1800002403,C000111,2021-03-20,2021-04-03,244079.76,Energy,International,NT14,High,CLEARED,12.405254433118905,14,1,0,17.0,1.0,1,51973.44,3,1,5,1,17.0,0.0,51973.44,4.696240233473097,51973.44,0.22416222248796563,14,0,0,15.781075312156545,202103,1.0,3.0
1800000751,C000016,2021-03-21,2021-05-20,224363.65,Manufacturing,West,NT60,Low,CLEARED,12.321027909027041,60,4,4,0.0,0.0,0,224363.65,3,1,6,1,0.0,0.0,0.0,1.0,0.0,0.6961780521183004,60,0,0,15.781075312156545,202103,1.0,30.0
1800002146,C000062,2021-03-21,2021-04-20,104590.9,Retail,South,NT30,High,CLEARED,11.557821389755984,30,5,3,5.0,1.0,2,142382.915,3,1,6,1,5.0,0.0,175204.04,0.7345747908026745,284765.83,0.058008926054313834,30,0,0,15.781075312156545,202103,1.0,1.0
1800000374,C000076,2021-03-21,2021-05-05,245278.82,Retail,International,NT45,High,CLEARED,12.410154960250185,45,5,0,2.0,1.0,1,137759.39,3,1,6,1,2.0,0.0,137759.39,1.7804871232371164,137759.39,0.28980224953934536,45,0,0,15.781075312156545,202103,1.0,11.0
1800001110,C000002,2021-03-21,2021-06-19,61363.65,Construction,South,NT90,Low,CLEARED,11.024589215438386,90,0,3,-2.0,0.0,1,191844.17,3,1,6,1,-2.0,0.0,191844.17,0.3198619483719521,191844.17,0.5480060855778128,90,0,0,15.781075312156545,202103,1.0,6.0
1800000277,C000116,2021-03-22,2021-05-06,192947.81,Manufacturing,Midwest,NT45,High,CLEARED,12.170180199545864,45,4,1,14.0,1.0,5,149608.752,3,1,0,1,17.0,3.0,207844.11,1.2896826383526012,748043.76,0.3248771375478736,45,0,1,15.781075312156545,202103,1.0,10.0
1800004275,C000158,2021-03-22,2021-05-06,243924.66,Logistics,International,NT45,Low,CLEARED,12.404618785722208,45,3,0,0.0,0.0,0,243924.66,3,1,0,1,0.0,0.0,0.0,1.0,0.0,0.2835653457356624,45,0,1,15.781075312156545,202103,0.0,0.0
1800003369,C000139,2021-03-22,2021-06-20,17467.94,Retail,West,NT90,Low,CLEARED,9.768179725843655,90,5,4,-0.5,0.0,2,157262.845,3,1,0,1,-0.5,0.0,209795.58,0.11107480600392292,314525.69,0.03483981547998074,90,0,1,15.781075312156545,202103,0.0,0.0
1800000207,C000100,2021-03-22,2021-06-20,111109.81,Energy,International,NT90,Medium,CLEARED,11.618283270624383,90,1,0,29.5,0.5,2,107684.895,3,1,0,1,29.5,0.0,196637.07,1.0318049713471884,215369.79,0.09226926484605336,90,0,1,15.781075312156545,202103,1.0,22.0
1800004750,C000127,2021-03-23,2021-06-21,241734.48,Retail,International,NT90,High,CLEARED,12.395599349464174,90,5,0,13.333333333333334,1.0,3,203423.6366666667,3,1,1,1,13.333333333333334,0.0,244835.16,1.1883303433224435,610270.91,0.1444376340125975,90,0,0,15.781075312156545,202103,1.0,20.0
1800002224,C000011,2021-03-23,2021-05-07,241143.99,Retail,Northeast,NT45,Low,CLEARED,12.39315364983034,45,5,2,0.0,0.0,0,241143.99,3,1,1,1,0.0,0.0,0.0,1.0,0.0,0.5258966903797501,45,0,0,15.781075312156545,202103,0.0,0.0
1800000691,C000086,2021-03-23,2021-04-06,51314.93,Manufacturing,West,NT14,Low,CLEARED,10.845756509271332,14,4,4,0.0,0.0,0,51314.93,3,1,1,1,0.0,0.0,0.0,1.0,0.0,0.031714758353607056,14,0,0,15.781075312156545,202103,0.0,0.0
1800003722,C000101,2021-03-24,2021-04-07,92936.5,Manufacturing,West,NT14,Low,CLEARED,11.43968250320251,14,4,4,0.0,0.0,0,92936.5,3,1,2,1,0.0,0.0,0.0,1.0,0.0,0.22982944400645347,14,0,0,15.781075312156545,202103,1.0,6.0
1800004039,C000042,2021-03-24,2021-05-23,103595.8,Manufacturing,South,NT60,High,CLEARED,11.548261720299587,60,4,3,2.5,1.0,2,199984.525,3,1,2,1,2.5,0.0,227023.8,0.5180190817264486,399969.05,1.911256187158679,60,0,0,15.781075312156545,202103,1.0,1.0
1800002650,C000136,2021-03-24,2021-05-23,197566.2,Construction,Midwest,NT60,Medium,CLEARED,12.19383405861489,60,0,1,10.5,0.5,2,83558.565,3,1,2,1,10.5,0.0,130565.04,2.364403936328969,167117.13,1.179858307978861,60,0,0,15.781075312156545,202103,1.0,11.0
1800002589,C000007,2021-03-24,2021-06-22,45829.35,Energy,Midwest,NT90,High,CLEARED,10.732701814393057,90,1,1,7.0,1.0,3,57849.35999999999,3,1,2,1,7.0,0.0,123787.86,0.7922187903202387,173548.08,0.048451623576355234,90,0,0,15.781075312156545,202103,1.0,1.0
1800003951,C000139,2021-03-24,2021-06-22,134121.95,Retail,West,NT90,Low,CLEARED,11.806512195566427,90,5,4,-0.3333333333333333,0.0,3,110664.54333333332,3,1,2,1,-0.3333333333333333,0.0,209795.58,1.2119685850599002,331993.62999999995,0.26750629953017946,90,0,0,15.781075312156545,202103,1.0,4.0
1800004972,C000074,2021-03-25,2021-06-23,71949.04,Retail,Northeast,NT90,High,CLEARED,11.183727268256986,90,5,2,5.5,1.0,2,227490.25,3,1,3,1,5.5,0.0,241463.48,0.31627307104370406,454980.5,0.38589140736822675,90,1,0,15.781075312156545,202103,0.0,-1.0
1800004488,C000165,2021-03-25,2021-05-24,29098.52,Retail,South,NT60,Medium,CLEARED,10.278476958178182,60,5,3,4.0,0.5,2,49458.955,3,1,3,1,4.0,0.0,52333.89,0.5883367329536178,98917.91,0.029927398506530405,60,1,0,15.781075312156545,202103,1.0,5.0
1800001543,C000178,2021-03-25,2021-04-08,175510.88,Retail,West,NT14,Medium,CLEARED,12.07546201190473,14,5,4,2.5,0.5,2,38595.945,3,1,3,1,2.5,0.0,65405.84,4.547391701382101,77191.89,0.15728664714575097,14,1,0,15.781075312156545,202103,0.0,0.0
1800002043,C000183,2021-03-25,2021-04-08,147579.0,Logistics,International,NT14,High,CLEARED,11.902125680612357,14,3,0,16.0,1.0,2,74751.06,3,1,3,1,16.0,0.0,144233.61,1.9742730069647174,149502.12,0.08815761024472683,14,1,0,15.781075312156545,202103,1.0,1.0
1800001150,C000051,2021-03-25,2021-05-24,100504.82,Energy,Midwest,NT60,Low,CLEARED,11.517970915252283,60,1,1,0.0,0.0,0,100504.82,3,1,3,1,0.0,0.0,0.0,1.0,0.0,0.10650569486191468,60,1,0,15.781075312156545,202103,1.0,5.0
1800000332,C000191,2021-03-26,2021-06-24,162840.21,Energy,Midwest,NT90,High,CLEARED,12.00053083319604,90,1,1,9.666666666666666,1.0,3,162453.17,3,1,4,1,9.666666666666666,0.0,200312.13,1.002382471206933,487359.51,2.110932031550382,90,1,0,15.781075312156545,202103,1.0,22.0
1800001061,C000039,2021-03-26,2021-04-25,68171.84,Manufacturing,West,NT30,Medium,CLEARED,11.12980152404355,30,4,4,1.0,0.5,2,153108.19,3,1,4,1,1.0,0.0,228581.02,0.4452527327244871,306216.38,0.0715996947164685,30,1,0,15.781075312156545,202103,1.0,4.0
1800001137,C000032,2021-03-26,2021-06-24,230177.65,Manufacturing,International,NT90,High,CLEARED,12.346611025530047,90,4,0,6.0,1.0,1,67504.87,3,1,4,1,6.0,0.0,67504.87,3.4097932489907765,67504.87,0.4801130064646339,90,1,0,15.781075312156545,202103,0.0,-1.0
1800001332,C000040,2021-03-26,2021-04-09,86591.17,Construction,West,NT14,High,CLEARED,11.368964674758391,14,0,4,36.0,1.0,1,14922.09,3,1,4,1,36.0,0.0,14922.09,5.802884850580582,14922.09,0.5825279366101921,14,1,0,15.781075312156545,202103,1.0,22.0
1800000544,C000194,2021-03-27,2021-06-25,171562.72,Construction,Midwest,NT90,High,CLEARED,12.052710021771814,90,0,1,13.5,1.0,2,103584.115,3,1,5,1,13.5,0.0,122818.91,1.6562647660792391,207168.23,0.13067242509902377,90,1,0,15.781075312156545,202103,1.0,11.0
1800000666,C000149,2021-03-27,2021-04-10,56991.89,Retail,West,NT14,High,CLEARED,10.950681802194294,14,5,4,4.0,1.0,1,93926.97,3,1,5,1,4.0,0.0,93926.97,0.6067681093087534,93926.97,0.08142264226156168,14,1,0,15.781075312156545,202103,1.0,3.0
1800002194,C000008,2021-03-27,2021-05-26,115314.55,Construction,South,NT60,High,CLEARED,11.65542756273169,60,0,3,3.0,1.0,2,87407.36499999999,3,1,5,1,3.0,0.0,111919.06,1.3192772714290153,174814.72999999998,0.06916082637299155,60,1,0,15.781075312156545,202103,1.0,5.0
1800000307,C000186,2021-03-27,2021-04-10,241600.77,Retail,International,NT14,Low,CLEARED,12.395046071174901,14,5,0,0.0,0.0,0,241600.77,3,1,5,1,0.0,0.0,0.0,1.0,0.0,0.7888926940214336,14,1,0,15.781075312156545,202103,1.0,10.0
1800004025,C000145,2021-03-27,2021-04-10,4891.95,Logistics,West,NT14,High,CLEARED,8.495550672557165,14,3,4,4.0,1.0,2,122303.355,3,1,5,1,4.0,0.0,168625.02,0.03999849390885475,244606.71,0.003986134433513335,14,1,0,15.781075312156545,202103,1.0,2.0
1800002865,C000003,2021-03-28,2021-04-27,158187.08,Construction,International,NT30,Low,CLEARED,11.971539983815724,30,0,0,-1.0,0.0,1,45796.9,3,1,6,1,-1.0,0.0,45796.9,3.454100168352006,45796.9,0.13822372221676144,30,1,0,15.781075312156545,202103,1.0,3.0
1800004551,C000110,2021-03-28,2021-04-27,20052.8,Logistics,South,NT30,Low,CLEARED,9.906173940961436,30,3,3,0.0,0.0,0,20052.8,3,1,6,1,0.0,0.0,0.0,1.0,0.0,0.011740021564198629,30,1,0,15.781075312156545,202103,1.0,33.0
1800004458,C000023,2021-03-28,2021-05-12,47010.67,Manufacturing,International,NT45,High,CLEARED,10.758151147743721,45,4,0,1.5,1.0,2,69711.365,3,1,6,1,1.5,0.0,134604.64,0.6743616338598447,139422.73,0.025694165877082883,45,1,0,15.781075312156545,202103,1.0,1.0
1800000155,C000088,2021-03-28,2021-04-27,95671.65,Logistics,West,NT30,Low,CLEARED,11.468687747671888,30,3,4,0.0,0.0,0,95671.65,3,1,6,1,0.0,0.0,0.0,1.0,0.0,0.04840726599809021,30,1,0,15.781075312156545,202103,0.0,-2.0
1800001924,C000096,2021-03-28,2021-06-26,3107.47,Healthcare,West,NT90,Medium,CLEARED,8.041885922705768,90,2,4,0.5,0.5,2,30506.055,3,1,6,1,0.5,0.0,54818.83,0.10186403977833253,61012.11,0.001645603942027093,90,1,0,15.781075312156545,202103,0.0,-3.0
1800000779,C000131,2021-03-28,2021-05-12,151829.0,Energy,Northeast,NT45,Low,CLEARED,11.930516752876233,45,1,2,0.0,0.0,0,151829.0,3,1,6,1,0.0,0.0,0.0,1.0,0.0,0.08054272627736245,45,1,0,15.781075312156545,202103,1.0,7.0
1800002754,C000097,2021-03-29,2021-05-28,168750.78,Construction,West,NT60,Medium,CLEARED,12.036184156827293,60,0,4,-2.3333333333333335,0.3333333333333333,3,136900.34666666665,3,1,0,1,-2.3333333333333335,0.0,219740.41,1.2326541466756453,410701.04,0.11382572308071866,60,1,1,15.781075312156545,202103,1.0,5.0
1800001914,C000030,2021-03-29,2021-04-28,214420.69,Healthcare,Midwest,NT30,Low,CLEARED,12.27569986910662,30,2,1,0.0,0.0,0,214420.69,3,1,0,1,0.0,0.0,0.0,1.0,0.0,0.16277753083040317,30,1,1,15.781075312156545,202103,1.0,37.0
1800000998,C000063,2021-03-29,2021-04-12,138622.66,Manufacturing,Midwest,NT14,High,CLEARED,11.839518058239854,14,4,1,9.666666666666666,1.0,3,120012.58666666667,3,1,0,1,9.666666666666666,0.0,171658.17,1.155067679567832,360037.76,0.25834337387400225,14,1,1,15.781075312156545,202103,1.0,21.0
1800002370,C000152,2021-03-29,2021-04-12,206098.41,Construction,West,NT14,High,CLEARED,12.236113904186437,14,0,4,7.0,1.0,1,52701.42,3,1,0,1,7.0,0.0,52701.42,3.9106803953290066,52701.42,0.15467770257935126,14,1,1,15.781075312156545,202103,1.0,3.0
1800000701,C000177,2021-03-30,2021-06-28,14070.29,Manufacturing,Northeast,NT90,High,CLEARED,9.551891830340642,90,4,2,5.0,1.0,1,66565.7,3,1,1,1,5.0,0.0,66565.7,0.21137447664487868,66565.7,0.010874207770975326,90,1,0,15.781075312156545,202103,1.0,5.0
1800002123,C000088,2021-03-30,2021-04-29,12426.38,Logistics,West,NT30,Low,CLEARED,9.42765738191738,30,3,4,-2.0,0.0,1,95671.65,3,1,1,1,-2.0,0.0,95671.65,0.12988570804412802,95671.65,0.006287412018642391,30,1,0,15.781075312156545,202103,0.0,0.0
1800001190,C000042,2021-03-30,2021-05-29,46928.49,Manufacturing,South,NT60,High,CLEARED,10.75640154148032,60,4,3,2.0,1.0,3,167854.94999999998,3,1,1,1,2.0,0.0,227023.8,0.2795776353333637,503564.85,0.8657915365923541,60,1,0,15.781075312156545,202103,0.0,0.0
1800004835,C000151,2021-03-30,2021-05-29,230077.27,Energy,International,NT60,High,CLEARED,12.346174834362767,60,1,0,11.0,1.0,1,218312.88,3,1,1,1,11.0,0.0,218312.88,1.0538877504616309,218312.88,1.037708813864185,60,1,0,15.781075312156545,202103,1.0,8.0
1800000038,C000017,2021-03-30,2021-06-28,119585.25,Logistics,Midwest,NT90,High,CLEARED,11.691793147334323,90,3,1,5.0,1.0,2,96492.315,3,1,1,1,5.0,0.0,155294.81,1.2393240850320566,192984.63,0.13505651999360865,90,1,0,15.781075312156545,202103,1.0,21.0
1800001417,C000063,2021-03-31,2021-04-14,142526.72,Manufacturing,Midwest,NT14,High,CLEARED,11.867291786088842,14,4,1,12.5,1.0,4,124665.10500000001,3,1,2,1,14.666666666666666,2.166666666666666,171658.17,1.1432767814217137,498660.42000000004,0.2656191542709917,14,1,0,15.781075312156545,202103,1.0,1.0
1800001226,C000057,2021-03-31,2021-04-30,35328.96,Manufacturing,Midwest,NT30,High,CLEARED,10.472486608170268,30,4,1,4.333333333333333,1.0,3,140668.6366666667,3,1,2,1,4.333333333333333,0.0,165520.07,0.251150226782369,422005.91000000003,0.027455663548938834,30,1,0,15.781075312156545,202103,0.0,-1.0
1800002577,C000035,2021-03-31,2021-06-29,120224.85,Healthcare,International,NT90,Medium,CLEARED,11.69712733619781,90,2,0,0.0,0.5,2,112054.33,3,1,2,1,0.0,0.0,213894.73,1.0729157008033514,224108.66,0.07609129772188225,90,1,0,15.781075312156545,202103,0.0,0.0
1800000526,C000085,2021-03-31,2021-05-30,39394.37,Manufacturing,West,NT60,High,CLEARED,10.581403575690512,60,4,4,10.666666666666666,1.0,3,105137.2,3,1,2,1,10.666666666666666,0.0,122254.9,0.37469487488729014,315411.6,0.02963513216509892,60,1,0,15.781075312156545,202103,1.0,15.0
1800004825,C000070,2021-03-31,2021-06-29,243557.77,Energy,Midwest,NT90,Low,CLEARED,12.403113547619432,90,1,1,0.0,0.0,0,243557.77,3,1,2,1,0.0,0.0,0.0,1.0,0.0,0.1383674154365161,90,1,0,15.781075312156545,202103,1.0,5.0
1800004758,C000024,2021-04-01,2021-05-16,239662.42,Construction,International,NT45,High,CLEARED,12.386990801350828,45,0,0,25.5,1.0,2,169857.35,4,2,3,0,25.5,0.0,249295.78,1.410962905049443,339714.7,0.6886127512404803,45,0,0,15.582468058789495,202104,1.0,37.0
1800002666,C000151,2021-04-01,2021-05-31,121134.47,Energy,International,NT60,High,CLEARED,11.70466478508586,60,1,0,9.5,1.0,2,224195.075,4,2,3,0,9.5,0.0,230077.27,0.54030834531044,448390.15,0.5463482211074858,60,0,0,15.582468058789495,202104,1.0,18.0
1800000904,C000073,2021-04-01,2021-05-01,151127.59,Energy,Midwest,NT30,High,CLEARED,11.925886342804505,30,1,1,31.0,1.0,1,191484.1,4,2,3,0,31.0,0.0,191484.1,0.789243545547646,191484.1,0.16786132267723675,30,0,0,15.582468058789495,202104,1.0,26.0
1800004223,C000197,2021-04-01,2021-05-01,33874.81,Healthcare,West,NT30,High,CLEARED,10.430456469335242,30,2,4,24.0,1.0,1,20659.81,4,2,3,0,24.0,0.0,20659.81,1.63964770247161,20659.81,0.024954773041677845,30,0,0,15.582468058789495,202104,1.0,59.0
1800003476,C000054,2021-04-02,2021-07-01,173186.89,Construction,Midwest,NT90,Low,CLEARED,12.062132353497422,90,0,1,0.0,0.0,1,26718.49,4,2,4,0,0.0,0.0,26718.49,6.48191159006366,26718.49,0.16014554189073057,90,0,0,15.582468058789495,202104,1.0,5.0
1800004946,C000027,2021-04-03,2021-04-17,165225.29,Logistics,South,NT14,High,CLEARED,12.015071267843354,14,3,3,11.5,1.0,2,231216.865,4,2,5,0,11.5,0.0,246618.99,0.7145901316497826,462433.73,0.10067068339703557,14,0,0,15.582468058789495,202104,1.0,20.0
1800001235,C000175,2021-04-03,2021-07-02,35933.84,Construction,West,NT90,High,CLEARED,10.489462577408979,90,0,4,4.0,1.0,2,126499.48499999999,4,2,5,0,4.0,0.0,209031.8,0.28406313274714123,252998.96999999997,0.022523221683474214,90,0,0,15.582468058789495,202104,1.0,3.0
1800004930,C000091,2021-04-04,2021-05-19,143126.16,Healthcare,International,NT45,Low,CLEARED,11.87148874487982,45,2,0,0.0,0.0,0,143126.16,4,2,6,0,0.0,0.0,0.0,1.0,0.0,0.2770919751852281,45,0,0,15.582468058789495,202104,1.0,23.0
1800002908,C000159,2021-04-04,2021-06-03,111766.39,Healthcare,Northeast,NT60,High,CLEARED,11.624175115581552,60,2,2,4.0,1.0,3,83023.64,4,2,6,0,4.0,0.0,166223.73,1.3461995884545654,249070.92,0.33659319580942537,60,0,0,15.582468058789495,202104,0.0,-3.0
1800000306,C000195,2021-04-05,2021-06-04,132337.49,Logistics,Midwest,NT60,High,CLEARED,11.793118237496422,60,3,1,20.5,1.0,2,132436.03,4,2,0,0,20.5,0.0,209238.58,0.999255942661525,264872.06,0.476860786871976,60,0,1,15.582468058789495,202104,1.0,11.0
1800002658,C000040,2021-04-05,2021-04-19,213889.25,Construction,West,NT14,High,CLEARED,12.273218311983918,14,0,4,29.0,1.0,2,50756.63,4,2,0,0,29.0,0.0,86591.17,4.214015981754502,101513.26,1.4389049537683984,14,0,1,15.582468058789495,202104,1.0,40.0
1800000675,C000152,2021-04-05,2021-04-19,199055.93,Construction,West,NT14,High,CLEARED,12.201346143195444,14,0,4,5.0,1.0,2,129399.91500000001,4,2,0,0,5.0,0.0,206098.41,1.5383003149577028,258799.83000000002,0.1493922924354252,14,0,1,15.582468058789495,202104,1.0,3.0
1800004105,C000022,2021-04-05,2021-05-20,221715.83,Energy,Midwest,NT45,High,CLEARED,12.309156306119608,45,1,1,26.0,1.0,2,109724.02500000001,4,2,0,0,26.0,0.0,193514.6,2.0206680350998787,219448.05000000002,0.24695672352881998,45,0,1,15.582468058789495,202104,1.0,18.0
1800004492,C000142,2021-04-06,2021-05-21,34842.18,Energy,Northeast,NT45,Low,CLEARED,10.45861270119843,45,1,2,0.0,0.0,0,34842.18,4,2,1,0,0.0,0.0,0.0,1.0,0.0,0.09327327595511856,45,0,0,15.582468058789495,202104,1.0,13.0
1800001754,C000080,2021-04-06,2021-05-21,94489.01,Healthcare,West,NT45,High,CLEARED,11.45624939360797,45,2,4,7.5,1.0,2,85117.01,4,2,1,0,7.5,0.0,141362.86,1.110107251182813,170234.02,0.06909752740291564,45,0,0,15.582468058789495,202104,1.0,15.0
1800002113,C000098,2021-04-06,2021-05-06,74709.52,Manufacturing,West,NT30,High,CLEARED,11.22137619119191,30,4,4,13.0,1.0,3,134352.21,4,2,1,0,13.0,0.0,193817.26,0.556072133089586,403056.63,0.08302163349197113,30,0,0,15.582468058789495,202104,1.0,3.0
1800002693,C000096,2021-04-07,2021-07-06,246127.58,Healthcare,West,NT90,Medium,CLEARED,12.413609361290188,90,2,4,-0.6666666666666666,0.3333333333333333,3,21373.193333333333,4,2,2,0,-0.6666666666666666,0.0,54818.83,11.515713920771159,64119.58,0.13034028193018396,90,0,0,15.582468058789495,202104,1.0,7.0
1800001553,C000100,2021-04-07,2021-07-06,65986.74,Energy,International,NT90,High,CLEARED,11.09722424617773,90,1,0,27.0,0.6666666666666666,3,108826.53333333333,4,2,2,0,27.0,0.0,196637.07,0.606347900450748,326479.6,0.054797573584075644,90,0,0,15.582468058789495,202104,1.0,24.0
1800003600,C000035,2021-04-08,2021-07-07,2023.36,Healthcare,International,NT90,Medium,CLEARED,7.613008880203791,90,2,0,0.0,0.3333333333333333,3,114777.83666666667,4,2,3,0,0.0,0.0,213894.73,0.017628490471345643,344333.51,0.00128060120814081,90,0,0,15.582468058789495,202104,1.0,4.0
1800004346,C000179,2021-04-08,2021-05-23,138912.86,Retail,International,NT45,Low,CLEARED,11.841609307781619,45,5,0,0.0,0.0,0,138912.86,4,2,3,0,0.0,0.0,0.0,1.0,0.0,0.07212667902724229,45,0,0,15.582468058789495,202104,1.0,3.0
1800000013,C000131,2021-04-09,2021-05-24,196911.85,Energy,Northeast,NT45,High,CLEARED,12.190516524051862,45,1,2,7.0,1.0,1,151829.0,4,2,4,0,7.0,0.0,151829.0,1.2969317455822011,151829.0,0.1044584185848491,45,0,0,15.582468058789495,202104,0.0,-1.0
1800004979,C000149,2021-04-09,2021-04-23,78215.23,Retail,West,NT14,High,CLEARED,11.267232449756001,14,5,4,3.5,1.0,2,75459.43,4,2,4,0,3.5,0.0,93926.97,1.0365202864638654,150918.86,0.11174380585896988,14,0,0,15.582468058789495,202104,0.0,0.0
1800000934,C000199,2021-04-09,2021-04-23,65932.75,Construction,West,NT14,Low,CLEARED,11.096405728997333,14,0,4,0.0,0.0,0,65932.75,4,2,4,0,0.0,0.0,0.0,1.0,0.0,0.03504910721053978,14,0,0,15.582468058789495,202104,1.0,35.0
1800003674,C000118,2021-04-10,2021-05-25,96570.3,Healthcare,Northeast,NT45,High,CLEARED,11.478036874607955,45,2,2,4.0,1.0,1,191691.09,4,2,5,0,4.0,0.0,191691.09,0.503780848656033,191691.09,0.13016467201866408,45,0,0,15.582468058789495,202104,1.0,2.0
1800001508,C000039,2021-04-10,2021-05-10,71294.41,Manufacturing,West,NT30,High,CLEARED,11.174587228453595,30,4,4,2.0,0.6666666666666666,3,124796.07333333332,4,2,5,0,2.0,0.0,228581.02,0.5712872856950468,374388.22,0.07487927553357426,30,0,0,15.582468058789495,202104,1.0,3.0
1800001987,C000080,2021-04-10,2021-05-25,84572.48,Healthcare,West,NT45,High,CLEARED,11.345376021273395,45,2,4,10.0,1.0,3,88241.01,4,2,5,0,10.0,0.0,141362.86,0.9584260198291021,264723.02999999997,0.061845808886478275,45,0,0,15.582468058789495,202104,1.0,13.0
1800000573,C000172,2021-04-11,2021-05-26,77826.58,Logistics,Northeast,NT45,High,CLEARED,11.262251146061313,45,3,2,16.0,1.0,2,130993.775,4,2,6,0,16.0,0.0,154723.31,0.5941242627750823,261987.55,0.08683633906676591,45,0,0,15.582468058789495,202104,1.0,13.0
1800001014,C000163,2021-04-11,2021-07-10,19512.67,Retail,West,NT90,High,CLEARED,9.878870524589166,90,5,4,4.0,1.0,1,88838.18,4,2,6,0,4.0,0.0,88838.18,0.21964283824814962,88838.18,0.017325515004382373,90,0,0,15.582468058789495,202104,0.0,0.0
1800004102,C000018,2021-04-11,2021-05-26,213061.19,Manufacturing,Northeast,NT45,High,CLEARED,12.269339373907068,45,4,2,10.5,1.0,2,163607.81,4,2,6,0,10.5,0.0,241978.76,1.3022678440595226,327215.62,0.2104607620790428,45,0,0,15.582468058789495,202104,1.0,14.0
1800002454,C000165,2021-04-11,2021-06-10,86619.06,Retail,South,NT60,High,CLEARED,11.369286707449051,60,5,3,4.333333333333333,0.6666666666666666,3,42672.14333333333,4,2,6,0,4.333333333333333,0.0,52333.89,2.029873665434976,128016.43,0.08908642525053052,60,0,0,15.582468058789495,202104,0.0,0.0
1800001281,C000050,2021-04-11,2021-05-26,42329.42,Retail,Northeast,NT45,Low,CLEARED,10.653261255506852,45,5,2,0.0,0.0,0,42329.42,4,2,6,0,0.0,0.0,0.0,1.0,0.0,0.1386882883130827,45,0,0,15.582468058789495,202104,1.0,4.0
1800000101,C000168,2021-04-11,2021-06-10,211497.98,Construction,South,NT60,Low,CLEARED,12.261975454761805,60,0,3,-2.0,0.0,1,50482.18,4,2,6,0,-2.0,0.0,50482.18,4.189557186318024,50482.18,2.6461122047367236,60,0,0,15.582468058789495,202104,0.0,-1.0
1800000390,C000138,2021-04-12,2021-05-12,203062.92,Construction,Northeast,NT30,Medium,CLEARED,12.221276085307904,30,0,2,2.0,0.5,2,169447.35,4,2,0,0,2.0,0.0,220718.57,1.1983835687014286,338894.7,0.571624029595883,30,0,1,15.582468058789495,202104,1.0,6.0
1800001803,C000189,2021-04-12,2021-06-11,135820.8,Logistics,Midwest,NT60,Medium,CLEARED,11.819099011414599,60,3,1,0.5,0.5,2,137547.225,4,2,0,0,0.5,0.0,173237.64,0.9874484926904195,275094.45,0.08393048690858654,60,0,1,15.582468058789495,202104,0.0,0.0
1800004684,C000115,2021-04-12,2021-07-11,64855.21,Healthcare,International,NT90,High,CLEARED,11.079927944604819,90,2,0,17.0,1.0,1,14099.6,4,2,0,0,17.0,0.0,14099.6,4.59979077420636,14099.6,0.07211180187345755,90,0,1,15.582468058789495,202104,1.0,14.0
1800000864,C000111,2021-04-13,2021-04-27,73026.6,Energy,International,NT14,High,CLEARED,11.198592730867247,14,1,0,10.0,1.0,2,148026.6,4,2,1,0,10.0,0.0,244079.76,0.49333430613146556,296053.2,0.0670674412197868,14,0,0,15.582468058789495,202104,1.0,6.0
1800000517,C000167,2021-04-13,2021-04-27,211637.49,Construction,Northeast,NT14,High,CLEARED,12.262634862235481,14,0,2,5.0,1.0,1,131248.63,4,2,1,0,5.0,0.0,131248.63,1.6124929456406516,131248.63,0.3034709275232023,14,0,0,15.582468058789495,202104,0.0,0.0
1800003082,C000089,2021-04-13,2021-06-12,121857.2,Logistics,International,NT60,High,CLEARED,11.710613352644648,60,3,0,18.4,1.0,5,134020.658,4,2,1,0,19.666666666666668,1.2666666666666693,216198.26,0.9092419170184943,670103.29,0.13813746247100023,60,0,0,15.582468058789495,202104,1.0,13.0
1800001288,C000125,2021-04-14,2021-05-14,81589.75,Logistics,South,NT30,High,CLEARED,11.309471176683575,30,3,3,3.0,1.0,1,167788.66,4,2,2,0,3.0,0.0,167788.66,0.4862649835811312,167788.66,0.12263262065661215,30,0,0,15.582468058789495,202104,1.0,5.0
1800000952,C000105,2021-04-14,2021-04-28,122590.76,Manufacturing,South,NT14,Low,CLEARED,11.71661508978507,14,4,3,0.0,0.0,0,122590.76,4,2,2,0,0.0,0.0,0.0,1.0,0.0,0.0726896131550841,14,0,0,15.582468058789495,202104,1.0,37.0
1800003986,C000197,2021-04-14,2021-05-14,10182.54,Healthcare,West,NT30,High,CLEARED,9.228527970324718,30,2,4,41.5,1.0,2,27267.309999999998,4,2,2,0,41.5,0.0,33874.81,0.3734339764355194,54534.619999999995,0.007501236898090538,30,0,0,15.582468058789495,202104,1.0,37.0
1800004376,C000042,2021-04-14,2021-06-13,41548.96,Manufacturing,South,NT60,High,CLEARED,10.634651837587583,60,4,3,1.5,0.75,4,137623.335,4,2,2,0,1.6666666666666667,0.16666666666666674,227023.8,0.30190345263759233,550493.34,0.766543690670939,60,0,0,15.582468058789495,202104,1.0,3.0
1800002873,C000128,2021-04-15,2021-05-30,161516.43,Retail,Northeast,NT45,High,CLEARED,11.992368341517883,45,5,2,1.0,1.0,1,147395.6,4,2,3,0,1.0,0.0,147395.6,1.095802249185186,147395.6,0.1128983363728322,45,0,0,15.582468058789495,202104,1.0,4.0
1800000182,C000008,2021-04-16,2021-06-15,83934.09,Construction,South,NT60,High,CLEARED,11.337799041014234,60,0,3,3.6666666666666665,1.0,3,96709.76000000001,4,2,4,0,3.6666666666666665,0.0,115314.55,0.8678967872529101,290129.28,0.050340143765596326,60,0,0,15.582468058789495,202104,0.0,-5.0
1800001104,C000152,2021-04-16,2021-04-30,241179.08,Construction,West,NT14,High,CLEARED,12.393299153359992,14,0,4,4.333333333333333,1.0,3,152618.58666666667,4,2,4,0,4.333333333333333,0.0,206098.41,1.5802733157708881,457855.76,0.18100588939333187,14,0,0,15.582468058789495,202104,0.0,0.0
1800002048,C000178,2021-04-16,2021-04-30,182230.15,Retail,West,NT14,Medium,CLEARED,12.113031215166439,14,5,4,1.6666666666666667,0.3333333333333333,3,84234.25666666667,4,2,4,0,1.6666666666666667,0.0,175510.88,2.1633733971337157,252702.77000000002,0.16330821942415916,14,0,0,15.582468058789495,202104,0.0,0.0
1800002350,C000174,2021-04-16,2021-05-31,233163.08,Retail,South,NT45,High,CLEARED,12.359497690719715,45,5,3,3.0,1.0,2,101481.39499999999,4,2,4,0,3.0,0.0,122228.53,2.2975943521470117,202962.78999999998,0.2985671641691662,45,0,0,15.582468058789495,202104,1.0,3.0
1800003433,C000182,2021-04-16,2021-04-30,192296.82,Retail,West,NT14,High,CLEARED,12.166800595059154,14,5,4,21.0,1.0,1,249682.11,4,2,4,0,21.0,0.0,249682.11,0.7701665930330371,249682.11,0.1666983569269011,14,0,0,15.582468058789495,202104,1.0,21.0
1800001687,C000051,2021-04-17,2021-06-16,240179.13,Energy,Midwest,NT60,High,CLEARED,12.38914446247525,60,1,1,5.0,1.0,1,100504.82,4,2,5,0,5.0,0.0,100504.82,2.3897274777468382,100504.82,0.2545195855480378,60,0,0,15.582468058789495,202104,1.0,22.0
1800003932,C000151,2021-04-17,2021-06-16,226249.77,Energy,International,NT60,High,CLEARED,12.329399264871299,60,1,0,12.333333333333334,1.0,3,189841.54,4,2,5,0,12.333333333333334,0.0,230077.27,1.1917822095206347,569524.62,1.0204457852952822,60,0,0,15.582468058789495,202104,1.0,13.0
1800002008,C000172,2021-04-17,2021-06-01,102888.77,Logistics,Northeast,NT45,High,CLEARED,11.541413499970332,45,3,2,15.0,1.0,3,113271.37666666666,4,2,5,0,15.0,0.0,154723.31,0.9083386556056395,339814.13,0.11479990663707043,45,0,0,15.582468058789495,202104,1.0,16.0
1800000754,C000040,2021-04-17,2021-05-01,36012.36,Construction,West,NT14,High,CLEARED,10.491645259704661,14,0,4,32.666666666666664,1.0,3,105134.17,4,2,5,0,32.666666666666664,0.0,213889.25,0.34253715989768124,315402.51,0.24226726308540947,14,0,0,15.582468058789495,202104,1.0,62.0
1800002095,C000048,2021-04-17,2021-05-01,51216.62,Manufacturing,International,NT14,High,CLEARED,10.843838892449797,14,4,0,3.0,1.0,2,207050.055,4,2,5,0,3.0,0.0,211893.15,0.24736346966920633,414100.11,0.0423518539275647,14,0,0,15.582468058789495,202104,0.0,0.0
1800001428,C000184,2021-04-18,2021-05-18,127146.04,Retail,International,NT30,Low,CLEARED,11.753099490988257,30,5,0,0.0,0.0,0,127146.04,4,2,6,0,0.0,0.0,0.0,1.0,0.0,0.09845559974119966,30,0,0,15.582468058789495,202104,1.0,34.0
1800002661,C000059,2021-04-19,2021-05-03,69614.58,Retail,South,NT14,High,CLEARED,11.150743671846422,14,5,3,11.0,1.0,1,161313.96,4,2,0,0,11.0,0.0,161313.96,0.43154715190179455,161313.96,0.05386578246655146,14,0,1,15.582468058789495,202104,1.0,20.0
1800002845,C000010,2021-04-20,2021-06-04,233029.3,Manufacturing,South,NT45,High,CLEARED,12.358923767011445,45,4,3,18.5,1.0,2,146587.98500000002,4,2,1,0,18.5,0.0,230022.67,1.5896889502915261,293175.97000000003,0.2945092408286503,45,0,0,15.582468058789495,202104,1.0,10.0
1800004410,C000148,2021-04-20,2021-06-04,26502.05,Construction,Northeast,NT45,High,CLEARED,10.18501509969109,45,0,2,15.0,1.0,2,115702.185,4,2,1,0,15.0,0.0,144844.07,0.2290540148399099,231404.37,0.02057883873200054,45,0,0,15.582468058789495,202104,1.0,9.0
1800002520,C000058,2021-04-21,2021-06-20,99799.5,Energy,Midwest,NT60,High,CLEARED,11.510928472307045,60,1,1,1.0,0.75,4,197409.325,4,2,2,0,1.3333333333333333,0.33333333333333326,232775.65,0.5055460272710015,789637.3,0.07755304645240166,60,0,0,15.582468058789495,202104,0.0,-3.0
1800004244,C000106,2021-04-21,2021-05-21,242710.29,Healthcare,Northeast,NT30,High,CLEARED,12.399627908968142,30,2,2,6.0,1.0,2,84258.79999999999,4,2,2,0,6.0,0.0,92981.01,2.880533427962421,168517.59999999998,0.8888552169341019,30,0,0,15.582468058789495,202104,1.0,8.0
1800001605,C000002,2021-04-21,2021-07-20,226364.41,Construction,South,NT90,Medium,CLEARED,12.329905830953189,90,0,3,2.0,0.5,2,126603.91,4,2,2,0,2.0,0.0,191844.17,1.787973294031756,253207.82,2.0215400198363547,90,0,0,15.582468058789495,202104,1.0,2.0
1800003354,C000107,2021-04-22,2021-06-21,151573.23,Retail,Midwest,NT60,High,CLEARED,11.928830750933626,60,5,1,18.0,1.0,1,199117.29,4,2,3,0,18.0,0.0,199117.29,0.7612258583872852,199117.29,0.12308109500619474,60,0,0,15.582468058789495,202104,1.0,36.0
1800004333,C000024,2021-04-22,2021-06-06,246672.95,Construction,International,NT45,High,CLEARED,12.415822703103355,45,0,0,29.333333333333332,1.0,3,193125.70666666667,4,2,3,0,29.333333333333332,0.0,249295.78,1.277266264846634,579377.12,0.7087558356295719,45,0,0,15.582468058789495,202104,1.0,27.0
1800000869,C000071,2021-04-22,2021-07-21,80845.61,Energy,Midwest,NT90,Low,CLEARED,11.300308934627115,90,1,1,0.0,0.0,0,80845.61,4,2,3,0,0.0,0.0,0.0,1.0,0.0,0.06663206171823871,90,0,0,15.582468058789495,202104,1.0,3.0
1800004547,C000081,2021-04-22,2021-05-22,170121.89,Retail,South,NT30,High,CLEARED,12.04427633723174,30,5,3,2.5,1.0,2,166166.735,4,2,3,0,2.5,0.0,245372.05,1.0238023272227141,332333.47,0.126530304630745,30,0,0,15.582468058789495,202104,1.0,3.0
1800000380,C000112,2021-04-23,2021-05-07,184061.56,Logistics,International,NT14,High,CLEARED,12.12303097880422,14,3,0,4.0,1.0,1,205997.42,4,2,4,0,4.0,0.0,205997.42,0.8935139090576959,205997.42,2.4649443450389295,14,0,0,15.582468058789495,202104,1.0,19.0
1800004059,C000145,2021-04-23,2021-05-07,171625.69,Logistics,West,NT14,High,CLEARED,12.053076990072045,14,3,4,3.3333333333333335,1.0,3,83166.22,4,2,4,0,3.3333333333333335,0.0,168625.02,2.06364663441479,249498.66,0.13984670174153158,14,0,0,15.582468058789495,202104,0.0,-3.0
1800000407,C000035,2021-04-23,2021-07-22,83649.25,Healthcare,International,NT90,Medium,CLEARED,11.33439969505366,90,2,0,1.0,0.5,4,86589.2175,4,2,4,0,0.6666666666666666,-0.33333333333333337,213894.73,0.9660469561351562,346356.87,0.05294229924979868,90,0,0,15.582468058789495,202104,1.0,1.0
1800003021,C000120,2021-04-23,2021-05-23,119342.4,Manufacturing,South,NT30,High,CLEARED,11.68976033069873,30,4,3,3.5,1.0,2,161665.58500000002,4,2,4,0,3.5,0.0,183368.2,0.7382053514976609,323331.17000000004,0.14164684275845496,30,0,0,15.582468058789495,202104,0.0,0.0
1800002550,C000142,2021-04-23,2021-06-07,136543.17,Energy,Northeast,NT45,High,CLEARED,11.824403431006871,45,1,2,13.0,1.0,1,34842.18,4,2,4,0,13.0,0.0,34842.18,3.9189043280299916,34842.18,0.36552904483004983,45,0,0,15.582468058789495,202104,1.0,3.0
1800000760,C000053,2021-04-23,2021-06-07,76184.51,Manufacturing,South,NT45,Low,CLEARED,11.240926566112197,45,4,3,-1.0,0.0,1,174321.93,4,2,4,0,-1.0,0.0,174321.93,0.4370334243086914,174321.93,0.12577400376847322,45,0,0,15.582468058789495,202104,1.0,1.0
1800003185,C000195,2021-04-23,2021-06-22,57452.7,Logistics,Midwest,NT60,High,CLEARED,10.95873468503248,60,3,1,17.333333333333332,1.0,3,132403.18333333332,4,2,4,0,17.333333333333332,0.0,209238.58,0.4339223465296844,397209.55,0.2070232685380354,60,0,0,15.582468058789495,202104,1.0,2.0
1800002875,C000069,2021-04-24,2021-06-08,111779.7,Retail,South,NT45,High,CLEARED,11.62429419510503,45,5,3,4.5,1.0,2,155033.385,4,2,5,0,4.5,0.0,237104.74,0.7210040598674924,310066.77,0.08592559894734786,45,0,0,15.582468058789495,202104,1.0,1.0
1800003992,C000059,2021-04-24,2021-05-08,33503.9,Retail,South,NT14,High,CLEARED,10.419446975773658,14,5,3,15.5,1.0,2,115464.26999999999,4,2,5,0,15.5,0.0,161313.96,0.2901668195711107,230928.53999999998,0.025924365114047852,14,0,0,15.582468058789495,202104,1.0,17.0
1800002606,C000180,2021-04-25,2021-06-24,66865.65,Manufacturing,Midwest,NT60,Low,CLEARED,11.110455616589588,60,4,1,0.0,0.0,0,66865.65,4,2,6,0,0.0,0.0,0.0,1.0,0.0,0.039011370182571434,60,1,0,15.582468058789495,202104,1.0,17.0
1800003459,C000080,2021-04-25,2021-06-09,150425.42,Healthcare,West,NT45,High,CLEARED,11.921229339964222,45,2,4,10.75,1.0,4,87323.8775,4,2,6,0,11.666666666666666,0.9166666666666661,141362.86,1.7226149858038542,349295.51,0.11000247098096481,45,1,0,15.582468058789495,202104,1.0,22.0
1800004398,C000023,2021-04-25,2021-06-09,75967.0,Manufacturing,International,NT45,High,CLEARED,11.23806747796934,45,4,0,1.3333333333333333,1.0,3,62144.466666666674,4,2,6,0,1.3333333333333333,0.0,134604.64,1.2224258099675271,186433.40000000002,0.041520546275650945,45,1,0,15.582468058789495,202104,1.0,3.0
1800000624,C000065,2021-04-25,2021-05-25,168777.79,Healthcare,Northeast,NT30,High,CLEARED,12.036344201590396,30,2,2,36.0,1.0,2,187032.82,4,2,6,0,36.0,0.0,199356.63,0.9023966488876124,374065.64,0.42220488041511806,30,1,0,15.582468058789495,202104,1.0,41.0
1800001351,C000005,2021-04-26,2021-05-10,42215.74,Logistics,Northeast,NT14,High,CLEARED,10.65057210383087,14,3,2,10.0,1.0,2,136446.68,4,2,0,0,10.0,0.0,166371.81,0.30939367670946627,272893.36,0.05916807265754006,14,1,1,15.582468058789495,202104,0.0,-4.0
1800000413,C000060,2021-04-26,2021-06-25,97274.55,Logistics,International,NT60,High,CLEARED,11.485302951910272,60,3,0,3.0,1.0,1,239218.79,4,2,0,0,3.0,0.0,239218.79,0.4066342363825183,239218.79,0.08504741943427901,60,1,1,15.582468058789495,202104,1.0,2.0
1800001685,C000150,2021-04-26,2021-05-26,211773.74,Healthcare,Midwest,NT30,High,CLEARED,12.263278441580901,30,2,1,14.0,1.0,2,62728.54,4,2,0,0,14.0,0.0,88531.88,3.3760348957587722,125457.08,0.20840495927928368,30,1,1,15.582468058789495,202104,1.0,10.0
1800001906,C000190,2021-04-26,2021-05-10,147133.18,Manufacturing,Northeast,NT14,Low,CLEARED,11.89910023853787,14,4,2,-1.0,0.0,1,117903.12,4,2,0,0,-1.0,0.0,117903.12,1.247915916050398,117903.12,0.10062297013206449,14,1,1,15.582468058789495,202104,0.0,0.0
1800003482,C000033,2021-04-27,2021-05-11,232938.48,Energy,Northeast,NT14,High,CLEARED,12.358533956319645,14,1,2,5.0,1.0,1,45324.69,4,2,1,0,5.0,0.0,45324.69,5.139328697008187,45324.69,0.13493596724066537,14,1,0,15.582468058789495,202104,1.0,8.0
1800000447,C000158,2021-04-27,2021-06-11,92215.79,Logistics,International,NT45,Low,CLEARED,11.431897497087217,45,3,0,0.0,0.0,1,243924.66,4,2,1,0,0.0,0.0,243924.66,0.3780502963497007,243924.66,0.10720196298987252,45,1,0,15.582468058789495,202104,1.0,2.0
1800001579,C000131,2021-04-27,2021-06-11,62806.48,Energy,Northeast,NT45,Medium,CLEARED,11.047829453643716,45,1,2,3.0,0.5,2,174370.425,4,2,1,0,3.0,0.0,196911.85,0.36018998061167773,348740.85,0.03331777939052908,45,1,0,15.582468058789495,202104,1.0,10.0
1800002679,C000054,2021-04-27,2021-07-26,100739.67,Construction,Midwest,NT90,Medium,CLEARED,11.520304870061722,90,0,1,2.5,0.5,2,99952.69,4,2,1,0,2.5,0.0,173186.89,1.0078735249646606,199905.38,0.09315375454829966,90,1,0,15.582468058789495,202104,0.0,-1.0
1800003187,C000028,2021-04-27,2021-07-26,3847.16,Manufacturing,Northeast,NT90,High,CLEARED,8.255350390962752,90,4,2,22.5,1.0,2,104216.95,4,2,1,0,22.5,0.0,153401.38,0.036914916431540164,208433.9,0.00393853140800563,90,1,0,15.582468058789495,202104,1.0,32.0
1800003910,C000200,2021-04-27,2021-06-11,66901.55,Healthcare,Northeast,NT45,High,CLEARED,11.110992361981829,45,2,2,1.0,1.0,1,44274.99,4,2,1,0,1.0,0.0,44274.99,1.5110460781583464,44274.99,0.03514507366420636,45,1,0,15.582468058789495,202104,0.0,0.0
1800002627,C000054,2021-04-28,2021-07-27,151265.19,Construction,Midwest,NT90,Medium,CLEARED,11.926796411486889,90,0,1,1.3333333333333333,0.3333333333333333,3,100215.01666666666,4,2,2,0,1.3333333333333333,0.0,173186.89,1.509406424619331,300645.05,0.13987459340458344,90,1,0,15.582468058789495,202104,1.0,2.0
1800000162,C000180,2021-04-28,2021-06-27,11533.26,Manufacturing,Midwest,NT60,High,CLEARED,9.353077015970882,60,4,1,17.0,1.0,1,66865.65,4,2,2,0,17.0,0.0,66865.65,0.17248407814774852,66865.65,0.006728840223221399,60,1,0,15.582468058789495,202104,1.0,23.0
1800002767,C000145,2021-04-28,2021-05-12,52487.88,Logistics,West,NT14,High,CLEARED,10.868356616621101,14,3,4,1.75,0.75,4,105281.0875,4,2,2,0,1.3333333333333333,-0.41666666666666674,171625.69,0.49854994136529984,421124.35,0.04276898697045471,14,1,0,15.582468058789495,202104,1.0,2.0
1800002924,C000069,2021-04-28,2021-06-12,76589.66,Retail,South,NT45,High,CLEARED,11.246230416179475,45,5,3,3.3333333333333335,1.0,3,140615.49,4,2,2,0,3.3333333333333335,0.0,237104.74,0.5446744167374449,421846.47,0.05887484407878829,45,1,0,15.582468058789495,202104,1.0,6.0
1800004529,C000019,2021-04-28,2021-05-12,68970.22,Logistics,Northeast,NT14,High,CLEARED,11.141444595119117,14,3,2,11.75,1.0,4,123572.1075,4,2,2,0,9.666666666666666,-2.083333333333334,247674.67,0.5581374421408165,494288.43,0.043253591366156655,14,1,0,15.582468058789495,202104,1.0,2.0
1800001435,C000054,2021-04-29,2021-07-28,154395.72,Construction,Midwest,NT90,Medium,CLEARED,11.94728067282385,90,0,1,1.5,0.5,4,112977.56,4,2,3,0,2.0,0.5,173186.89,1.3666051913318007,451910.24,0.1427693877117922,90,1,0,15.582468058789495,202104,1.0,3.0
1800000743,C000128,2021-04-29,2021-06-13,115269.7,Retail,Northeast,NT45,High,CLEARED,11.6550385542755,45,5,2,2.5,1.0,2,154456.015,4,2,3,0,2.5,0.0,161516.43,0.7462946651834828,308912.03,0.08057234402837814,45,1,0,15.582468058789495,202104,0.0,0.0
1800004063,C000079,2021-04-29,2021-06-13,161570.35,Manufacturing,Midwest,NT45,High,CLEARED,11.992702119747513,45,4,1,11.0,1.0,2,126960.265,4,2,3,0,11.0,0.0,198680.88,1.2726056455537487,253920.53,0.1021156087380005,45,1,0,15.582468058789495,202104,1.0,20.0
1800001606,C000036,2021-04-29,2021-05-29,207509.69,Energy,South,NT30,Low,CLEARED,12.24293813539817,30,1,3,0.0,0.0,0,207509.69,4,2,3,0,0.0,0.0,0.0,1.0,0.0,0.2330130079978345,30,1,0,15.582468058789495,202104,1.0,5.0
1800004902,C000148,2021-04-29,2021-06-13,248646.7,Construction,Northeast,NT45,High,CLEARED,12.423792314150376,45,0,2,13.0,1.0,3,85968.80666666667,4,2,3,0,13.0,0.0,144844.07,2.8922897692891865,257906.42,0.19307413353095776,45,1,0,15.582468058789495,202104,0.0,-5.0
1800002357,C000081,2021-04-29,2021-05-29,46783.41,Retail,South,NT30,High,CLEARED,10.75330530675094,30,5,3,2.6666666666666665,1.0,3,167485.12,4,2,3,0,2.6666666666666665,0.0,245372.05,0.2793287546977308,502455.36,0.03479575214550604,30,1,0,15.582468058789495,202104,0.0,0.0
1800003169,C000026,2021-04-29,2021-06-13,198433.14,Manufacturing,Midwest,NT45,Medium,CLEARED,12.19821253564233,45,4,1,2.0,0.5,2,114950.26999999999,4,2,3,0,2.0,0.0,125697.42,1.7262520566502368,229900.53999999998,0.38182276103689977,45,1,0,15.582468058789495,202104,1.0,1.0
1800001662,C000020,2021-04-29,2021-05-13,175439.64,Healthcare,West,NT14,Low,CLEARED,12.075056031055933,14,2,4,0.0,0.0,0,175439.64,4,2,3,0,0.0,0.0,0.0,1.0,0.0,0.08805280533154608,14,1,0,15.582468058789495,202104,1.0,2.0
1800003469,C000007,2021-04-30,2021-07-29,75311.95,Energy,Midwest,NT90,High,CLEARED,11.229407377752995,90,1,1,5.5,1.0,4,54844.3575,4,2,4,0,7.0,1.5,123787.86,1.3731941339635532,219377.43,0.07962116530566736,90,1,0,15.582468058789495,202104,1.0,11.0
1800000579,C000159,2021-05-01,2021-06-30,124228.66,Healthcare,Northeast,NT60,High,CLEARED,11.729887228344925,60,2,2,2.25,0.75,4,90209.3275,5,2,5,0,2.0,-0.25,166223.73,1.377115465138569,360837.31,0.3741242933633495,60,0,0,16.16687295123549,202105,1.0,2.0
1800001528,C000194,2021-05-02,2021-07-31,219422.45,Construction,Midwest,NT90,High,CLEARED,12.298758703518313,90,0,1,12.666666666666666,1.0,3,126243.65000000001,5,2,6,0,12.666666666666666,0.0,171562.72,1.7380870245750975,378730.95,0.16712525694783395,90,0,0,16.16687295123549,202105,1.0,2.0
1800000134,C000093,2021-05-02,2021-06-01,68753.61,Manufacturing,Northeast,NT30,Low,CLEARED,11.138299067826217,30,4,2,0.0,0.0,0,68753.61,5,2,6,0,0.0,0.0,0.0,1.0,0.0,0.048997652248432666,30,0,0,16.16687295123549,202105,1.0,1.0
1800003176,C000171,2021-05-02,2021-07-01,182966.55,Energy,International,NT60,High,CLEARED,12.11706409369571,60,1,0,3.0,1.0,1,247678.48,5,2,6,0,3.0,0.0,247678.48,0.7387260693783326,247678.48,0.9975253033385697,60,0,0,16.16687295123549,202105,0.0,0.0
1800003132,C000085,2021-05-02,2021-07-01,247874.28,Manufacturing,West,NT60,High,CLEARED,12.420680995423073,60,4,4,11.75,1.0,4,88701.4925,5,2,6,0,10.333333333333334,-1.416666666666666,122254.9,2.7944769925940087,354805.97,0.18646794067600866,60,0,0,16.16687295123549,202105,1.0,24.0
1800000553,C000017,2021-05-02,2021-07-31,243868.16,Logistics,Midwest,NT90,High,CLEARED,12.404387130944682,90,3,1,10.333333333333334,1.0,3,104189.96,5,2,6,0,10.333333333333334,0.0,155294.81,2.3406109379445006,312569.88,0.275418456932143,90,0,0,16.16687295123549,202105,1.0,23.0
1800000048,C000099,2021-05-02,2021-06-16,115052.59,Logistics,West,NT45,Low,CLEARED,11.653153298801106,45,3,4,0.0,0.0,0,115052.59,5,2,6,0,0.0,0.0,0.0,1.0,0.0,0.06811932560437267,45,0,0,16.16687295123549,202105,1.0,2.0
1800000720,C000019,2021-05-02,2021-05-16,234230.68,Logistics,Northeast,NT14,High,CLEARED,12.364065989998581,14,3,2,9.8,1.0,5,112651.73000000001,5,2,6,0,9.0,-0.8000000000000007,247674.67,2.079246186454482,563258.65,0.14689409600457998,14,0,0,16.16687295123549,202105,1.0,16.0
1800002103,C000187,2021-05-03,2021-06-17,168236.65,Manufacturing,West,NT45,High,CLEARED,12.033132842138274,45,4,4,33.0,1.0,1,69220.4,5,2,0,0,33.0,0.0,69220.4,2.4304489716904265,69220.4,0.546734814458252,45,0,1,16.16687295123549,202105,1.0,27.0
1800002824,C000049,2021-05-03,2021-07-02,239827.83,Construction,International,NT60,Low,CLEARED,12.387680739536739,60,0,0,0.0,0.0,0,239827.83,5,2,0,0,0.0,0.0,0.0,1.0,0.0,0.3596044480217453,60,0,1,16.16687295123549,202105,1.0,16.0
1800002829,C000027,2021-05-03,2021-05-17,248894.88,Logistics,South,NT14,High,CLEARED,12.42478993538622,14,3,3,14.333333333333334,1.0,3,209219.67333333334,5,2,0,0,14.333333333333334,0.0,246618.99,1.189634206164997,627659.02,0.15165001473819872,14,0,1,16.16687295123549,202105,1.0,2.0
1800002390,C000046,2021-05-03,2021-07-02,128959.78,Construction,International,NT60,Medium,CLEARED,11.76726360610926,60,0,0,1.0,0.5,2,83910.385,5,2,0,0,1.0,0.0,122916.14,1.5368750840554481,167820.77,0.8014146334733616,60,0,1,16.16687295123549,202105,0.0,0.0
1800000993,C000054,2021-05-03,2021-08-01,212118.91,Construction,Midwest,NT90,High,CLEARED,12.264907006962838,90,0,1,1.8,0.6,5,121261.192,5,2,0,0,1.3333333333333333,-0.4666666666666668,173186.89,1.7492728423781287,606305.96,0.19614589641987976,90,0,1,16.16687295123549,202105,1.0,3.0
1800003126,C000070,2021-05-04,2021-08-02,85040.7,Energy,Midwest,NT90,High,CLEARED,11.350897003408683,90,1,1,5.0,1.0,1,243557.77,5,2,1,0,5.0,0.0,243557.77,0.3491602834103794,243557.77,0.04831240598857567,90,0,0,16.16687295123549,202105,0.0,0.0
1800001338,C000061,2021-05-04,2021-06-03,31935.06,Energy,International,NT30,High,CLEARED,10.37149105786694,30,1,0,2.0,1.0,1,44438.85,5,2,1,0,2.0,0.0,44438.85,0.718629307464077,44438.85,0.026929109536930233,30,0,0,16.16687295123549,202105,1.0,3.0
1800002303,C000010,2021-05-04,2021-06-18,172958.12,Manufacturing,South,NT45,High,CLEARED,12.060810544978501,45,4,3,15.666666666666666,1.0,3,175401.75666666668,5,2,1,0,15.666666666666666,0.0,233029.3,0.9860683455336735,526205.27,0.21858952765317755,45,0,0,16.16687295123549,202105,0.0,-5.0
1800000814,C000102,2021-05-04,2021-06-18,86787.69,Healthcare,Northeast,NT45,High,CLEARED,11.371231592619548,45,2,2,5.0,1.0,2,81086.87,5,2,1,0,5.0,0.0,113175.64,1.0703050937839875,162173.74,0.12255965946854634,45,0,0,16.16687295123549,202105,0.0,0.0
1800004085,C000106,2021-05-05,2021-06-04,217601.69,Healthcare,Northeast,NT30,High,CLEARED,12.290426156019867,30,2,2,6.666666666666667,1.0,3,137075.96333333335,5,2,2,0,6.666666666666667,0.0,242710.29,1.5874532974891367,411227.89,0.796902337227553,30,0,0,16.16687295123549,202105,1.0,5.0
1800003448,C000163,2021-05-05,2021-08-03,51510.07,Retail,West,NT90,Medium,CLEARED,10.849552015009383,90,5,4,2.0,0.5,2,54175.424999999996,5,2,2,0,2.0,0.0,88838.18,0.9508014011888233,108350.84999999999,0.0457363595377663,90,0,0,16.16687295123549,202105,0.0,-4.0
1800002861,C000157,2021-05-05,2021-06-04,158296.34,Healthcare,South,NT30,Low,CLEARED,11.972230442190336,30,2,3,0.0,0.0,0,158296.34,5,2,2,0,0.0,0.0,0.0,1.0,0.0,0.1205576955824042,30,0,0,16.16687295123549,202105,1.0,4.0
1800000080,C000020,2021-05-05,2021-05-19,39007.09,Healthcare,West,NT14,High,CLEARED,10.571524339497369,14,2,4,2.0,1.0,1,175439.64,5,2,2,0,2.0,0.0,175439.64,0.2223390905270895,175439.64,0.019577580655774814,14,0,0,16.16687295123549,202105,0.0,0.0
1800002512,C000023,2021-05-05,2021-06-19,249683.32,Manufacturing,International,NT45,High,CLEARED,12.427952678941729,45,4,0,1.75,1.0,4,65600.1,5,2,2,0,2.0,0.25,134604.64,3.8061423686854132,262400.4,0.1364669901709711,45,0,0,16.16687295123549,202105,1.0,5.0
1800004852,C000152,2021-05-05,2021-05-19,66188.07,Construction,West,NT14,High,CLEARED,11.100270622553465,14,0,4,3.25,0.75,4,174758.71,5,2,2,0,2.0,-1.25,241179.08,0.3787397492233721,699034.84,0.04967441818576516,14,0,0,16.16687295123549,202105,0.0,-4.0
1800000607,C000188,2021-05-06,2021-06-20,35122.06,Construction,International,NT45,Low,CLEARED,10.466613173794016,45,0,0,0.0,0.0,2,104320.07499999998,5,2,3,0,0.0,0.0,135377.36,0.3366759465999234,208640.14999999997,0.021038460140695072,45,0,0,16.16687295123549,202105,1.0,4.0
1800002066,C000046,2021-05-06,2021-07-05,10303.49,Construction,International,NT60,Medium,CLEARED,9.240335001561288,60,0,0,0.6666666666666666,0.3333333333333333,3,98926.84999999999,5,2,3,0,0.6666666666666666,0.0,128959.78,0.10415261377472346,296780.55,0.06403056566819862,60,0,0,16.16687295123549,202105,0.0,0.0
1800002326,C000164,2021-05-06,2021-07-05,217659.4,Manufacturing,Midwest,NT60,Low,CLEARED,12.290691328976932,60,4,1,0.0,0.0,0,217659.4,5,2,3,0,0.0,0.0,0.0,1.0,0.0,0.42208982121753214,60,0,0,16.16687295123549,202105,1.0,3.0
1800004330,C000134,2021-05-06,2021-08-04,22433.42,Construction,West,NT90,Low,CLEARED,10.018351665613233,90,0,4,-0.5,0.0,2,77928.76999999999,5,2,3,0,-0.5,0.0,87633.23,0.2878708338396718,155857.53999999998,0.014091834425747797,90,0,0,16.16687295123549,202105,1.0,3.0
1800001359,C000084,2021-05-06,2021-07-05,119724.87,Logistics,West,NT60,High,CLEARED,11.692959991837155,60,3,4,13.0,1.0,1,96009.7,5,2,3,0,13.0,0.0,96009.7,1.2470080627269953,96009.7,0.27898224370754837,60,0,0,16.16687295123549,202105,1.0,13.0
1800000799,C000182,2021-05-06,2021-05-20,29943.77,Retail,West,NT14,High,CLEARED,10.307109963921027,14,5,4,21.0,1.0,2,220989.465,5,2,3,0,21.0,0.0,249682.11,0.13549863112252886,441978.93,0.02595766929061559,14,0,0,16.16687295123549,202105,1.0,17.0
1800003671,C000118,2021-05-06,2021-06-20,103947.03,Healthcare,Northeast,NT45,High,CLEARED,11.551646341687627,45,2,2,3.0,1.0,2,144130.695,5,2,3,0,3.0,0.0,191691.09,0.721199811046495,288261.39,0.14010758035611606,45,0,0,16.16687295123549,202105,0.0,-1.0
1800001717,C000025,2021-05-08,2021-08-06,150994.78,Energy,International,NT90,Low,CLEARED,11.925007168386669,90,1,0,0.0,0.0,0,150994.78,5,2,5,0,0.0,0.0,0.0,1.0,0.0,0.2213661133441599,90,0,0,16.16687295123549,202105,1.0,23.0
1800001800,C000033,2021-05-09,2021-05-23,188306.55,Energy,Northeast,NT14,High,CLEARED,12.145831809433577,14,1,2,6.5,1.0,2,139131.58500000002,5,2,6,0,6.5,0.0,232938.48,1.3534421389650664,278263.17000000004,0.10908170458570311,14,0,0,16.16687295123549,202105,1.0,1.0
1800003816,C000186,2021-05-09,2021-05-23,44478.85,Retail,International,NT14,High,CLEARED,10.702791556616619,14,5,0,10.0,1.0,1,241600.77,5,2,6,0,10.0,0.0,241600.77,0.1841006135866206,241600.77,0.14523562902334808,14,0,0,16.16687295123549,202105,1.0,17.0
1800003710,C000045,2021-05-09,2021-08-07,228387.86,Energy,International,NT90,High,CLEARED,12.338804981493938,90,1,0,9.0,1.0,1,208852.34,5,2,6,0,9.0,0.0,208852.34,1.0935374724554199,208852.34,0.3452422022435345,90,0,0,16.16687295123549,202105,1.0,17.0
1800000819,C000107,2021-05-09,2021-07-08,102807.87,Retail,Midwest,NT60,High,CLEARED,11.54062691232764,60,5,1,27.0,1.0,2,175345.26,5,2,6,0,27.0,0.0,199117.29,0.5863167900860279,350690.52,0.08348245409070267,60,0,0,16.16687295123549,202105,1.0,65.0
1800002720,C000061,2021-05-09,2021-06-08,228837.23,Energy,International,NT30,High,CLEARED,12.34077061369078,30,1,0,2.5,1.0,2,38186.955,5,2,6,0,2.5,0.0,44438.85,5.992549811840195,76373.91,0.1929660640311212,30,0,0,16.16687295123549,202105,0.0,0.0
1800003152,C000084,2021-05-09,2021-07-08,6403.64,Logistics,West,NT60,High,CLEARED,8.76477800666222,60,3,4,13.0,1.0,2,107867.285,5,2,6,0,13.0,0.0,119724.87,0.05936591432703623,215734.57,0.01492172724927916,60,0,0,16.16687295123549,202105,1.0,5.0
1800003873,C000094,2021-05-09,2021-05-23,137355.53,Healthcare,West,NT14,Low,CLEARED,11.830335233167233,14,2,4,0.0,0.0,0,137355.53,5,2,6,0,0.0,0.0,0.0,1.0,0.0,0.12395682371852756,14,0,0,16.16687295123549,202105,1.0,14.0
1800002608,C000139,2021-05-09,2021-08-07,86325.15,Retail,West,NT90,Medium,CLEARED,11.365887843918664,90,5,4,0.75,0.25,4,116528.89499999999,5,2,6,0,1.0,0.25,209795.58,0.7408046733816536,466115.57999999996,0.1721755568934665,90,0,0,16.16687295123549,202105,1.0,5.0
1800002870,C000061,2021-05-10,2021-06-09,79902.68,Energy,International,NT30,High,CLEARED,11.288577188265714,30,1,0,1.6666666666666667,0.6666666666666666,3,101737.04666666668,5,2,0,0,1.6666666666666667,0.0,228837.23,0.7853843080563834,305211.14,0.06737761012549481,30,0,1,16.16687295123549,202105,1.0,2.0
1800004338,C000143,2021-05-10,2021-08-08,228688.21,Healthcare,Midwest,NT90,Medium,CLEARED,12.340119199186462,90,2,1,1.5,0.5,2,132875.055,5,2,0,0,1.5,0.0,220366.26,1.7210770674751557,265750.11,0.2372380215698344,90,0,1,16.16687295123549,202105,1.0,8.0
1800004441,C000150,2021-05-10,2021-06-09,20572.64,Healthcare,Midwest,NT30,High,CLEARED,9.931765923725113,30,2,1,12.666666666666666,1.0,3,112410.27333333333,5,2,0,0,12.666666666666666,0.0,211773.74,0.18301387755721735,337230.82,0.020245381705339682,30,0,1,16.16687295123549,202105,1.0,1.0
1800004049,C000008,2021-05-10,2021-07-09,30259.45,Construction,South,NT60,High,CLEARED,10.31759685834876,60,0,3,1.5,0.75,4,93515.8425,5,2,0,0,1.0,-0.5,115314.55,0.3235756551089191,374063.37,0.01814834786756935,60,0,1,16.16687295123549,202105,0.0,0.0
1800002996,C000074,2021-05-10,2021-08-08,130763.64,Retail,Northeast,NT90,High,CLEARED,11.781154345066328,90,5,2,3.3333333333333335,0.6666666666666666,3,175643.18000000002,5,2,0,0,3.3333333333333335,0.0,241463.48,0.7444845851686356,526929.54,0.701337572706907,90,0,1,16.16687295123549,202105,0.0,0.0
1800001917,C000111,2021-05-10,2021-05-24,68001.81,Energy,International,NT14,High,CLEARED,11.127304306833862,14,1,0,8.666666666666666,1.0,3,123026.60000000002,5,2,0,0,8.666666666666666,0.0,244079.76,0.5527407081070271,369079.80000000005,0.062452687034780616,14,0,1,16.16687295123549,202105,1.0,15.0
1800002636,C000041,2021-05-10,2021-05-24,95927.89,Manufacturing,South,NT14,High,CLEARED,11.471362466807907,14,4,3,11.0,1.0,1,233510.12,5,2,0,0,11.0,0.0,233510.12,0.41080827674620696,233510.12,0.1138599956052612,14,0,1,16.16687295123549,202105,1.0,27.0
1800000809,C000100,2021-05-10,2021-08-08,99591.23,Energy,International,NT90,High,CLEARED,11.508839428481398,90,1,0,26.25,0.75,4,98116.585,5,2,0,0,35.666666666666664,9.416666666666664,196637.07,1.0150295182002105,392466.34,0.08270385465706596,90,0,1,16.16687295123549,202105,1.0,23.0
1800004723,C000198,2021-05-11,2021-08-09,221256.65,Construction,West,NT90,High,CLEARED,12.307083138543616,90,0,4,16.0,1.0,1,249539.5,5,2,1,0,16.0,0.0,249539.5,0.8866598274020746,249539.5,0.15083606617346448,90,0,0,16.16687295123549,202105,1.0,9.0
1800002664,C000025,2021-05-11,2021-08-09,103893.81,Energy,International,NT90,High,CLEARED,11.551134223962878,90,1,0,23.0,1.0,1,150994.78,5,2,1,0,23.0,0.0,150994.78,0.6880622628146483,150994.78,0.15231366885806658,90,0,0,16.16687295123549,202105,1.0,15.0
1800001938,C000057,2021-05-11,2021-06-10,128366.92,Manufacturing,Midwest,NT30,High,CLEARED,11.762655794784967,30,4,1,3.0,0.75,4,114333.7175,5,2,1,0,3.3333333333333335,0.3333333333333335,165520.07,1.1227389680563828,457334.87,0.09975948814608603,30,0,0,16.16687295123549,202105,0.0,-2.0
1800003807,C000062,2021-05-11,2021-06-10,21545.03,Retail,South,NT30,High,CLEARED,9.977946855822982,30,5,3,3.6666666666666665,1.0,3,129785.57666666666,5,2,1,0,3.6666666666666665,0.0,175204.04,0.16600481003628728,389356.73,0.011949453079646252,30,0,0,16.16687295123549,202105,1.0,2.0
1800003839,C000037,2021-05-11,2021-07-10,29882.6,Logistics,South,NT60,High,CLEARED,10.3050651139171,60,3,3,1.0,1.0,1,140543.46,5,2,1,0,1.0,0.0,140543.46,0.21262177549919434,140543.46,0.015175594793976621,60,0,0,16.16687295123549,202105,1.0,4.0
1800002740,C000089,2021-05-12,2021-07-11,141228.98,Logistics,International,NT60,High,CLEARED,11.858144904450128,60,3,0,17.5,1.0,6,131993.415,5,2,2,0,14.333333333333334,-3.166666666666666,216198.26,1.0699698920586305,791960.49,0.16009733462255527,60,0,0,16.16687295123549,202105,0.0,0.0
1800001582,C000061,2021-05-12,2021-06-11,65781.53,Energy,International,NT30,High,CLEARED,11.094109580541884,30,1,0,1.75,0.75,4,96278.455,5,2,2,0,1.6666666666666667,-0.08333333333333326,228837.23,0.6832424762113185,385113.82,0.055470007786954593,30,0,0,16.16687295123549,202105,1.0,2.0
1800004349,C000199,2021-05-12,2021-05-26,76674.68,Construction,West,NT14,High,CLEARED,11.247339857544365,14,0,4,35.0,1.0,1,65932.75,5,2,2,0,35.0,0.0,65932.75,1.1629225233286946,65932.75,0.04075939619769887,14,0,0,16.16687295123549,202105,1.0,4.0
1800001691,C000074,2021-05-12,2021-08-10,26157.01,Retail,Northeast,NT90,Medium,CLEARED,10.17191073234125,90,5,2,2.5,0.5,4,164423.29499999998,5,2,2,0,0.6666666666666666,-1.8333333333333335,241463.48,0.15908335859587294,657693.1799999999,0.14029048061579114,90,0,0,16.16687295123549,202105,1.0,6.0
1800003175,C000090,2021-05-12,2021-07-11,75797.92,Logistics,Northeast,NT60,Low,CLEARED,11.23583932350785,60,3,2,0.0,0.0,0,75797.92,5,2,2,0,0.0,0.0,0.0,1.0,0.0,0.08171084083484768,60,0,0,16.16687295123549,202105,1.0,30.0
1800004364,C000012,2021-05-12,2021-05-26,248588.91,Logistics,International,NT14,High,CLEARED,12.423559869946244,14,3,0,2.5,0.75,4,88345.70249999998,5,2,2,0,3.3333333333333335,0.8333333333333335,150420.61,2.813820061026738,353382.80999999994,0.2277346221061801,14,0,0,16.16687295123549,202105,0.0,-1.0
1800001480,C000003,2021-05-12,2021-06-11,125402.89,Construction,International,NT30,Medium,CLEARED,11.739294927433477,30,0,0,1.0,0.5,2,101991.98999999999,5,2,2,0,1.0,0.0,158187.08,1.2295366528293057,203983.97999999998,0.10957692772721446,30,0,0,16.16687295123549,202105,1.0,4.0
1800004788,C000196,2021-05-12,2021-05-26,150926.87,Healthcare,Midwest,NT14,High,CLEARED,11.924557319551408,14,2,1,3.0,1.0,1,148464.53,5,2,2,0,3.0,0.0,148464.53,1.0165853756449437,148464.53,0.6301106275602819,14,0,0,16.16687295123549,202105,1.0,3.0
1800000031,C000057,2021-05-13,2021-06-12,60244.97,Manufacturing,Midwest,NT30,High,CLEARED,11.006190961148997,30,4,1,2.0,0.6,5,117140.35800000001,5,2,3,0,0.0,-2.0,165520.07,0.514297301362183,585701.79,0.04681897307013604,30,0,0,16.16687295123549,202105,0.0,0.0
1800004279,C000018,2021-05-13,2021-06-27,73166.97,Manufacturing,Northeast,NT45,High,CLEARED,11.200513035882445,45,4,2,11.666666666666666,1.0,3,180092.27000000002,5,2,3,0,11.666666666666666,0.0,241978.76,0.40627490563587204,540276.81,0.07227396160330496,45,0,0,16.16687295123549,202105,1.0,14.0
1800004623,C000170,2021-05-13,2021-05-27,191461.07,Logistics,Midwest,NT14,High,CLEARED,12.162445000099686,14,3,1,8.25,1.0,4,137369.8325,5,2,3,0,6.666666666666667,-1.583333333333333,248555.31,1.3937635834272422,549479.33,0.24204378424454465,14,0,0,16.16687295123549,202105,1.0,25.0
1800002207,C000077,2021-05-13,2021-06-27,52505.96,Manufacturing,International,NT45,Medium,CLEARED,10.868701011221471,45,4,0,-0.3333333333333333,0.3333333333333333,3,102353.37333333334,5,2,3,0,-0.3333333333333333,0.0,126585.52,0.5129870984222894,307060.12,0.06036067328884126,45,0,0,16.16687295123549,202105,1.0,1.0
1800000685,C000136,2021-05-14,2021-07-13,72619.96,Construction,Midwest,NT60,High,CLEARED,11.19300886437971,60,0,1,10.666666666666666,0.6666666666666666,3,121561.11,5,2,4,0,10.666666666666666,0.0,197566.2,0.5973946766363025,364683.33,0.43368381398788136,60,0,0,16.16687295123549,202105,1.0,2.0
1800004020,C000005,2021-05-14,2021-05-28,231493.21,Logistics,Northeast,NT14,High,CLEARED,12.352310141396515,14,3,2,5.333333333333333,0.6666666666666666,3,105036.36666666665,5,2,4,0,5.333333333333333,0.0,166371.81,2.2039339073355864,315109.1,0.3244526110168193,14,0,0,16.16687295123549,202105,1.0,1.0
1800000113,C000008,2021-05-14,2021-07-13,67594.48,Construction,South,NT60,High,CLEARED,11.121296395890239,60,0,3,1.2,0.6,5,80864.564,5,2,4,0,0.0,-1.2,115314.55,0.8358974148429218,404322.82,0.04054033159781354,60,0,0,16.16687295123549,202105,1.0,1.0
1800002831,C000069,2021-05-14,2021-06-28,129734.74,Retail,South,NT45,High,CLEARED,11.773254891327399,45,5,3,4.0,1.0,4,124609.0325,5,2,4,0,5.0,1.0,237104.74,1.0411343174500614,498436.13,0.09972772550631688,45,0,0,16.16687295123549,202105,0.0,-3.0
1800001350,C000142,2021-05-14,2021-06-28,226046.27,Energy,Northeast,NT45,High,CLEARED,12.328499415675703,45,1,2,8.0,1.0,2,85692.675,5,2,4,0,8.0,0.0,136543.17,2.637871556699566,171385.35,0.6051307960734729,45,0,0,16.16687295123549,202105,1.0,19.0
1800000843,C000106,2021-05-15,2021-06-14,62630.5,Healthcare,Northeast,NT30,High,CLEARED,11.045023625416276,30,2,2,6.25,1.0,4,157207.39500000002,5,2,5,0,5.333333333333333,-0.916666666666667,242710.29,0.398394108623198,628829.5800000001,0.22936582814099585,30,0,0,16.16687295123549,202105,1.0,26.0
1800000651,C000188,2021-05-15,2021-06-29,184223.48,Construction,International,NT45,Medium,CLEARED,12.123910292995852,45,0,0,1.3333333333333333,0.3333333333333333,3,81254.06999999999,5,2,5,0,1.3333333333333333,0.0,135377.36,2.2672523357906873,243762.20999999996,0.1103516804242159,45,0,0,16.16687295123549,202105,1.0,4.0
1800004422,C000074,2021-05-15,2021-08-13,20023.68,Retail,Northeast,NT90,High,CLEARED,9.904720791783909,90,5,2,3.2,0.6,5,136770.038,5,2,5,0,1.6666666666666667,-1.5333333333333334,241463.48,0.14640399529610426,683850.19,0.10739498478215992,90,0,0,16.16687295123549,202105,0.0,0.0
1800002053,C000174,2021-05-16,2021-06-30,86340.48,Retail,South,NT45,High,CLEARED,11.366065410496027,45,5,3,3.0,1.0,3,145375.29,5,2,6,0,3.0,0.0,233163.08,0.5939144128276544,436125.87,0.11055966607837146,45,0,0,16.16687295123549,202105,1.0,4.0
1800002810,C000012,2021-05-16,2021-05-30,53422.59,Logistics,International,NT14,High,CLEARED,10.886007687700557,14,3,0,1.8,0.6,5,120394.344,5,2,6,0,1.3333333333333333,-0.4666666666666668,248588.91,0.4437300642628195,601971.72,0.04894093363048011,14,0,0,16.16687295123549,202105,1.0,1.0
1800000439,C000078,2021-05-16,2021-06-15,200472.9,Construction,International,NT30,High,CLEARED,12.208439342691726,30,0,0,5.0,1.0,1,172613.43,5,2,6,0,5.0,0.0,172613.43,1.1613980441730403,172613.43,0.23813472046177345,30,0,0,16.16687295123549,202105,1.0,22.0
1800001091,C000099,2021-05-17,2021-07-01,49691.51,Logistics,West,NT45,High,CLEARED,10.813609496502345,45,3,4,2.0,1.0,1,115052.59,5,2,0,0,2.0,0.0,115052.59,0.4319025760306657,115052.59,0.029420912206000235,45,0,1,16.16687295123549,202105,1.0,2.0
1800003452,C000019,2021-05-17,2021-05-31,2431.89,Logistics,Northeast,NT14,High,CLEARED,7.7968351300886125,14,3,2,10.833333333333334,1.0,6,132914.88833333334,5,2,0,0,12.0,1.166666666666666,247674.67,0.018296595893013388,797489.3300000001,0.001525121658412032,14,0,1,16.16687295123549,202105,1.0,6.0
1800001610,C000184,2021-05-17,2021-06-16,143897.17,Retail,International,NT30,High,CLEARED,11.876861175629898,30,5,0,34.0,1.0,1,127146.04,5,2,0,0,34.0,0.0,127146.04,1.131747162554178,127146.04,0.11142684564467258,30,0,1,16.16687295123549,202105,1.0,32.0
1800002463,C000161,2021-05-17,2021-07-16,213210.53,Construction,Midwest,NT60,High,CLEARED,12.270040050486942,60,0,1,3.3333333333333335,0.6666666666666666,3,92131.42666666668,5,2,0,0,3.3333333333333335,0.0,169502.6,2.3141998090553826,276394.28,0.12921290615369527,60,0,1,16.16687295123549,202105,0.0,-4.0
1800002670,C000123,2021-05-17,2021-08-15,77356.62,Healthcare,Midwest,NT90,Low,CLEARED,11.256194364400555,90,2,1,0.0,0.0,0,77356.62,5,2,0,0,0.0,0.0,0.0,1.0,0.0,0.07127686257016817,90,0,1,16.16687295123549,202105,1.0,1.0
1800000265,C000178,2021-05-17,2021-05-31,106428.19,Retail,West,NT14,Medium,CLEARED,11.57523516037003,14,5,4,1.25,0.25,4,108733.23000000001,5,2,0,0,-0.3333333333333333,-1.5833333333333333,182230.15,0.9788009608470197,434932.92000000004,0.09537718212620745,14,0,1,16.16687295123549,202105,1.0,3.0
1800000920,C000067,2021-05-17,2021-05-31,228866.49,Manufacturing,West,NT14,Medium,CLEARED,12.340898468767792,14,4,4,1.5,0.5,2,118677.45999999999,5,2,0,0,1.5,0.0,217140.81,1.9284747920961571,237354.91999999998,0.13935357435618173,14,0,1,16.16687295123549,202105,1.0,5.0
1800000050,C000035,2021-05-17,2021-08-15,16145.53,Healthcare,International,NT90,High,CLEARED,9.689460444883824,90,2,0,1.0,0.6,5,86001.224,5,2,0,0,1.6666666666666667,0.6666666666666667,213894.73,0.18773604896600077,430006.12,0.010218638909573034,90,0,1,16.16687295123549,202105,0.0,-2.0
1800004625,C000125,2021-05-18,2021-06-17,154092.14,Logistics,South,NT30,High,CLEARED,11.94531250376962,30,3,3,4.0,1.0,2,124689.205,5,2,1,0,4.0,0.0,167788.66,1.2358097880245529,249378.41,0.2316065798802616,30,0,0,16.16687295123549,202105,0.0,0.0
1800004257,C000094,2021-05-19,2021-06-02,11246.71,Healthcare,West,NT14,High,CLEARED,9.327919831356766,14,2,4,14.0,1.0,1,137355.53,5,2,2,0,14.0,0.0,137355.53,0.08188028541697592,137355.53,0.010149620105454808,14,0,0,16.16687295123549,202105,1.0,8.0
1800001498,C000084,2021-05-19,2021-07-18,104647.89,Logistics,West,NT60,High,CLEARED,11.558366121033373,60,3,4,10.333333333333334,1.0,3,74046.06999999999,5,2,2,0,10.333333333333334,0.0,119724.87,1.4132808128777126,222138.21,0.24384994656048248,60,0,0,16.16687295123549,202105,1.0,21.0
1800004478,C000136,2021-05-19,2021-07-18,177231.27,Construction,Midwest,NT60,High,CLEARED,12.085216411182474,60,0,1,8.5,0.75,4,109325.82250000001,5,2,2,0,2.6666666666666665,-5.833333333333334,197566.2,1.6211290795456854,437303.29000000004,1.0584188304636353,60,0,0,16.16687295123549,202105,1.0,16.0
1800003580,C000158,2021-05-19,2021-07-03,228425.11,Logistics,International,NT45,Medium,CLEARED,12.338968067218044,45,3,0,1.0,0.5,2,168070.225,5,2,2,0,1.0,0.0,243924.66,1.3591051597628312,336140.45,0.2655469327777549,45,0,0,16.16687295123549,202105,1.0,2.0
1800003379,C000122,2021-05-19,2021-06-02,184097.61,Manufacturing,Midwest,NT14,Low,CLEARED,12.123226816948234,14,4,1,0.0,0.0,0,184097.61,5,2,2,0,0.0,0.0,0.0,1.0,0.0,0.13159370299158685,14,0,0,16.16687295123549,202105,1.0,3.0
1800004324,C000099,2021-05-19,2021-07-03,72869.87,Logistics,West,NT45,High,CLEARED,11.196444249662633,45,3,4,2.0,1.0,2,82372.05,5,2,2,0,2.0,0.0,115052.59,0.8846431526227646,164744.1,0.043144151742071236,45,0,0,16.16687295123549,202105,0.0,0.0
1800004373,C000114,2021-05-20,2021-06-19,128618.94,Manufacturing,West,NT30,High,CLEARED,11.764617133198309,30,4,4,21.0,1.0,1,170086.45,5,2,3,0,21.0,0.0,170086.45,0.7561974513548845,170086.45,0.12049671888721347,30,0,0,16.16687295123549,202105,1.0,7.0
1800004702,C000070,2021-05-20,2021-08-18,121974.65,Energy,Midwest,NT90,Medium,CLEARED,11.711576713630691,90,1,1,2.5,0.5,2,164299.235,5,2,3,0,2.5,0.0,243557.77,0.7423932923363886,328598.47,0.06929492362027148,90,0,0,16.16687295123549,202105,0.0,0.0
1800002934,C000156,2021-05-21,2021-06-20,3274.02,Retail,Northeast,NT30,High,CLEARED,8.094079254920935,30,5,2,15.0,1.0,2,140630.3,5,2,4,0,15.0,0.0,244580.13,0.023281042563373613,281260.6,0.042705420098634046,30,0,0,16.16687295123549,202105,1.0,4.0
1800000812,C000126,2021-05-21,2021-06-20,144999.5,Manufacturing,Northeast,NT30,Low,CLEARED,11.884492469672628,30,4,2,0.0,0.0,0,144999.5,5,2,4,0,0.0,0.0,0.0,1.0,0.0,0.1458472737404347,30,0,0,16.16687295123549,202105,1.0,11.0
1800000068,C000122,2021-05-21,2021-06-04,213345.39,Manufacturing,Midwest,NT14,High,CLEARED,12.27067236791991,14,4,1,3.0,1.0,1,184097.61,5,2,4,0,3.0,0.0,184097.61,1.158871046723529,184097.61,0.15250013232808546,14,0,0,16.16687295123549,202105,1.0,10.0
1800002284,C000066,2021-05-21,2021-07-20,88707.21,Retail,Northeast,NT60,High,CLEARED,11.39310772320261,60,5,2,15.0,1.0,1,36379.78,5,2,4,0,15.0,0.0,36379.78,2.4383657625197297,36379.78,0.05595326910491615,60,0,0,16.16687295123549,202105,1.0,39.0
1800001398,C000020,2021-05-21,2021-06-04,194963.44,Healthcare,West,NT14,Medium,CLEARED,12.180572461942106,14,2,4,1.0,0.5,2,107223.365,5,2,4,0,1.0,0.0,175439.64,1.8182924962297162,214446.73,0.0978517616035268,14,0,0,16.16687295123549,202105,0.0,0.0
1800003284,C000011,2021-05-21,2021-07-05,132824.43,Retail,Northeast,NT45,Low,CLEARED,11.796790988656271,45,5,2,0.0,0.0,1,241143.99,5,2,4,0,0.0,0.0,241143.99,0.5508096220851285,241143.99,0.2896689572838899,45,0,0,16.16687295123549,202105,1.0,3.0
1800004700,C000124,2021-05-21,2021-08-19,213277.73,Retail,Midwest,NT90,Low,CLEARED,12.270355180781154,90,5,1,0.0,0.0,0,213277.73,5,2,4,0,0.0,0.0,0.0,1.0,0.0,0.22815253126096288,90,0,0,16.16687295123549,202105,0.0,0.0
1800003310,C000112,2021-05-21,2021-06-04,242663.76,Logistics,International,NT14,High,CLEARED,12.39943618133699,14,3,0,11.5,1.0,2,195029.49,5,2,4,0,11.5,0.0,205997.42,1.2442413708819113,390058.98,3.2497424392028624,14,0,0,16.16687295123549,202105,1.0,18.0
1800003726,C000052,2021-05-22,2021-06-05,90451.91,Construction,South,NT14,High,CLEARED,11.412584662776897,14,0,3,34.0,1.0,2,61562.015,5,2,5,0,34.0,0.0,74250.25,1.4692811793116258,123124.03,0.08726876857587951,14,0,0,16.16687295123549,202105,1.0,38.0
1800002763,C000019,2021-05-22,2021-06-05,125250.84,Logistics,Northeast,NT14,High,CLEARED,11.738081709457967,14,3,2,10.142857142857142,1.0,7,114274.45999999999,5,2,5,0,8.0,-2.1428571428571423,247674.67,1.0960527837978846,799921.22,0.07854909918553063,14,0,0,16.16687295123549,202105,1.0,4.0
1800003062,C000059,2021-05-22,2021-06-05,47198.04,Retail,South,NT14,High,CLEARED,10.762128832383755,14,5,3,16.0,1.0,3,88144.14666666667,5,2,5,0,16.0,0.0,161313.96,0.5354642569572781,264432.44,0.036520501243957726,14,0,0,16.16687295123549,202105,1.0,12.0
1800003101,C000010,2021-05-22,2021-07-06,92898.09,Manufacturing,South,NT45,High,CLEARED,11.439269129274944,45,4,3,10.5,0.75,4,174790.8475,5,2,5,0,9.0,-1.5,233029.3,0.5314814324016593,699163.39,0.11740732156999843,45,0,0,16.16687295123549,202105,0.0,0.0
1800002997,C000186,2021-05-23,2021-06-06,245546.85,Retail,International,NT14,High,CLEARED,12.411247115574852,14,5,0,13.5,1.0,2,143039.81,5,2,6,0,13.5,0.0,241600.77,1.716632942954832,286079.62,0.8017777261429128,14,0,0,16.16687295123549,202105,1.0,12.0
1800000193,C000025,2021-05-23,2021-08-21,150997.35,Energy,International,NT90,High,CLEARED,11.925024188585041,90,1,0,19.0,1.0,2,127444.295,5,2,6,0,19.0,0.0,150994.78,1.1848105872451962,254888.59,0.22136988109633846,90,0,0,16.16687295123549,202105,1.0,10.0
1800002812,C000069,2021-05-23,2021-07-07,93705.1,Retail,South,NT45,High,CLEARED,11.447918567494916,45,5,3,2.6,0.8,5,125634.174,5,2,6,0,1.3333333333333333,-1.2666666666666668,237104.74,0.7458567761984889,628170.87,0.07203156603498781,45,0,0,16.16687295123549,202105,1.0,2.0
1800001215,C000089,2021-05-23,2021-07-22,203620.83,Logistics,International,NT60,High,CLEARED,12.22401977795014,60,3,0,15.0,0.8571428571428571,7,133312.7814285714,5,2,6,0,8.666666666666666,-6.333333333333334,216198.26,1.527391656058871,933189.47,0.23082480774577877,60,0,0,16.16687295123549,202105,1.0,8.0
1800003979,C000027,2021-05-23,2021-06-06,11660.82,Logistics,South,NT14,High,CLEARED,9.364075536917658,14,3,3,11.25,1.0,4,219138.475,5,2,6,0,10.0,-1.25,248894.88,0.05321210709347137,876553.9,0.007104860995370746,14,0,0,16.16687295123549,202105,1.0,8.0
1800000263,C000111,2021-05-23,2021-06-06,171668.2,Energy,International,NT14,High,CLEARED,12.05332464815043,14,1,0,10.25,1.0,4,109270.4025,5,2,6,0,8.0,-2.25,244079.76,1.5710402457792723,437081.61,0.1576596324189625,14,0,0,16.16687295123549,202105,1.0,16.0
1800002456,C000062,2021-05-23,2021-06-22,161836.94,Retail,South,NT30,High,CLEARED,11.994350743139757,30,5,3,3.25,1.0,4,102725.44,5,2,6,0,2.0,-1.25,175204.04,1.5754319475292586,410901.76,0.08975911943884626,30,0,0,16.16687295123549,202105,0.0,0.0
1800002737,C000016,2021-05-24,2021-07-23,144148.58,Manufacturing,West,NT60,High,CLEARED,11.87860678943067,60,4,4,30.0,1.0,1,224363.65,5,2,0,0,30.0,0.0,224363.65,0.6424774244847594,224363.65,0.44727868190778225,60,0,1,16.16687295123549,202105,1.0,10.0
1800000201,C000087,2021-05-24,2021-07-23,141558.45,Construction,South,NT60,High,CLEARED,11.860475049173525,60,0,3,12.0,1.0,1,190662.41,5,2,0,0,12.0,0.0,190662.41,0.7424559985368905,190662.41,0.07697299020498188,60,0,1,16.16687295123549,202105,0.0,0.0
1800003916,C000176,2021-05-25,2021-06-08,123522.27,Healthcare,International,NT14,Low,CLEARED,11.724184838353784,14,2,0,0.0,0.0,0,123522.27,5,2,1,0,0.0,0.0,0.0,1.0,0.0,0.08937208530857364,14,1,0,16.16687295123549,202105,0.0,0.0
1800004232,C000179,2021-05-25,2021-07-09,161523.34,Retail,International,NT45,High,CLEARED,11.992411122363228,45,5,0,3.0,1.0,1,138912.86,5,2,1,0,3.0,0.0,138912.86,1.162767363655172,138912.86,0.08386654842170932,45,1,0,16.16687295123549,202105,1.0,1.0
1800004348,C000009,2021-05-25,2021-07-09,206735.83,Manufacturing,International,NT45,High,CLEARED,12.23920191073608,45,4,0,9.0,1.0,2,120881.325,5,2,1,0,9.0,0.0,134636.0,1.7102379544565713,241762.65,1.113683139820206,45,1,0,16.16687295123549,202105,1.0,21.0
1800001363,C000023,2021-05-25,2021-07-09,3312.45,Manufacturing,International,NT45,High,CLEARED,8.105745221630213,45,4,0,2.4,1.0,5,102416.744,5,2,1,0,3.0,0.6000000000000001,249683.32,0.03234285596894195,512083.72000000003,0.0018104536642328899,45,1,0,16.16687295123549,202105,1.0,1.0
1800001768,C000157,2021-05-26,2021-06-25,174601.98,Healthcare,South,NT30,High,CLEARED,12.070269989825036,30,2,3,4.0,1.0,1,158296.34,5,2,2,0,4.0,0.0,158296.34,1.1030070562591656,158296.34,0.13297598891373627,30,1,0,16.16687295123549,202105,1.0,4.0
1800001416,C000046,2021-05-26,2021-07-25,215342.69,Construction,International,NT60,Medium,CLEARED,12.279990588915288,60,0,0,0.5,0.25,4,76771.01,5,2,2,0,0.6666666666666666,0.16666666666666663,128959.78,2.805000090528964,307084.04,1.3382372626373722,60,1,0,16.16687295123549,202105,1.0,3.0
1800002230,C000148,2021-05-26,2021-07-10,35971.85,Construction,Northeast,NT45,High,CLEARED,10.490519766244837,45,0,2,8.5,0.75,4,126638.28,5,2,2,0,4.666666666666667,-3.833333333333333,248646.7,0.2840519470100194,506553.12,0.02793213732679976,45,1,0,16.16687295123549,202105,1.0,13.0
1800001199,C000185,2021-05-26,2021-06-25,188329.05,Logistics,South,NT30,Low,CLEARED,12.145951287680182,30,3,3,0.0,0.0,0,188329.05,5,2,2,0,0.0,0.0,0.0,1.0,0.0,1.4843783620949347,30,1,0,16.16687295123549,202105,1.0,12.0
1800003216,C000028,2021-05-26,2021-08-24,154383.21,Manufacturing,Northeast,NT90,High,CLEARED,11.947199644503824,90,4,2,25.666666666666668,1.0,3,70760.35333333333,5,2,2,0,25.666666666666668,0.0,153401.38,2.1817755667886716,212281.06,0.15804986573309368,90,1,0,16.16687295123549,202105,1.0,23.0
1800000045,C000194,2021-05-27,2021-08-25,196023.52,Construction,Midwest,NT90,High,CLEARED,12.185995032428863,90,0,1,10.0,1.0,4,149538.35,5,2,3,0,7.333333333333333,-2.666666666666667,219422.45,1.3108578501768944,598153.4,0.14930323286345068,90,1,0,16.16687295123549,202105,1.0,2.0
1800000568,C000163,2021-05-27,2021-08-25,78866.02,Retail,West,NT90,Medium,CLEARED,11.275518421983527,90,5,4,0.0,0.3333333333333333,3,53286.97333333333,5,2,3,0,0.0,0.0,88838.18,1.4800243861977025,159860.91999999998,0.07002600940034964,90,1,0,16.16687295123549,202105,0.0,0.0
1800000515,C000046,2021-05-27,2021-07-26,235285.11,Construction,International,NT60,Medium,CLEARED,12.36855754194883,60,0,0,1.0,0.4,5,104485.34599999999,5,2,3,0,1.0,0.0,215342.69,2.251847928990923,522426.73,1.4621685163574996,60,1,0,16.16687295123549,202105,1.0,5.0
1800000218,C000179,2021-05-27,2021-07-11,127259.89,Retail,International,NT45,High,CLEARED,11.753994510318828,45,5,0,2.0,1.0,2,150218.09999999998,5,2,3,0,2.0,0.0,161523.34,0.8471674851432685,300436.19999999995,0.0660761950986551,45,1,0,16.16687295123549,202105,1.0,2.0
1800001050,C000147,2021-05-27,2021-07-11,155035.36,Energy,International,NT45,High,CLEARED,11.951414949036808,45,1,0,19.0,1.0,2,106164.795,5,2,3,0,19.0,0.0,179998.55,1.460327408911777,212329.59,0.16024714023835676,45,1,0,16.16687295123549,202105,1.0,10.0
1800000007,C000053,2021-05-27,2021-07-11,212160.26,Manufacturing,South,NT45,Medium,CLEARED,12.265101924876026,45,4,3,0.0,0.5,2,125253.22,5,2,3,0,0.0,0.0,174321.93,1.693850744914981,250506.44,0.3502581474995411,45,1,0,16.16687295123549,202105,0.0,0.0
1800004827,C000020,2021-05-27,2021-06-10,175614.03,Healthcare,West,NT14,Medium,CLEARED,12.07604954877547,14,2,4,0.6666666666666666,0.3333333333333333,3,136470.05666666667,5,2,3,0,0.6666666666666666,0.0,194963.44,1.2868319563238988,409410.17000000004,0.08814033132465554,14,1,0,16.16687295123549,202105,1.0,5.0
1800000741,C000033,2021-05-27,2021-06-10,29049.04,Energy,Northeast,NT14,High,CLEARED,10.276775139215426,14,1,2,4.666666666666667,1.0,3,155523.24,5,2,3,0,4.666666666666667,0.0,232938.48,0.18678263132892553,466569.72,0.01682744864572302,14,1,0,16.16687295123549,202105,1.0,4.0
1800003011,C000002,2021-05-28,2021-08-26,29119.19,Construction,South,NT90,High,CLEARED,10.279187027014611,90,0,3,2.0,0.6666666666666666,3,159857.41,5,2,4,0,2.0,0.0,226364.41,0.18215727378543164,479572.23,0.2600479816160967,90,1,0,16.16687295123549,202105,1.0,6.0
1800000637,C000181,2021-05-28,2021-07-27,157627.29,Retail,International,NT60,High,CLEARED,11.967994945372949,60,5,0,2.0,1.0,1,169690.5,5,2,4,0,2.0,0.0,169690.5,0.9289105164991559,169690.5,0.2514187708018596,60,1,0,16.16687295123549,202105,1.0,3.0
1800002430,C000093,2021-05-28,2021-06-27,109981.36,Manufacturing,Northeast,NT30,High,CLEARED,11.608075268278567,30,4,2,1.0,1.0,1,68753.61,5,2,4,0,1.0,0.0,68753.61,1.599644876829013,68753.61,0.07837884339585488,30,1,0,16.16687295123549,202105,0.0,-2.0
1800000199,C000149,2021-05-28,2021-06-11,190209.41,Retail,West,NT14,High,CLEARED,12.155886159456893,14,5,4,2.3333333333333335,0.6666666666666666,3,76378.03,5,2,4,0,2.3333333333333335,0.0,93926.97,2.490368107163801,229134.09,0.27174660719643995,14,1,0,16.16687295123549,202105,0.0,0.0
1800003844,C000087,2021-05-29,2021-07-28,188354.54,Construction,South,NT60,Medium,CLEARED,12.146086626013878,60,0,3,6.0,0.5,2,166110.43,5,2,5,0,6.0,0.0,190662.41,1.1339115791825958,332220.86,0.10241855687515558,60,1,0,16.16687295123549,202105,1.0,9.0
1800002617,C000172,2021-05-29,2021-07-13,38240.74,Logistics,Northeast,NT45,High,CLEARED,10.5516828682222,45,3,2,15.25,1.0,4,110675.725,5,2,5,0,15.666666666666666,0.4166666666666661,154723.31,0.3455205737301472,442702.9,0.0426677603564751,45,1,0,16.16687295123549,202105,1.0,11.0
1800004765,C000169,2021-05-29,2021-06-28,64627.89,Healthcare,South,NT30,High,CLEARED,11.076416803422777,30,2,3,2.0,1.0,1,207611.44,5,2,5,0,2.0,0.0,207611.44,0.3112925280032738,207611.44,0.09100027976846509,30,1,0,16.16687295123549,202105,1.0,6.0
1800003213,C000180,2021-05-29,2021-07-28,140264.75,Manufacturing,Midwest,NT60,High,CLEARED,11.85129411654507,60,4,1,20.0,1.0,2,39199.454999999994,5,2,5,0,20.0,0.0,66865.65,3.5782321463397904,78398.90999999999,0.08183454562717685,60,1,0,16.16687295123549,202105,1.0,8.0
1800004629,C000199,2021-05-29,2021-06-12,197000.25,Construction,West,NT14,High,CLEARED,12.19096535287766,14,0,4,19.5,1.0,2,71303.715,5,2,5,0,19.5,0.0,76674.68,2.7628329042883673,142607.43,0.10472311382056929,14,1,0,16.16687295123549,202105,1.0,37.0
1800004883,C000068,2021-05-30,2021-07-14,232651.41,Manufacturing,Northeast,NT45,High,CLEARED,12.357300816127372,45,4,2,2.6666666666666665,1.0,3,67479.55666666667,5,2,6,0,2.6666666666666665,0.0,79311.41,3.4477317500653406,202438.67,0.17400160834399706,45,1,0,16.16687295123549,202105,1.0,3.0
1800004306,C000163,2021-05-30,2021-08-28,128435.09,Retail,West,NT90,Medium,CLEARED,11.763186705510241,90,5,4,0.0,0.25,4,59681.735,5,2,6,0,-1.3333333333333333,-1.3333333333333333,88838.18,2.1519999376693724,238726.94,0.11403893362026829,90,1,0,16.16687295123549,202105,1.0,1.0
1800002272,C000121,2021-05-30,2021-06-29,175672.08,Logistics,West,NT30,High,CLEARED,12.076380046727868,30,3,4,9.0,1.0,3,228103.81999999998,5,2,6,0,9.0,0.0,238023.15,0.7701408946154431,684311.46,0.17443332430412184,30,1,0,16.16687295123549,202105,1.0,5.0
1800003741,C000155,2021-05-30,2021-07-29,249366.55,Energy,West,NT60,High,CLEARED,12.426683191493291,60,1,4,30.666666666666668,1.0,3,53119.63333333334,5,2,6,0,30.666666666666668,0.0,82702.47,4.694432817997614,159358.90000000002,0.12803548140910848,60,1,0,16.16687295123549,202105,1.0,35.0
1800000436,C000099,2021-05-30,2021-07-14,245026.79,Logistics,West,NT45,High,CLEARED,12.409126911665759,45,3,4,1.3333333333333333,0.6666666666666666,3,79204.65666666666,5,2,6,0,1.3333333333333333,0.0,115052.59,3.0935907093341357,237613.97,0.14507330682259517,45,1,0,16.16687295123549,202105,1.0,7.0
1800004970,C000078,2021-05-31,2021-06-30,41572.23,Construction,International,NT30,High,CLEARED,10.635211729492788,30,0,0,13.5,1.0,2,186543.16499999998,5,2,0,0,13.5,0.0,200472.9,0.22285581999211823,373086.32999999996,0.04938219265557865,30,1,1,16.16687295123549,202105,1.0,15.0
1800002348,C000194,2021-05-31,2021-08-29,81334.88,Construction,Midwest,NT90,High,CLEARED,11.306342526592445,90,0,1,8.4,1.0,5,158835.38400000002,5,2,0,0,5.0,-3.4000000000000004,219422.45,0.5120702827777971,794176.92,0.061949507531345316,90,1,1,16.16687295123549,202105,0.0,-1.0
1800000686,C000077,2021-05-31,2021-07-15,178821.18,Manufacturing,International,NT45,Medium,CLEARED,12.094147183245084,45,4,0,0.0,0.5,4,89891.52,5,2,0,0,-0.3333333333333333,-0.3333333333333333,126585.52,1.9892997693219558,359566.08,0.2055722211936526,45,1,1,16.16687295123549,202105,1.0,5.0
1800000437,C000197,2021-05-31,2021-06-30,19685.25,Healthcare,West,NT30,High,CLEARED,9.88767570148879,30,2,4,40.0,1.0,3,21572.386666666665,5,2,0,0,40.0,0.0,33874.81,0.9125207286599103,64717.159999999996,0.01450165907996794,30,1,1,16.16687295123549,202105,1.0,28.0
1800000173,C000094,2021-05-31,2021-06-14,154913.19,Healthcare,West,NT14,High,CLEARED,11.950626629697952,14,2,4,11.0,1.0,2,74301.12,5,2,0,0,11.0,0.0,137355.53,2.084937481426929,148602.24,0.13980177561474785,14,1,1,16.16687295123549,202105,1.0,8.0
1800001098,C000030,2021-05-31,2021-06-30,215017.61,Healthcare,Midwest,NT30,High,CLEARED,12.278479861503396,30,2,1,37.0,1.0,1,214420.69,5,2,0,0,37.0,0.0,214420.69,1.0027838731420926,214420.69,0.1632306828266181,30,1,1,16.16687295123549,202105,1.0,28.0
1800004383,C000048,2021-05-31,2021-06-14,105458.99,Manufacturing,International,NT14,High,CLEARED,11.566086918261774,14,4,0,2.0,0.6666666666666666,3,155105.57666666666,5,2,0,0,2.0,0.0,211893.15,0.679917461811442,465316.73,0.08720574961464671,14,1,1,16.16687295123549,202105,1.0,2.0
1800003700,C000131,2021-05-31,2021-07-15,225910.75,Energy,Northeast,NT45,High,CLEARED,12.327899715268964,45,1,2,5.333333333333333,0.6666666666666666,3,137182.44333333333,5,2,0,0,5.333333333333333,0.0,196911.85,1.6467905404707643,411547.33,0.11984184642172219,45,1,1,16.16687295123549,202105,1.0,5.0
1800003867,C000010,2021-06-01,2021-07-16,187523.64,Manufacturing,South,NT45,High,CLEARED,12.141665529091961,45,4,3,8.4,0.6,5,158412.296,6,2,1,1,1.6666666666666667,-6.733333333333333,233029.3,1.1837694720364385,792061.48,0.2369978575819656,45,0,0,15.918226513162972,202106,1.0,12.0
1800004098,C000083,2021-06-01,2021-06-15,51350.51,Manufacturing,South,NT14,Low,CLEARED,10.846449620961357,14,4,3,0.0,0.0,0,51350.51,6,2,1,1,0.0,0.0,0.0,1.0,0.0,0.041345540412448874,14,0,0,15.918226513162972,202106,0.0,0.0
1800001369,C000063,2021-06-02,2021-06-16,18636.25,Manufacturing,Midwest,NT14,High,CLEARED,9.832917545166797,14,4,1,10.2,1.0,5,128237.428,6,2,2,1,12.666666666666666,2.466666666666667,171658.17,0.14532613676562509,641187.14,0.03473134696275035,14,0,0,15.918226513162972,202106,1.0,9.0
1800000557,C000176,2021-06-02,2021-06-16,117151.67,Healthcare,International,NT14,Low,CLEARED,11.671233234969439,14,2,0,0.0,0.0,1,123522.27,6,2,2,1,0.0,0.0,123522.27,0.9484254944472765,123522.27,0.08476276419856814,14,0,0,15.918226513162972,202106,1.0,3.0
1800002583,C000156,2021-06-02,2021-07-02,143798.14,Retail,Northeast,NT30,High,CLEARED,11.876172743722687,30,5,2,11.333333333333334,1.0,3,94844.87333333334,6,2,2,1,11.333333333333334,0.0,244580.13,1.5161403557851767,284534.62,1.8756635506509407,30,0,0,15.918226513162972,202106,1.0,23.0
1800003247,C000154,2021-06-03,2021-08-02,113065.33,Manufacturing,South,NT60,High,CLEARED,11.635729916633002,60,4,3,11.0,1.0,2,144461.91999999998,6,2,3,1,11.0,0.0,240470.24,0.7826652864644192,288923.83999999997,0.10086308539603309,60,0,0,15.918226513162972,202106,1.0,14.0
1800002467,C000055,2021-06-03,2021-09-01,137866.49,Logistics,Midwest,NT90,High,CLEARED,11.834048285443993,90,3,1,18.0,1.0,1,170315.7,6,2,3,1,18.0,0.0,170315.7,0.8094761081920221,170315.7,0.07329762334473316,90,0,0,15.918226513162972,202106,0.0,0.0
1800003993,C000065,2021-06-03,2021-07-03,13439.54,Healthcare,Northeast,NT30,High,CLEARED,9.506030791841432,30,2,2,37.666666666666664,1.0,3,180947.81000000003,6,2,3,1,37.666666666666664,0.0,199356.63,0.074273018280796,542843.43,0.03361958571998245,30,0,0,15.918226513162972,202106,0.0,-5.0
1800002063,C000091,2021-06-03,2021-07-18,147833.52,Healthcare,International,NT45,High,CLEARED,11.903848819088942,45,2,0,23.0,1.0,1,143126.16,6,2,3,1,23.0,0.0,143126.16,1.032889584964761,143126.16,0.28620541524613613,45,0,0,15.918226513162972,202106,1.0,18.0
1800003204,C000014,2021-06-03,2021-07-18,33915.07,Manufacturing,South,NT45,Low,CLEARED,10.431644222344396,45,4,3,-1.0,0.0,1,216925.77,6,2,3,1,-1.0,0.0,216925.77,0.15634412638018988,216925.77,0.020937305194797376,45,0,0,15.918226513162972,202106,0.0,0.0
1800004110,C000058,2021-06-04,2021-08-03,242563.82,Energy,Midwest,NT60,High,CLEARED,12.399024252610742,60,1,1,0.2,0.6,5,177887.36000000002,6,2,4,1,-0.3333333333333333,-0.5333333333333333,232775.65,1.3635809761862787,889436.8,0.18849356159231254,60,0,0,15.918226513162972,202106,0.0,0.0
1800000872,C000109,2021-06-04,2021-09-02,56039.64,Healthcare,West,NT90,High,CLEARED,10.933832420799721,90,2,4,25.0,1.0,1,114742.82,6,2,4,1,25.0,0.0,114742.82,0.48839343498791465,114742.82,0.12831260264759323,90,0,0,15.918226513162972,202106,1.0,1.0
1800001170,C000013,2021-06-04,2021-08-03,36277.12,Retail,West,NT60,Low,CLEARED,10.49897008370229,60,5,4,0.0,0.0,0,36277.12,6,2,4,1,0.0,0.0,0.0,1.0,0.0,0.026062725546146893,60,0,0,15.918226513162972,202106,0.0,0.0
1800004960,C000043,2021-06-04,2021-08-03,81469.54,Healthcare,Midwest,NT60,High,CLEARED,11.307996761489422,60,2,1,2.6666666666666665,0.6666666666666666,3,61276.68666666667,6,2,4,1,2.6666666666666665,0.0,78939.57,1.3295356591843575,183830.06,0.04250356876523592,60,0,0,15.918226513162972,202106,1.0,3.0
1800000496,C000069,2021-06-05,2021-07-20,192521.97,Retail,South,NT45,High,CLEARED,12.167970750266678,45,5,3,2.5,0.8333333333333334,6,120312.66166666667,6,2,5,1,1.6666666666666667,-0.8333333333333333,237104.74,1.6001804575930128,721875.97,0.14799257452626316,45,0,0,15.918226513162972,202106,0.0,-5.0
1800003952,C000021,2021-06-05,2021-09-03,240270.45,Logistics,South,NT90,Low,CLEARED,12.389524604845057,90,3,3,0.0,0.0,0,240270.45,6,2,5,1,0.0,0.0,0.0,1.0,0.0,0.8789013588981326,90,0,0,15.918226513162972,202106,1.0,3.0
1800000111,C000185,2021-06-05,2021-07-05,232341.99,Logistics,South,NT30,High,CLEARED,12.355969964055848,30,3,3,12.0,1.0,1,188329.05,6,2,5,1,12.0,0.0,188329.05,1.233702341725825,188329.05,1.8312810613236656,30,0,0,15.918226513162972,202106,1.0,15.0
1800001139,C000188,2021-06-05,2021-07-20,136367.66,Construction,International,NT45,Medium,CLEARED,11.823117232595491,45,0,0,2.0,0.5,4,106996.42249999999,6,2,5,1,2.6666666666666665,0.6666666666666665,184223.48,1.2745067247458672,427985.68999999994,0.08168557252592411,45,0,0,15.918226513162972,202106,0.0,0.0
1800003853,C000027,2021-06-05,2021-06-19,112756.34,Logistics,South,NT14,High,CLEARED,11.632993355024297,14,3,3,10.6,1.0,5,177642.944,6,2,5,1,10.0,-0.5999999999999996,248894.88,0.6347358215364861,888214.72,0.06870169696871767,14,0,0,15.918226513162972,202106,1.0,13.0
1800002274,C000109,2021-06-05,2021-09-03,158513.24,Healthcare,West,NT90,High,CLEARED,11.97359971053519,90,2,4,13.0,1.0,2,85391.23000000001,6,2,5,1,13.0,0.0,114742.82,1.8563175632907498,170782.46000000002,0.36294391574432994,90,0,0,15.918226513162972,202106,1.0,31.0
1800002236,C000004,2021-06-05,2021-09-03,232623.85,Manufacturing,West,NT90,High,CLEARED,12.357182349129728,90,4,4,12.0,1.0,1,203692.53,6,2,5,1,12.0,0.0,203692.53,1.1420342709671287,203692.53,0.1940038717401267,90,0,0,15.918226513162972,202106,1.0,18.0
1800003709,C000168,2021-06-05,2021-08-04,79832.83,Construction,South,NT60,Low,CLEARED,11.287702628440009,60,0,3,-1.5,0.0,2,130990.08,6,2,5,1,-1.5,0.0,211497.98,0.609457067283263,261980.16,0.9988115527234447,60,0,0,15.918226513162972,202106,1.0,3.0
1800004734,C000195,2021-06-06,2021-08-05,44613.41,Logistics,Midwest,NT60,High,CLEARED,10.705812179994878,60,3,1,13.5,1.0,4,113665.5625,6,2,6,1,7.0,-6.5,209238.58,0.39249715585580286,454662.25,0.16075857111724037,60,0,0,15.918226513162972,202106,1.0,25.0
1800000375,C000066,2021-06-06,2021-08-05,5044.32,Retail,Northeast,NT60,High,CLEARED,8.526216359913926,60,5,2,27.0,1.0,2,62543.495,6,2,6,1,27.0,0.0,88707.21,0.08065299196982835,125086.99,0.003181772872930065,60,0,0,15.918226513162972,202106,1.0,25.0
1800004284,C000198,2021-06-07,2021-09-05,226813.32,Construction,West,NT90,High,CLEARED,12.331886988172336,90,0,4,12.5,1.0,2,235398.075,6,2,0,1,12.5,0.0,249539.5,0.963530903980417,470796.15,0.15462418392641836,90,0,1,15.918226513162972,202106,1.0,1.0
1800003868,C000188,2021-06-07,2021-07-22,183844.05,Construction,International,NT45,Medium,CLEARED,12.12184856224403,45,0,0,1.6,0.4,5,112870.67,6,2,0,1,2.6666666666666665,1.0666666666666664,184223.48,1.6288026818658912,564353.35,0.11012439811414684,45,0,1,15.918226513162972,202106,0.0,0.0
1800000866,C000183,2021-06-07,2021-06-21,183147.85,Logistics,International,NT14,High,CLEARED,12.118054489180969,14,3,0,11.0,1.0,3,99027.04,6,2,0,1,11.0,0.0,147579.0,1.8494731338026464,297081.12,0.1094049748098286,14,0,1,15.918226513162972,202106,1.0,13.0
1800000275,C000159,2021-06-07,2021-08-06,211262.67,Healthcare,Northeast,NT60,High,CLEARED,12.260862253184987,60,2,2,2.2,0.8,5,97013.194,6,2,0,1,1.6666666666666667,-0.5333333333333334,166223.73,2.1776694621558383,485065.97000000003,0.6362339988840297,60,0,1,15.918226513162972,202106,1.0,3.0
1800001688,C000056,2021-06-07,2021-06-21,94024.1,Logistics,South,NT14,High,CLEARED,11.4513170468849,14,3,3,5.0,1.0,1,66015.77,6,2,0,1,5.0,0.0,66015.77,1.4242672622011376,66015.77,0.2662641294083525,14,0,1,15.918226513162972,202106,0.0,0.0
1800001761,C000060,2021-06-07,2021-08-06,8717.31,Logistics,International,NT60,High,CLEARED,9.073180690780507,60,3,0,2.5,1.0,2,168246.67,6,2,0,1,2.5,0.0,239218.79,0.05181267480658012,336493.34,0.007621569258440514,60,0,1,15.918226513162972,202106,1.0,9.0
1800002087,C000084,2021-06-08,2021-08-07,179972.79,Logistics,West,NT60,High,CLEARED,12.10056650815891,60,3,4,13.0,1.0,4,81696.525,6,2,1,1,13.0,0.0,119724.87,2.202943026034461,326786.1,0.41937162062074007,60,0,0,15.918226513162972,202106,1.0,18.0
1800000330,C000077,2021-06-08,2021-07-23,8018.7,Manufacturing,International,NT45,High,CLEARED,8.989656293677129,45,4,0,1.0,0.6,5,107677.452,6,2,1,1,1.3333333333333333,0.33333333333333326,178821.18,0.07446962990914754,538387.26,0.009218270285910999,45,0,0,15.918226513162972,202106,0.0,0.0
1800000706,C000181,2021-06-08,2021-08-07,138037.79,Retail,International,NT60,High,CLEARED,11.835290011598326,60,5,0,2.5,1.0,2,163658.89500000002,6,2,1,1,2.5,0.0,169690.5,0.8434481364425686,327317.79000000004,0.22017311523915195,60,0,0,15.918226513162972,202106,1.0,1.0
1800001164,C000127,2021-06-08,2021-09-06,7116.1,Retail,International,NT90,High,CLEARED,8.870255618064688,90,5,0,15.0,1.0,4,213001.3475,6,2,1,1,15.0,0.0,244835.16,0.03340870883457674,852005.39,0.004251907495352111,90,0,0,15.918226513162972,202106,1.0,15.0
1800001469,C000093,2021-06-09,2021-07-09,221717.28,Manufacturing,Northeast,NT30,Medium,CLEARED,12.30916284597163,30,4,2,-0.5,0.5,2,89367.485,6,2,2,1,-0.5,0.0,109981.36,2.4809613921662894,178734.97,0.1580080839814575,30,0,0,15.918226513162972,202106,1.0,6.0
1800002005,C000044,2021-06-09,2021-09-07,213705.7,Manufacturing,West,NT90,High,CLEARED,12.27235979317889,90,4,4,32.0,1.0,1,179215.07,6,2,2,1,32.0,0.0,179215.07,1.1924538488867036,179215.07,0.33998156416811437,90,0,0,15.918226513162972,202106,1.0,28.0
1800000522,C000105,2021-06-09,2021-06-23,133836.03,Manufacturing,South,NT14,High,CLEARED,11.804378144739056,14,4,3,37.0,1.0,1,122590.76,6,2,2,1,37.0,0.0,122590.76,1.0917301597608173,122590.76,0.07935744298275196,14,0,0,15.918226513162972,202106,1.0,16.0
1800003422,C000199,2021-06-09,2021-06-23,179875.31,Construction,West,NT14,High,CLEARED,12.100024726998452,14,0,4,25.333333333333332,1.0,3,113202.56,6,2,2,1,25.333333333333332,0.0,197000.25,1.5889685710287824,339607.68,0.09561968861785802,14,0,0,15.918226513162972,202106,1.0,13.0
1800004772,C000036,2021-06-10,2021-07-10,219987.34,Energy,South,NT30,High,CLEARED,12.30132982392995,30,1,3,5.0,1.0,1,207509.69,6,2,3,1,5.0,0.0,207509.69,1.0601304449927134,207509.69,0.24702418385783495,30,0,0,15.918226513162972,202106,1.0,23.0
1800001391,C000004,2021-06-10,2021-09-08,240848.93,Manufacturing,West,NT90,High,CLEARED,12.391929321420998,90,4,4,15.0,1.0,2,218158.19,6,2,3,1,15.0,0.0,232623.85,1.104010488902571,436316.38,0.20086343220811947,90,0,0,15.918226513162972,202106,1.0,2.0
1800003961,C000135,2021-06-10,2021-09-08,158023.65,Healthcare,West,NT90,Low,CLEARED,11.970506312498623,90,2,4,0.0,0.0,2,161422.34999999998,6,2,3,1,0.0,0.0,185849.3,0.9789452947500765,322844.69999999995,0.25089546352199654,90,0,0,15.918226513162972,202106,0.0,0.0
1800002186,C000145,2021-06-10,2021-06-24,19641.45,Logistics,West,NT14,High,CLEARED,9.88544831954591,14,3,4,1.8,0.8,5,94722.446,6,2,3,1,0.3333333333333333,-1.4666666666666668,171625.69,0.20735792654678703,473612.23,0.016004550367262647,14,0,0,15.918226513162972,202106,1.0,1.0
1800001371,C000055,2021-06-10,2021-09-08,26504.37,Logistics,Midwest,NT90,Medium,CLEARED,10.185102632954731,90,3,1,9.0,0.5,2,154091.095,6,2,3,1,9.0,0.0,170315.7,0.1720045535402289,308182.19,0.014091222089207068,90,0,0,15.918226513162972,202106,1.0,23.0
1800003581,C000176,2021-06-11,2021-06-25,111499.75,Healthcare,International,NT14,Medium,CLEARED,11.621786596317087,14,2,0,1.5,0.5,2,120336.97,6,2,4,1,1.5,0.0,123522.27,0.9265627180076081,240673.94,0.08067342972959154,14,0,0,15.918226513162972,202106,0.0,0.0
1800001415,C000082,2021-06-11,2021-06-25,33863.74,Logistics,Northeast,NT14,Low,CLEARED,10.430129634076346,14,3,2,0.0,0.0,0,33863.74,6,2,4,1,0.0,0.0,0.0,1.0,0.0,0.06938590015393936,14,0,0,15.918226513162972,202106,1.0,2.0
1800002369,C000006,2021-06-11,2021-07-26,249161.14,Energy,South,NT45,Medium,CLEARED,12.425859128189762,45,1,3,2.5,0.5,2,126162.77,6,2,4,1,2.5,0.0,171052.57,1.9749181157008522,252325.54,1.0442763869593796,45,0,0,15.918226513162972,202106,0.0,-1.0
1800003481,C000003,2021-06-11,2021-07-11,145162.61,Construction,International,NT30,High,CLEARED,11.885616730127722,30,0,0,2.0,0.6666666666666666,3,109795.62333333334,6,2,4,1,2.0,0.0,158187.08,1.322116543382558,329386.87,0.12684295254011943,30,0,0,15.918226513162972,202106,1.0,6.0
1800002433,C000177,2021-06-11,2021-09-09,119022.93,Manufacturing,Northeast,NT90,High,CLEARED,11.687079844314267,90,4,2,5.0,1.0,2,40317.994999999995,6,2,4,1,5.0,0.0,66565.7,2.9521043891195484,80635.98999999999,0.09198673732597211,90,0,0,15.918226513162972,202106,1.0,4.0
1800000645,C000084,2021-06-12,2021-08-11,79109.43,Logistics,West,NT60,High,CLEARED,11.278600003470268,60,3,4,14.0,1.0,5,101351.778,6,2,5,1,14.666666666666666,0.6666666666666661,179972.79,0.7805430902258073,506758.89,0.18434036537124857,60,0,0,15.918226513162972,202106,1.0,27.0
1800002530,C000037,2021-06-12,2021-08-11,165193.91,Logistics,South,NT60,High,CLEARED,12.014881328456328,60,3,3,2.5,1.0,2,85213.03,6,2,5,1,2.5,0.0,140543.46,1.9385991790222694,170426.06,0.08389215933662542,60,0,0,15.918226513162972,202106,1.0,3.0
1800000159,C000055,2021-06-12,2021-09-10,201743.85,Logistics,Midwest,NT90,High,CLEARED,12.214759059164502,90,3,1,13.666666666666666,0.6666666666666666,3,111562.18666666666,6,2,5,1,13.666666666666666,0.0,170315.7,1.8083533142173382,334686.56,0.10725844060740465,90,0,0,15.918226513162972,202106,1.0,36.0
1800004834,C000097,2021-06-12,2021-08-11,109354.53,Construction,West,NT60,Medium,CLEARED,11.60235959638543,60,0,4,-0.5,0.5,4,144862.955,6,2,5,1,-1.0,-0.5,219740.41,0.7548826406309329,579451.82,0.07376178320125182,60,0,0,15.918226513162972,202106,1.0,4.0
1800004405,C000173,2021-06-12,2021-06-26,130024.52,Manufacturing,West,NT14,Low,CLEARED,11.775486017864193,14,4,4,0.0,0.0,0,130024.52,6,2,5,1,0.0,0.0,0.0,1.0,0.0,0.2050993025004809,14,0,0,15.918226513162972,202106,1.0,4.0
1800002089,C000055,2021-06-13,2021-09-11,29389.13,Logistics,Midwest,NT90,High,CLEARED,10.288414182676403,90,3,1,19.25,0.75,4,134107.6025,6,2,6,1,19.666666666666668,0.41666666666666785,201743.85,0.21914589070369817,536430.41,0.015624923657441326,90,0,0,15.918226513162972,202106,1.0,9.0
1800003586,C000153,2021-06-13,2021-08-12,230985.56,Manufacturing,South,NT60,Medium,CLEARED,12.35011480599312,60,4,3,0.3333333333333333,0.3333333333333333,3,126085.50666666667,6,2,6,1,0.3333333333333333,0.0,214554.14,1.8319755069919217,378256.52,0.3057509053142101,60,0,0,15.918226513162972,202106,0.0,-4.0
1800002002,C000001,2021-06-13,2021-06-27,217006.94,Manufacturing,Midwest,NT14,High,CLEARED,12.287689221714954,14,4,1,18.0,1.0,1,159868.49,6,2,6,1,18.0,0.0,159868.49,1.3574090804260428,159868.49,0.6737275401323866,14,0,0,15.918226513162972,202106,1.0,10.0
1800004400,C000141,2021-06-13,2021-09-11,172398.31,Healthcare,Northeast,NT90,Medium,CLEARED,12.057568634883534,90,2,2,11.5,0.5,2,185806.63,6,2,6,1,11.5,0.0,196309.7,0.9278372359479314,371613.26,0.15504886317490807,90,0,0,15.918226513162972,202106,1.0,18.0
1800003528,C000124,2021-06-14,2021-09-12,197758.68,Retail,Midwest,NT90,Low,CLEARED,12.194807835127177,90,5,1,0.0,0.0,1,213277.73,6,2,0,1,0.0,0.0,213277.73,0.9272354877370459,213277.73,0.21155112360220052,90,0,1,15.918226513162972,202106,1.0,2.0
1800000825,C000067,2021-06-14,2021-06-28,248221.29,Manufacturing,West,NT14,High,CLEARED,12.422079954327847,14,4,4,2.6666666666666665,0.6666666666666666,3,155407.13666666666,6,2,0,1,2.6666666666666665,0.0,228866.49,1.5972322463698096,466221.41,0.1511384388024754,14,0,1,15.918226513162972,202106,0.0,-2.0
1800002911,C000188,2021-06-14,2021-07-29,149798.47,Construction,International,NT45,Medium,CLEARED,11.917052812008263,45,0,0,1.3333333333333333,0.3333333333333333,6,124699.56666666665,6,2,0,1,1.3333333333333333,0.0,184223.48,1.201274984382464,748197.3999999999,0.08973076010439328,45,0,1,15.918226513162972,202106,0.0,0.0
1800004876,C000065,2021-06-14,2021-07-14,99279.51,Healthcare,Northeast,NT30,High,CLEARED,11.505704556851596,30,2,2,27.0,0.75,4,139070.7425,6,2,0,1,22.333333333333332,-4.666666666666668,199356.63,0.713877759011749,556282.97,0.24835195227536463,30,0,1,15.918226513162972,202106,1.0,37.0
1800000156,C000154,2021-06-15,2021-08-14,176214.14,Manufacturing,South,NT60,High,CLEARED,12.079460913877998,60,4,3,12.0,1.0,3,133996.38999999998,6,2,1,1,12.0,0.0,240470.24,1.3150663238017086,401989.17,0.15719674502173683,60,0,0,15.918226513162972,202106,1.0,10.0
1800004262,C000136,2021-06-15,2021-08-14,9637.58,Construction,Midwest,NT60,High,CLEARED,9.173529073849888,60,0,1,10.0,0.8,5,122906.91200000001,6,2,1,1,9.666666666666666,-0.3333333333333339,197566.2,0.07841365341600966,614534.56,0.05755528441510193,60,0,0,15.918226513162972,202106,1.0,19.0
1800003760,C000013,2021-06-15,2021-08-14,47261.97,Retail,West,NT60,Low,CLEARED,10.76348239260888,60,5,4,0.0,0.0,1,36277.12,6,2,1,1,0.0,0.0,36277.12,1.3028038058147946,36277.12,0.03395461803142664,60,0,0,15.918226513162972,202106,1.0,1.0
1800001246,C000078,2021-06-15,2021-07-15,210133.06,Construction,International,NT30,High,CLEARED,12.255500986973544,30,0,0,14.0,1.0,3,138219.52,6,2,1,1,14.0,0.0,200472.9,1.5202849785616388,414658.56,0.24960968541322578,30,0,0,15.918226513162972,202106,1.0,30.0
1800003455,C000131,2021-06-15,2021-07-30,147626.72,Energy,Northeast,NT45,High,CLEARED,11.90244897839343,45,1,2,5.25,0.75,4,159364.52000000002,6,2,1,1,4.666666666666667,-0.583333333333333,225910.75,0.9263462155817367,637458.0800000001,0.07831348754312305,45,0,0,15.918226513162972,202106,1.0,2.0
1800004793,C000027,2021-06-16,2021-06-30,13972.61,Logistics,South,NT14,High,CLEARED,9.544925829749126,14,3,3,11.0,1.0,6,166828.51,6,2,2,1,7.666666666666667,-3.333333333333333,248894.88,0.08375432952077555,1000971.06,0.008513419450135347,14,0,0,15.918226513162972,202106,1.0,3.0
1800003168,C000009,2021-06-16,2021-07-31,181171.55,Manufacturing,International,NT45,High,CLEARED,12.107205171049012,45,4,0,13.0,1.0,3,149499.49333333332,6,2,2,1,13.0,0.0,206735.83,1.2118539398394395,448498.48,0.9759687067795333,45,0,0,15.918226513162972,202106,1.0,14.0
1800001729,C000195,2021-06-16,2021-08-15,112210.85,Logistics,Midwest,NT60,High,CLEARED,11.628143881467127,60,3,1,15.8,1.0,5,99855.132,6,2,2,1,12.666666666666666,-3.1333333333333346,209238.58,1.1237364344979286,499275.66,0.40433707958775156,60,0,0,15.918226513162972,202106,1.0,4.0
1800004917,C000092,2021-06-17,2021-08-01,121814.68,Retail,Northeast,NT45,High,CLEARED,11.710264361604397,45,5,2,4.0,1.0,1,244604.99,6,2,3,1,4.0,0.0,244604.99,0.4980057029907689,244604.99,0.18088593908418535,45,0,0,15.918226513162972,202106,0.0,0.0
1800004086,C000031,2021-06-17,2021-09-15,94507.56,Energy,West,NT90,High,CLEARED,11.456445691390114,90,1,4,1.0,1.0,1,159282.03,6,2,3,1,1.0,0.0,159282.03,0.5933347283431785,159282.03,0.1935996328743245,90,0,0,15.918226513162972,202106,0.0,0.0
1800004125,C000153,2021-06-18,2021-08-17,148351.14,Manufacturing,South,NT60,Medium,CLEARED,11.90734405096039,60,4,3,-0.75,0.25,4,152310.52000000002,6,2,4,1,-0.3333333333333333,0.4166666666666667,230985.56,0.9740045533296058,609242.0800000001,0.19636939798052802,60,0,0,15.918226513162972,202106,1.0,6.0
1800004388,C000069,2021-06-18,2021-08-02,234142.94,Retail,South,NT45,High,CLEARED,12.363691333431161,45,5,3,1.4285714285714286,0.7142857142857143,7,130628.27714285713,6,2,4,1,-2.0,-3.428571428571429,237104.74,1.7924368683507754,914397.94,0.17998681655786278,45,0,0,15.918226513162972,202106,1.0,2.0
1800002700,C000002,2021-06-19,2021-09-17,164564.17,Construction,South,NT90,High,CLEARED,12.01106194094563,90,0,3,3.0,0.75,4,127172.855,6,2,5,1,4.666666666666667,1.666666666666667,226364.41,1.2940196239205295,508691.42,1.4696349814273066,90,0,0,15.918226513162972,202106,1.0,6.0
1800004851,C000076,2021-06-19,2021-08-03,73258.05,Retail,International,NT45,High,CLEARED,11.201757068735759,45,5,0,6.5,1.0,2,191519.105,6,2,5,1,6.5,0.0,245278.82,0.38251040281333815,383038.21,0.08655597612083196,45,0,0,15.918226513162972,202106,1.0,6.0
1800001330,C000103,2021-06-19,2021-08-03,144905.48,Retail,West,NT45,High,CLEARED,11.883843847805737,45,5,4,26.0,1.0,3,85650.32666666666,6,2,5,1,26.0,0.0,125657.97,1.6918263553616337,256950.97999999998,0.14983531198942307,45,0,0,15.918226513162972,202106,1.0,14.0
1800001855,C000105,2021-06-21,2021-07-05,152631.58,Manufacturing,South,NT14,High,CLEARED,11.935788874389443,14,4,3,26.5,1.0,2,128213.39499999999,6,2,0,1,26.5,0.0,133836.03,1.1904495626217526,256426.78999999998,0.09050217573860599,14,0,1,15.918226513162972,202106,1.0,46.0
1800001783,C000141,2021-06-21,2021-09-19,43537.22,Healthcare,Northeast,NT90,High,CLEARED,10.681394452005215,90,2,2,13.666666666666666,0.6666666666666666,3,181337.19000000003,6,2,0,1,13.666666666666666,0.0,196309.7,0.24008985691241821,544011.5700000001,0.03915581577798455,90,0,1,15.918226513162972,202106,1.0,13.0
1800000107,C000069,2021-06-21,2021-08-05,243662.1,Retail,South,NT45,High,CLEARED,12.403541812473776,45,5,3,1.5,0.75,8,143567.61,6,2,0,1,-0.3333333333333333,-1.8333333333333333,237104.74,1.6971940955205707,1148540.88,0.18730424113921018,45,0,1,15.918226513162972,202106,1.0,3.0
1800001261,C000184,2021-06-21,2021-07-21,205830.12,Retail,International,NT30,High,CLEARED,12.234811305721909,30,5,0,33.0,1.0,2,135521.605,6,2,0,1,33.0,0.0,143897.17,1.5187993087891778,271043.21,0.15938465648952257,30,0,1,15.918226513162972,202106,1.0,55.0
1800000758,C000045,2021-06-21,2021-09-19,188685.41,Energy,International,NT90,High,CLEARED,12.147841709685242,90,1,0,13.0,1.0,2,218620.09999999998,6,2,0,1,13.0,0.0,228387.86,0.8630743925192607,437240.19999999995,0.2852260469519887,90,0,1,15.918226513162972,202106,1.0,16.0
1800000030,C000005,2021-06-22,2021-07-06,197706.18,Logistics,Northeast,NT14,High,CLEARED,12.194542326152249,14,3,2,4.25,0.75,4,136650.5775,6,2,1,1,5.333333333333333,1.083333333333333,231493.21,1.446800910885283,546602.31,0.27709791710591103,14,0,0,15.918226513162972,202106,1.0,7.0
1800002626,C000119,2021-06-22,2021-08-06,33451.88,Logistics,International,NT45,High,CLEARED,10.417893160504807,45,3,0,4.666666666666667,1.0,3,170257.35333333333,6,2,1,1,4.666666666666667,0.0,208866.21,0.19647832733842174,510772.06,0.029504411080510762,45,0,0,15.918226513162972,202106,1.0,5.0
1800003565,C000017,2021-06-22,2021-09-20,149202.77,Logistics,Midwest,NT90,High,CLEARED,11.91306823452908,90,3,1,13.5,1.0,4,139109.51,6,2,1,1,15.0,1.5,243868.16,1.072556218478521,556438.04,0.16850578887953815,90,0,0,15.918226513162972,202106,1.0,16.0
1800000445,C000195,2021-06-22,2021-08-21,9664.94,Logistics,Midwest,NT60,High,CLEARED,9.176363645061121,60,3,1,13.833333333333334,1.0,6,101914.41833333333,6,2,1,1,10.333333333333334,-3.5,209238.58,0.09483388276218882,611486.51,0.03482634356651646,60,0,0,15.918226513162972,202106,1.0,13.0
1800000328,C000036,2021-06-22,2021-07-22,248636.81,Energy,South,NT30,High,CLEARED,12.423752538207571,30,1,3,14.0,1.0,2,213748.515,6,2,1,1,14.0,0.0,219987.34,1.1632212275252531,427497.03,0.2791947257840636,30,0,0,15.918226513162972,202106,1.0,8.0
1800000953,C000070,2021-06-22,2021-09-20,229307.95,Energy,Midwest,NT90,Medium,CLEARED,12.342825499920297,90,1,1,1.6666666666666667,0.3333333333333333,3,150191.04,6,2,1,1,1.6666666666666667,0.0,243557.77,1.526775165815484,450573.12,0.13027196127040358,90,0,0,15.918226513162972,202106,0.0,-2.0
1800000737,C000183,2021-06-22,2021-07-06,123984.19,Logistics,International,NT14,High,CLEARED,11.727917401970318,14,3,0,11.5,1.0,4,120057.2425,6,2,1,1,9.666666666666666,-1.833333333333334,183147.85,1.032708959644813,480228.97,0.07406304351247914,14,0,0,15.918226513162972,202106,1.0,15.0
1800003523,C000146,2021-06-23,2021-07-23,84114.27,Construction,International,NT30,Low,CLEARED,11.33994339903933,30,0,0,-1.0,0.0,1,236408.5,6,2,2,1,-1.0,0.0,236408.5,0.3558005317067703,236408.5,0.0420746757219351,30,0,0,15.918226513162972,202106,0.0,-3.0
1800003680,C000120,2021-06-23,2021-07-23,136587.19,Manufacturing,South,NT30,High,CLEARED,11.824725765573023,30,4,3,2.3333333333333335,0.6666666666666666,3,147557.85666666666,6,2,2,1,2.3333333333333335,0.0,183368.2,0.9256517618614548,442673.57,0.16211458982515192,30,0,0,15.918226513162972,202106,1.0,7.0
1800002656,C000033,2021-06-23,2021-07-07,91205.18,Energy,Northeast,NT14,High,CLEARED,11.420877936924498,14,1,2,4.5,1.0,4,123904.69,6,2,2,1,4.333333333333333,-0.16666666666666696,232938.48,0.7360914264020191,495618.76,0.052833087863623854,14,0,0,15.918226513162972,202106,1.0,5.0
1800001507,C000010,2021-06-23,2021-08-07,116808.45,Manufacturing,South,NT45,High,CLEARED,11.668299253637672,45,4,3,9.0,0.6666666666666666,6,163264.18666666668,6,2,2,1,2.3333333333333335,-6.666666666666666,233029.3,0.7154566618978451,979585.12,0.14762593344215239,45,0,0,15.918226513162972,202106,1.0,4.0
1800002858,C000138,2021-06-24,2021-07-24,222518.48,Construction,Northeast,NT30,High,CLEARED,12.312769927317904,30,0,2,3.3333333333333335,0.6666666666666666,3,180652.54,6,2,3,1,3.3333333333333335,0.0,220718.57,1.2317484160477346,541957.62,0.6263916139743824,30,0,0,15.918226513162972,202106,1.0,6.0
1800004315,C000028,2021-06-24,2021-09-22,71877.94,Manufacturing,Northeast,NT90,High,CLEARED,11.182738593988537,90,4,2,25.0,1.0,4,91666.0675,6,2,3,1,23.0,-2.0,154383.21,0.7841281071646278,366664.27,0.0735850664471309,90,0,0,15.918226513162972,202106,1.0,23.0
1800000910,C000133,2021-06-24,2021-07-24,217498.99,Construction,Northeast,NT30,Low,CLEARED,12.289954083533864,30,0,2,-4.0,0.0,1,9794.43,6,2,3,1,-4.0,0.0,9794.43,22.206395880107365,9794.43,1.006460907465462,30,0,0,15.918226513162972,202106,1.0,4.0
1800004496,C000097,2021-06-24,2021-08-23,11111.53,Construction,West,NT60,High,CLEARED,9.315828579481058,60,0,4,0.4,0.6,5,137761.27,6,2,3,1,1.3333333333333333,0.9333333333333332,219740.41,0.08065786559604163,688806.35,0.007494945722817387,60,0,0,15.918226513162972,202106,0.0,0.0
1800001457,C000081,2021-06-25,2021-07-25,185423.89,Retail,South,NT30,High,CLEARED,12.130405173372818,30,5,3,2.0,0.75,4,137309.6925,6,2,4,1,1.6666666666666667,-0.33333333333333326,245372.05,1.3504064179591693,549238.77,0.13791136042232865,30,1,0,15.918226513162972,202106,0.0,0.0
1800003340,C000048,2021-06-25,2021-07-09,223638.39,Manufacturing,International,NT14,High,CLEARED,12.317790167538936,14,4,0,2.0,0.75,4,142693.93,6,2,4,1,1.3333333333333333,-0.6666666666666667,211893.15,1.5672593080868964,570775.72,0.18493021261215103,14,1,0,15.918226513162972,202106,0.0,-1.0
1800004363,C000142,2021-06-25,2021-08-09,70027.04,Energy,Northeast,NT45,High,CLEARED,11.156651012252752,45,1,2,11.666666666666666,1.0,3,132477.20666666667,6,2,4,1,11.666666666666666,0.0,226046.27,0.5285968942279932,397431.62,0.18746391374592877,45,1,0,15.918226513162972,202106,1.0,22.0
1800002346,C000028,2021-06-26,2021-09-24,39546.62,Manufacturing,Northeast,NT90,High,CLEARED,10.585260794393943,90,4,2,24.6,1.0,5,87708.442,6,2,5,1,26.0,1.3999999999999986,154383.21,0.45088727034964327,438542.20999999996,0.04048586618452666,90,1,0,15.918226513162972,202106,1.0,37.0
1800002965,C000181,2021-06-26,2021-08-25,13358.39,Retail,International,NT60,High,CLEARED,9.499974787365613,60,5,0,2.0,1.0,3,155118.52666666667,6,2,5,1,2.0,0.0,169690.5,0.08611730840317848,465355.58,0.021306906904837688,60,1,0,15.918226513162972,202106,1.0,3.0
1800002732,C000026,2021-06-26,2021-08-10,236806.85,Manufacturing,Midwest,NT45,High,CLEARED,12.375004331780366,45,4,1,1.6666666666666667,0.6666666666666666,3,142777.89333333334,6,2,5,1,1.6666666666666667,0.0,198433.14,1.6585680350889054,428333.68,0.4556610115601203,45,1,0,15.918226513162972,202106,0.0,0.0
1800004077,C000057,2021-06-27,2021-07-27,180629.37,Manufacturing,Midwest,NT30,Medium,CLEARED,12.10420806751071,30,4,1,1.6666666666666667,0.5,6,107657.79333333333,6,2,6,1,-1.0,-2.666666666666667,165520.07,1.677810443696629,645946.76,0.14037489950954643,30,1,0,15.918226513162972,202106,1.0,3.0
1800003263,C000082,2021-06-27,2021-07-11,154873.23,Logistics,Northeast,NT14,High,CLEARED,11.950368647167672,14,3,2,2.0,1.0,1,33863.74,6,2,6,1,2.0,0.0,33863.74,4.5734236679114595,33863.74,0.3173311179833677,14,1,0,15.918226513162972,202106,1.0,18.0
1800003576,C000099,2021-06-27,2021-08-11,76277.26,Logistics,West,NT45,High,CLEARED,11.242143248756756,45,3,4,2.75,0.75,4,120660.19,6,2,6,1,3.0,0.25,245026.79,0.6321659198448137,482640.76,0.04516156924541543,45,1,0,15.918226513162972,202106,0.0,-2.0
1800000605,C000043,2021-06-27,2021-08-26,125519.4,Healthcare,Midwest,NT60,High,CLEARED,11.740223574144984,60,2,1,2.75,0.75,4,66324.9,6,2,6,1,2.0,-0.75,81469.54,1.8924928646707346,265299.6,0.06548487261952325,60,1,0,15.918226513162972,202106,0.0,0.0
1800000735,C000189,2021-06-27,2021-08-26,71855.85,Logistics,Midwest,NT60,Medium,CLEARED,11.182431224471538,60,3,1,0.3333333333333333,0.3333333333333333,3,136971.75,6,2,6,1,0.3333333333333333,0.0,173237.64,0.5246034309994579,410915.25,0.044403334965854704,60,1,0,15.918226513162972,202106,0.0,0.0
1800003500,C000157,2021-06-28,2021-07-28,246583.33,Healthcare,South,NT30,High,CLEARED,12.415459323492227,30,2,3,4.0,1.0,2,166449.16,6,2,0,1,4.0,0.0,174601.98,1.4814333097265253,332898.32,0.18779662267513902,30,1,1,15.918226513162972,202106,0.0,-2.0
1800001573,C000088,2021-06-29,2021-07-29,171827.66,Logistics,West,NT30,Low,CLEARED,12.054253096504983,30,3,4,-1.0,0.0,2,54049.015,6,2,1,1,-1.0,0.0,95671.65,3.1791080744024662,108098.03,0.08694014625491885,30,1,0,15.918226513162972,202106,0.0,0.0
1800004620,C000124,2021-06-29,2021-09-27,169102.71,Retail,Midwest,NT90,Medium,CLEARED,12.038267474326663,90,5,1,1.0,0.5,2,205518.20500000002,6,2,1,1,1.0,0.0,213277.73,0.8228113417008482,411036.41000000003,0.1808965771043631,90,1,0,15.918226513162972,202106,1.0,4.0
1800002566,C000167,2021-06-29,2021-07-13,42235.85,Construction,Northeast,NT14,Medium,CLEARED,10.651048341735738,14,0,2,2.5,0.5,2,171443.06,6,2,1,1,2.5,0.0,211637.49,0.24635497056573769,342886.12,0.06056276973531884,14,1,0,15.918226513162972,202106,0.0,-1.0
1800000641,C000145,2021-06-29,2021-07-13,8861.06,Logistics,West,NT14,High,CLEARED,9.08953452221722,14,3,4,1.6666666666666667,0.8333333333333334,6,82208.94666666667,6,2,1,1,0.0,-1.6666666666666667,171625.69,0.10778705188778316,493253.68,0.007220306091318938,14,1,0,15.918226513162972,202106,0.0,0.0
1800001837,C000161,2021-06-29,2021-08-28,69774.0,Construction,Midwest,NT60,Medium,CLEARED,11.153031058404522,60,0,1,1.5,0.5,4,122401.2025,6,2,1,1,2.0,0.5,213210.53,0.5700434193038258,489604.81,0.04228544112698343,60,1,0,15.918226513162972,202106,0.0,0.0
1800004430,C000140,2021-06-29,2021-08-28,149814.51,Logistics,South,NT60,Low,CLEARED,11.917159882756296,60,3,3,0.0,0.0,0,149814.51,6,2,1,1,0.0,0.0,0.0,1.0,0.0,0.08090967955125551,60,1,0,15.918226513162972,202106,1.0,21.0
1800000093,C000005,2021-06-30,2021-07-14,217154.95,Logistics,Northeast,NT14,High,CLEARED,12.288371038002044,14,3,2,4.8,0.8,5,148861.698,6,2,2,1,1.3333333333333333,-3.466666666666667,231493.21,1.4587698039021428,744308.49,0.30435661816053633,14,1,0,15.918226513162972,202106,1.0,7.0
1800000259,C000156,2021-06-30,2021-07-30,94793.15,Retail,Northeast,NT30,High,CLEARED,11.459462977478283,30,5,2,14.25,1.0,4,107083.19,6,2,2,1,13.333333333333334,-0.9166666666666661,244580.13,0.8852290448202,428332.76,1.236455883966143,30,1,0,15.918226513162972,202106,1.0,11.0
1800000997,C000196,2021-06-30,2021-07-14,95436.74,Healthcare,Midwest,NT14,High,CLEARED,11.466229376692601,14,2,1,3.0,1.0,2,149695.7,6,2,2,1,3.0,0.0,150926.87,0.6375382860028711,299391.4,0.3984426638789201,14,1,0,15.918226513162972,202106,1.0,4.0
1800002808,C000005,2021-07-01,2021-07-15,92115.11,Logistics,Northeast,NT14,High,CLEARED,11.430805125513706,14,3,2,5.166666666666667,0.8333333333333334,6,160243.90666666665,7,3,3,0,5.0,-0.16666666666666696,231493.21,0.5748431370411755,961463.44,0.12910524655821018,14,0,0,15.447113800391426,202107,1.0,15.0
1800002287,C000074,2021-07-01,2021-09-29,104952.01,Retail,Northeast,NT90,Medium,CLEARED,11.56126800516147,90,5,2,2.6666666666666665,0.5,6,117312.31166666666,7,3,3,0,2.0,-0.6666666666666665,241463.48,0.8946376429629359,703873.87,0.5628995028290052,90,0,0,15.447113800391426,202107,0.0,0.0
1800001495,C000192,2021-07-01,2021-08-30,228572.97,Logistics,Midwest,NT60,High,CLEARED,12.339615156842884,60,3,1,2.5,0.75,4,79108.3425,7,3,3,0,2.6666666666666665,0.16666666666666652,128404.95,2.8893661878960493,316433.37,0.16793690644576703,60,0,0,15.447113800391426,202107,1.0,4.0
1800004724,C000189,2021-07-02,2021-08-31,60281.14,Logistics,Midwest,NT60,Medium,CLEARED,11.006791153105642,60,3,1,0.25,0.25,4,120692.775,7,3,4,0,1.0,0.75,173237.64,0.499459391831864,482771.1,0.03725074091453351,60,0,0,15.447113800391426,202107,1.0,4.0
1800000261,C000052,2021-07-02,2021-07-16,167858.98,Construction,South,NT14,High,CLEARED,12.030885458489903,14,0,3,35.333333333333336,1.0,3,71191.98,7,3,4,0,35.333333333333336,0.0,90451.91,2.3578355314741914,213575.94,0.16195176507608505,14,0,0,15.447113800391426,202107,1.0,31.0
1800003351,C000016,2021-07-02,2021-08-31,172157.09,Manufacturing,West,NT60,High,CLEARED,12.056168461563159,60,4,4,20.0,1.0,2,184256.115,7,3,4,0,20.0,0.0,224363.65,0.9343358292342157,368512.23,0.534186297889854,60,0,0,15.447113800391426,202107,1.0,5.0
1800003832,C000146,2021-07-02,2021-08-01,110606.07,Construction,International,NT30,Low,CLEARED,11.61373929007795,30,0,0,-2.0,0.0,2,160261.385,7,3,4,0,-2.0,0.0,236408.5,0.6901604525631674,320522.77,0.05532610017453227,30,0,0,15.447113800391426,202107,1.0,1.0
1800003759,C000057,2021-07-02,2021-08-01,89471.5,Manufacturing,Midwest,NT30,High,CLEARED,11.4016865944783,30,4,1,1.8571428571428572,0.5714285714285714,7,118082.30428571429,7,3,4,0,0.3333333333333333,-1.523809523809524,180629.37,0.7577045565058841,826576.13,0.06953217420549263,30,0,0,15.447113800391426,202107,0.0,0.0
1800003792,C000100,2021-07-03,2021-10-01,183719.82,Energy,International,NT90,High,CLEARED,12.121172601743508,90,1,0,25.6,0.8,5,98411.514,7,3,5,0,23.0,-2.6000000000000014,196637.07,1.8668528969079778,492057.57,0.1525670211212606,90,0,0,15.447113800391426,202107,1.0,33.0
1800003159,C000123,2021-07-03,2021-10-01,10396.34,Healthcare,Midwest,NT90,High,CLEARED,9.249305283184167,90,2,1,1.0,1.0,1,77356.62,7,3,5,0,1.0,0.0,77356.62,0.13439496193085998,77356.62,0.009579251231668891,90,0,0,15.447113800391426,202107,0.0,0.0
1800004133,C000140,2021-07-03,2021-09-01,9371.52,Logistics,South,NT60,High,CLEARED,9.145537282510164,60,3,3,21.0,1.0,1,149814.51,7,3,5,0,21.0,0.0,149814.51,0.0625541544674144,149814.51,0.005061236592558238,60,0,0,15.447113800391426,202107,1.0,25.0
1800003283,C000186,2021-07-04,2021-07-18,62600.64,Retail,International,NT14,High,CLEARED,11.044546754828094,14,5,0,13.0,1.0,3,177208.82333333333,7,3,6,0,13.0,0.0,245546.85,0.35325915957495496,531626.47,0.20440823734570845,14,0,0,15.447113800391426,202107,1.0,21.0
1800003466,C000027,2021-07-04,2021-07-18,10143.54,Logistics,South,NT14,High,CLEARED,9.224690908698644,14,3,3,9.857142857142858,1.0,7,144991.95285714287,7,3,6,0,8.0,-1.8571428571428577,248894.88,0.06995933084641043,1014943.67,0.006180392262378031,14,0,0,15.447113800391426,202107,1.0,14.0
1800004544,C000024,2021-07-04,2021-08-18,169848.75,Construction,International,NT45,High,CLEARED,12.042669501700688,45,0,0,28.75,1.0,4,206512.51750000002,7,3,6,0,27.333333333333332,-1.4166666666666679,249295.78,0.8224622509867955,826050.0700000001,0.4880198365361433,45,0,0,15.447113800391426,202107,1.0,16.0
1800002624,C000026,2021-07-05,2021-08-19,30261.59,Manufacturing,Midwest,NT45,Medium,CLEARED,10.317667575219588,45,4,1,1.25,0.5,4,166285.1325,7,3,0,0,0.3333333333333333,-0.9166666666666667,236806.85,0.18198614358983656,665140.53,0.05822900271177806,45,0,1,15.447113800391426,202107,1.0,4.0
1800002920,C000101,2021-07-05,2021-07-19,201372.23,Manufacturing,West,NT14,High,CLEARED,12.212915330868952,14,4,4,6.0,1.0,1,92936.5,7,3,0,0,6.0,0.0,92936.5,2.166772258477563,92936.5,0.49798806345450575,14,0,1,15.447113800391426,202107,1.0,8.0
1800003838,C000070,2021-07-05,2021-10-03,189115.5,Energy,Midwest,NT90,Medium,CLEARED,12.150118506260428,90,1,1,0.75,0.25,4,169970.26750000002,7,3,0,0,-0.6666666666666666,-1.4166666666666665,243557.77,1.1126387148858254,679881.0700000001,0.10743825973601442,90,0,1,15.447113800391426,202107,0.0,0.0
1800001751,C000105,2021-07-05,2021-07-19,237963.87,Manufacturing,South,NT14,High,CLEARED,12.3798783367169,14,4,3,33.0,1.0,3,136352.79,7,3,0,0,33.0,0.0,152631.58,1.7452071937801932,409058.37,0.14109955477220895,14,0,1,15.447113800391426,202107,1.0,20.0
1800000631,C000112,2021-07-05,2021-07-19,241800.6,Logistics,International,NT14,High,CLEARED,12.395872834179812,14,3,0,13.666666666666666,1.0,3,210907.58,7,3,0,0,13.666666666666666,0.0,242663.76,1.1464765751899482,632722.74,3.238183038310771,14,0,1,15.447113800391426,202107,1.0,8.0
1800001828,C000117,2021-07-06,2021-09-04,249320.04,Construction,International,NT60,Low,CLEARED,12.426496662260147,60,0,0,0.0,0.0,0,249320.04,7,3,1,0,0.0,0.0,0.0,1.0,0.0,0.3159833108318408,60,0,0,15.447113800391426,202107,1.0,2.0
1800002584,C000182,2021-07-07,2021-07-21,41121.16,Retail,West,NT14,High,CLEARED,10.624302427932317,14,5,4,19.666666666666668,1.0,3,157307.56666666668,7,3,2,0,19.666666666666668,0.0,249682.11,0.26140611587448537,471922.7,0.035647130342187715,14,0,0,15.447113800391426,202107,1.0,24.0
1800002121,C000145,2021-07-07,2021-07-21,24654.62,Logistics,West,NT14,High,CLEARED,10.112760145371045,14,3,4,1.4285714285714286,0.7142857142857143,7,71730.67714285714,7,3,2,0,1.0,-0.4285714285714286,171625.69,0.34371096136313384,502114.74,0.020089459157838194,14,0,0,15.447113800391426,202107,1.0,1.0
1800002859,C000057,2021-07-07,2021-08-06,95886.68,Manufacturing,Midwest,NT30,Medium,CLEARED,11.470932785465633,30,4,1,1.625,0.5,8,114505.95375,7,3,2,0,1.0,-0.625,180629.37,0.8373947105785318,916047.63,0.07451768817719973,30,0,0,15.447113800391426,202107,0.0,-1.0
1800000011,C000096,2021-07-07,2021-10-05,149689.34,Healthcare,West,NT90,Medium,CLEARED,11.916324039267515,90,2,4,1.25,0.5,4,77561.79,7,3,2,0,1.3333333333333333,0.08333333333333326,246127.58,1.9299366350364013,310247.16,0.0792700711457983,90,0,0,15.447113800391426,202107,1.0,7.0
1800000831,C000142,2021-07-07,2021-08-21,163729.99,Energy,Northeast,NT45,High,CLEARED,12.005980055155293,45,1,2,14.25,1.0,4,116864.665,7,3,2,0,14.666666666666666,0.4166666666666661,226046.27,1.401022199481768,467458.66,0.438308755060642,45,0,0,15.447113800391426,202107,1.0,20.0
1800001620,C000011,2021-07-07,2021-08-21,62200.41,Retail,Northeast,NT45,Medium,CLEARED,11.038132947280626,45,5,2,1.5,0.5,2,186984.21,7,3,2,0,1.5,0.0,241143.99,0.33265060188772094,373968.42,0.1356492017871294,45,0,0,15.447113800391426,202107,0.0,0.0
1800001447,C000026,2021-07-08,2021-08-22,174970.29,Manufacturing,Midwest,NT45,High,CLEARED,12.07237718230395,45,4,1,1.8,0.6,5,139080.424,7,3,3,0,1.6666666666666667,-0.1333333333333333,236806.85,1.2580511690128298,695402.12,0.33667581547732933,45,0,0,15.447113800391426,202107,1.0,5.0
1800001240,C000093,2021-07-09,2021-08-08,34997.14,Manufacturing,Northeast,NT30,High,CLEARED,10.463050196202277,30,4,2,1.6666666666666667,0.6666666666666666,3,133484.08333333334,7,3,4,0,1.6666666666666667,0.0,221717.28,0.26218212034019034,400452.25,0.02494091139955724,30,0,0,15.447113800391426,202107,1.0,1.0
1800000580,C000195,2021-07-09,2021-09-07,220702.53,Logistics,Midwest,NT60,High,CLEARED,12.304575586679672,60,3,1,13.714285714285714,1.0,7,88735.92142857143,7,3,4,0,14.0,0.2857142857142865,209238.58,2.4871836168135806,621151.45,0.7952726179137589,60,0,0,15.447113800391426,202107,0.0,0.0
1800003102,C000131,2021-07-09,2021-08-23,177400.01,Energy,Northeast,NT45,High,CLEARED,12.086168042189774,45,1,2,4.6,0.8,5,157016.96000000002,7,3,4,0,5.666666666666667,1.0666666666666673,225910.75,1.1298143206950382,785084.8,0.09410771622701435,45,0,0,15.447113800391426,202107,1.0,3.0
1800002770,C000182,2021-07-09,2021-07-23,155030.63,Retail,West,NT14,High,CLEARED,11.951384439599181,14,5,4,20.75,1.0,4,128260.965,7,3,4,0,20.666666666666668,-0.08333333333333215,249682.11,1.208712487076641,513043.86,0.13439302477462883,14,0,0,15.447113800391426,202107,1.0,17.0
1800000721,C000192,2021-07-10,2021-09-08,228394.2,Logistics,Midwest,NT60,High,CLEARED,12.338832740781337,60,3,1,2.8,0.8,5,109001.268,7,3,5,0,2.6666666666666665,-0.1333333333333333,228572.97,2.095335257934798,545006.34,0.16780556072818148,60,0,0,15.447113800391426,202107,1.0,3.0
1800003751,C000179,2021-07-10,2021-08-24,104548.01,Retail,International,NT45,High,CLEARED,11.557411235658432,45,5,0,2.0,1.0,3,142565.3633333333,7,3,5,0,2.0,0.0,161523.34,0.733333872657101,427696.08999999997,0.05428367654518752,45,0,0,15.447113800391426,202107,1.0,1.0
1800001833,C000021,2021-07-11,2021-10-09,17685.98,Logistics,South,NT90,High,CLEARED,9.780584054660139,90,3,3,3.0,1.0,1,240270.45,7,3,6,0,3.0,0.0,240270.45,0.07360863560208922,240270.45,0.06469472985731367,90,0,0,15.447113800391426,202107,1.0,4.0
1800003344,C000067,2021-07-11,2021-07-25,27586.09,Manufacturing,West,NT14,Medium,CLEARED,10.225103188651202,14,4,4,1.5,0.5,4,178610.675,7,3,6,0,2.0,0.5,248221.29,0.1544481593835307,714442.7,0.016796780708313048,14,0,0,15.447113800391426,202107,0.0,-2.0
1800000432,C000084,2021-07-12,2021-09-10,217639.26,Logistics,West,NT60,High,CLEARED,12.290598795232487,60,3,4,16.166666666666668,1.0,6,97644.72000000002,7,3,0,0,22.0,5.833333333333332,179972.79,2.228889181104723,585868.3200000001,0.5071418250330987,60,0,1,15.447113800391426,202107,1.0,10.0
1800004873,C000160,2021-07-12,2021-10-10,12332.46,Logistics,International,NT90,High,CLEARED,9.420071173175783,90,3,0,2.6666666666666665,1.0,3,106845.66999999998,7,3,0,0,2.6666666666666665,0.0,169944.86,0.11542311447904254,320537.00999999995,0.0071086503652771586,90,0,1,15.447113800391426,202107,0.0,0.0
1800000548,C000143,2021-07-12,2021-10-10,51801.73,Healthcare,Midwest,NT90,High,CLEARED,10.855198129561538,90,2,1,3.6666666666666665,0.6666666666666666,3,164812.77333333335,7,3,0,0,3.6666666666666665,0.0,228688.21,0.3143065246237387,494438.32,0.05373840627417888,90,0,1,15.447113800391426,202107,1.0,2.0
1800004799,C000166,2021-07-13,2021-09-11,21475.78,Logistics,West,NT60,High,CLEARED,9.97472763049551,60,3,4,26.666666666666668,1.0,3,187158.17333333334,7,3,1,0,26.666666666666668,0.0,236797.87,0.1147466852102211,561474.52,0.01094254084579849,60,0,0,15.447113800391426,202107,1.0,34.0
1800001069,C000091,2021-07-13,2021-08-27,24173.0,Healthcare,International,NT45,High,CLEARED,10.093032954419403,45,2,0,20.5,1.0,2,145479.84,7,3,1,0,20.5,0.0,147833.52,0.16616047969258146,290959.68,0.04679888230182741,45,0,0,15.447113800391426,202107,1.0,11.0
1800001426,C000176,2021-07-13,2021-07-27,10916.89,Healthcare,International,NT14,Medium,CLEARED,9.298158007185618,14,2,0,1.0,0.3333333333333333,3,117391.23,7,3,1,0,1.0,0.0,123522.27,0.09299578852696236,352173.69,0.007898698950272807,14,0,0,15.447113800391426,202107,1.0,2.0
1800004211,C000013,2021-07-13,2021-09-11,115010.66,Retail,West,NT60,Medium,CLEARED,11.652788793509984,60,5,4,0.5,0.5,2,41769.545,7,3,1,0,0.5,0.0,47261.97,2.753457333566837,83539.09,0.08262759740743517,60,0,0,15.447113800391426,202107,1.0,5.0
1800000333,C000091,2021-07-14,2021-08-28,198053.78,Healthcare,International,NT45,High,CLEARED,12.196298938078174,45,2,0,17.333333333333332,1.0,3,105044.22666666667,7,3,2,0,17.333333333333332,0.0,147833.52,1.8854323201262402,315132.68,0.38343174366657096,45,0,0,15.447113800391426,202107,1.0,14.0
1800004708,C000120,2021-07-14,2021-08-13,225243.15,Manufacturing,South,NT30,High,CLEARED,12.324940203990154,30,4,3,3.5,0.75,4,144815.19,7,3,2,0,2.6666666666666665,-0.8333333333333335,183368.2,1.5553834511421074,579260.76,0.2673398645449487,30,0,0,15.447113800391426,202107,1.0,3.0
1800003388,C000136,2021-07-14,2021-09-12,113450.79,Construction,Midwest,NT60,High,CLEARED,11.639133267959235,60,0,1,11.5,0.8333333333333334,6,104028.69,7,3,2,0,12.333333333333334,0.8333333333333339,197566.2,1.0905721296692286,624172.14,0.6775240761236744,60,0,0,15.447113800391426,202107,1.0,9.0
1800002344,C000154,2021-07-15,2021-09-13,64499.02,Manufacturing,South,NT60,High,CLEARED,11.074420812861336,60,4,3,11.5,1.0,4,144550.8275,7,3,3,0,9.666666666666666,-1.833333333333334,240470.24,0.4462030492353978,578203.31,0.057538152165835854,60,0,0,15.447113800391426,202107,1.0,2.0
1800004505,C000103,2021-07-15,2021-08-29,18332.68,Retail,West,NT45,High,CLEARED,9.816495084458634,45,5,4,23.0,1.0,4,100464.115,7,3,3,0,20.333333333333332,-2.666666666666668,144905.48,0.1824798834887462,401856.46,0.018956376442093536,45,0,0,15.447113800391426,202107,1.0,23.0
1800004953,C000039,2021-07-15,2021-08-14,183154.76,Manufacturing,West,NT30,High,CLEARED,12.11809221734388,30,4,4,2.25,0.75,4,111420.6575,7,3,3,0,4.0,1.75,228581.02,1.6438133117281237,445682.63,0.1923642504275674,30,0,0,15.447113800391426,202107,0.0,0.0
1800002809,C000117,2021-07-15,2021-09-13,125193.73,Construction,International,NT60,High,CLEARED,11.737625644110457,60,0,0,2.0,1.0,1,249320.04,7,3,3,0,2.0,0.0,249320.04,0.502140662258838,249320.04,0.1586680689638408,60,0,0,15.447113800391426,202107,1.0,7.0
1800000703,C000191,2021-07-15,2021-10-13,26035.68,Energy,Midwest,NT90,High,CLEARED,10.167261592034425,90,1,1,12.75,1.0,4,162549.93,7,3,3,0,12.333333333333334,-0.4166666666666661,200312.13,0.1601703550410634,650199.72,0.33750601817079234,90,0,0,15.447113800391426,202107,1.0,15.0
1800000852,C000072,2021-07-16,2021-08-30,4895.8,Construction,West,NT45,Low,CLEARED,8.49633720953686,45,0,4,0.0,0.0,0,4895.8,7,3,4,0,0.0,0.0,0.0,1.0,0.0,0.017770000342638186,45,0,0,15.447113800391426,202107,0.0,-3.0
1800000662,C000160,2021-07-18,2021-10-16,173635.01,Logistics,International,NT90,High,CLEARED,12.064716490573154,90,3,0,2.0,0.75,4,83217.3675,7,3,6,0,1.3333333333333333,-0.6666666666666667,169944.86,2.0865237055233696,332869.47,0.10008632318786384,90,0,0,15.447113800391426,202107,1.0,3.0
1800004005,C000194,2021-07-18,2021-10-16,203068.74,Construction,Midwest,NT90,High,CLEARED,12.221304745823264,90,0,1,6.833333333333333,0.8333333333333334,6,145918.63333333333,7,3,6,0,1.0,-5.833333333333333,219422.45,1.3916573597294748,875511.8,0.15466929364143406,90,0,0,15.447113800391426,202107,1.0,1.0
1800004579,C000118,2021-07-18,2021-09-01,143480.35,Healthcare,Northeast,NT45,High,CLEARED,11.873960340578815,45,2,2,1.6666666666666667,0.6666666666666666,3,130736.14,7,3,6,0,1.6666666666666667,0.0,191691.09,1.0974803906555601,392208.42,0.193393545415859,45,0,0,15.447113800391426,202107,1.0,3.0
1800000499,C000038,2021-07-18,2021-09-16,243122.55,Energy,Midwest,NT60,Low,CLEARED,12.401325029326781,60,1,1,0.0,0.0,1,215036.42,7,3,6,0,0.0,0.0,215036.42,1.1306110378883725,215036.42,0.57394282973699,60,0,0,15.447113800391426,202107,1.0,2.0
1800001540,C000055,2021-07-18,2021-10-16,230397.33,Logistics,Midwest,NT90,High,CLEARED,12.347564959513715,90,3,1,17.2,0.8,5,113163.90800000001,7,3,6,0,22.666666666666668,5.466666666666669,201743.85,2.0359612359799377,565819.54,0.12249225111897888,90,0,0,15.447113800391426,202107,1.0,1.0
1800001445,C000037,2021-07-19,2021-09-17,170582.87,Logistics,South,NT60,High,CLEARED,12.046982360917893,60,3,3,2.6666666666666665,1.0,3,111873.32333333332,7,3,0,0,2.6666666666666665,0.0,165193.91,1.5247859357117517,335619.97,0.08662889152595794,60,0,1,15.447113800391426,202107,1.0,2.0
1800002931,C000200,2021-07-19,2021-09-02,230600.01,Healthcare,Northeast,NT45,Medium,CLEARED,12.348444266686082,45,2,2,0.5,0.5,2,55588.270000000004,7,3,0,0,0.5,0.0,66901.55,4.14835737827423,111176.54000000001,0.12114000854115822,45,0,1,15.447113800391426,202107,1.0,3.0
1800002949,C000003,2021-07-19,2021-08-18,60650.89,Construction,International,NT30,High,CLEARED,11.012906076293913,30,0,0,3.0,0.75,4,118637.37,7,3,0,0,4.333333333333333,1.333333333333333,158187.08,0.5112292189214916,474549.48,0.052996690826832095,30,0,1,15.447113800391426,202107,1.0,5.0
1800000792,C000138,2021-07-20,2021-08-19,16377.75,Construction,Northeast,NT30,High,CLEARED,9.703740041918795,30,0,2,4.0,0.75,4,191119.02500000002,7,3,1,0,5.333333333333333,1.333333333333333,222518.48,0.08569398049199968,764476.1000000001,0.046103520281861265,30,0,0,15.447113800391426,202107,1.0,3.0
1800004854,C000101,2021-07-20,2021-08-03,93039.8,Manufacturing,West,NT14,High,CLEARED,11.440793385607858,14,4,4,7.0,1.0,2,147154.365,7,3,1,0,7.0,0.0,201372.23,0.6322598721417473,294308.73,0.23008490210489563,14,0,0,15.447113800391426,202107,1.0,22.0
1800000483,C000085,2021-07-20,2021-09-18,127680.18,Manufacturing,West,NT60,High,CLEARED,11.757291654495566,60,4,4,14.2,1.0,5,120536.05,7,3,1,0,16.0,1.8000000000000007,247874.28,1.0592696541822963,602680.25,0.09604974033506868,60,0,0,15.447113800391426,202107,1.0,8.0
1800000535,C000099,2021-07-20,2021-09-03,191972.79,Logistics,West,NT45,High,CLEARED,12.165114131274857,45,3,4,1.8,0.6,5,111783.604,7,3,1,0,1.6666666666666667,-0.1333333333333333,245026.79,1.7173608931055757,558918.02,0.11366156111035708,45,0,0,15.447113800391426,202107,1.0,3.0
1800000962,C000047,2021-07-21,2021-08-20,210793.63,Construction,South,NT30,High,CLEARED,12.258639620941565,30,0,3,2.0,1.0,1,248675.38,7,3,2,0,2.0,0.0,248675.38,0.8476658606091202,248675.38,0.15423948824659584,30,0,0,15.447113800391426,202107,1.0,4.0
1800002152,C000184,2021-07-21,2021-08-20,171431.57,Retail,International,NT30,High,CLEARED,12.051945290430892,30,5,0,40.333333333333336,1.0,3,158957.77666666664,7,3,2,0,40.333333333333336,0.0,205830.12,1.0784723691719142,476873.32999999996,0.13274812207226785,30,0,0,15.447113800391426,202107,1.0,39.0
1800000859,C000179,2021-07-21,2021-09-04,185394.73,Retail,International,NT45,High,CLEARED,12.130247900564957,45,5,0,1.75,1.0,4,133061.025,7,3,2,0,1.3333333333333333,-0.41666666666666674,161523.34,1.3933060413445637,532244.1,0.09626111062757077,45,0,0,15.447113800391426,202107,0.0,0.0
1800000403,C000016,2021-07-21,2021-09-19,188569.44,Manufacturing,West,NT60,High,CLEARED,12.147226903069257,60,4,4,15.0,1.0,3,180223.10666666666,7,3,2,0,15.0,0.0,224363.65,1.0463111167469241,540669.32,0.5851121847422197,60,0,0,15.447113800391426,202107,1.0,12.0
1800004759,C000092,2021-07-22,2021-09-05,91350.92,Retail,Northeast,NT45,Medium,CLEARED,11.422474579647673,45,5,2,2.0,0.5,2,183209.835,7,3,3,0,2.0,0.0,244604.99,0.49861362519102753,366419.67,0.13564947139707867,45,0,0,15.447113800391426,202107,1.0,4.0
1800000149,C000133,2021-07-22,2021-08-21,53597.26,Construction,Northeast,NT30,Medium,CLEARED,10.889271883845401,30,0,2,0.0,0.5,2,113646.70999999999,7,3,3,0,0.0,0.0,217498.99,0.47161294858425734,227293.41999999998,0.24801745947078793,30,0,0,15.447113800391426,202107,1.0,5.0
1800001608,C000126,2021-07-22,2021-08-21,11631.38,Manufacturing,Northeast,NT30,High,CLEARED,9.361547867740384,30,4,2,11.0,1.0,1,144999.5,7,3,3,0,11.0,0.0,144999.5,0.08021669040238069,144999.5,0.011699385603667718,30,0,0,15.447113800391426,202107,1.0,7.0
1800002171,C000093,2021-07-22,2021-08-21,175444.47,Manufacturing,Northeast,NT30,High,CLEARED,12.075083561356292,30,4,2,1.5,0.75,4,108862.3475,7,3,3,0,1.6666666666666667,0.16666666666666674,221717.28,1.6116175521568648,435449.39,0.1250315020545187,30,0,0,15.447113800391426,202107,1.0,3.0
1800004858,C000047,2021-07-22,2021-08-21,34168.03,Construction,South,NT30,High,CLEARED,10.439074957232013,30,0,3,3.0,1.0,2,229734.505,7,3,3,0,3.0,0.0,248675.38,0.1487283331687593,459469.01,0.02500103756263571,30,0,0,15.447113800391426,202107,1.0,6.0
1800003803,C000005,2021-07-23,2021-08-06,13853.35,Logistics,Northeast,NT14,High,CLEARED,9.53635454172525,14,3,2,6.571428571428571,0.8571428571428571,7,150511.22142857144,7,3,4,0,9.666666666666666,3.095238095238095,231493.21,0.09204197446882341,1053578.55,0.019416360327932963,14,0,0,15.447113800391426,202107,1.0,24.0
1800000543,C000095,2021-07-23,2021-08-22,201367.35,Healthcare,West,NT30,High,CLEARED,12.212891096966905,30,2,4,5.0,1.0,1,91987.7,7,3,4,0,5.0,0.0,91987.7,2.1890682123805685,91987.7,0.10627249391270988,30,0,0,15.447113800391426,202107,1.0,1.0
1800001301,C000030,2021-07-23,2021-08-22,63169.63,Healthcare,Midwest,NT30,High,CLEARED,11.053594756931506,30,2,1,32.5,1.0,2,214719.15,7,3,4,0,32.5,0.0,215017.61,0.2941965353346453,429438.3,0.04795524347426622,30,0,0,15.447113800391426,202107,1.0,44.0
1800004515,C000029,2021-07-23,2021-09-06,100755.45,Construction,International,NT45,High,CLEARED,11.520461497610864,45,0,0,2.0,1.0,1,20937.16,7,3,4,0,2.0,0.0,20937.16,4.812278742675701,20937.16,0.05219116793252627,45,0,0,15.447113800391426,202107,1.0,6.0
1800004913,C000087,2021-07-23,2021-09-21,109671.04,Construction,South,NT60,High,CLEARED,11.605249736839573,60,0,3,7.0,0.6666666666666666,3,173525.13333333333,7,3,4,0,7.0,0.0,190662.41,0.6320181860303041,520575.4,0.05963407968715519,60,0,0,15.447113800391426,202107,1.0,13.0
1800004065,C000153,2021-07-23,2021-09-21,109233.24,Manufacturing,South,NT60,Medium,CLEARED,11.601249846258991,60,4,3,0.6,0.4,5,151518.644,7,3,4,0,1.6666666666666667,1.0666666666666669,230985.56,0.7209227664418645,757593.22,0.1445898263960933,60,0,0,15.447113800391426,202107,1.0,1.0
1800000616,C000098,2021-07-24,2021-08-23,247663.32,Manufacturing,West,NT30,High,CLEARED,12.419829559885954,30,4,4,10.5,1.0,4,119441.5375,7,3,5,0,8.333333333333334,-2.166666666666666,193817.26,2.073510816955115,477766.15,0.2752181165458534,30,0,0,15.447113800391426,202107,1.0,11.0
1800002528,C000035,2021-07-24,2021-10-22,45607.15,Healthcare,International,NT90,Medium,CLEARED,10.727841707602694,90,2,0,0.5,0.5,6,74358.60833333334,7,3,5,0,1.0,0.5,213894.73,0.6133405535987595,446151.65,0.028865140849803867,90,0,0,15.447113800391426,202107,0.0,0.0
1800003650,C000137,2021-07-24,2021-08-07,215412.97,Logistics,Northeast,NT14,High,CLEARED,12.280316897683068,14,3,2,19.0,1.0,1,71759.64,7,3,5,0,19.0,0.0,71759.64,3.0018680417014356,71759.64,0.380547985783979,14,0,0,15.447113800391426,202107,1.0,18.0
1800002975,C000007,2021-07-24,2021-10-22,200066.13,Energy,Midwest,NT90,High,CLEARED,12.206408239212314,90,1,1,6.6,1.0,5,58937.876000000004,7,3,5,0,5.666666666666667,-0.9333333333333327,123787.86,3.394525618805808,294689.38,0.21151355673030825,90,0,0,15.447113800391426,202107,1.0,18.0
1800002263,C000168,2021-07-24,2021-09-22,229061.65,Construction,South,NT60,Medium,CLEARED,12.341750825906004,60,0,3,0.0,0.3333333333333333,3,113937.66333333333,7,3,5,0,0.0,0.0,211497.98,2.010412038465829,341812.99,2.865856343886271,60,0,0,15.447113800391426,202107,1.0,5.0
1800002582,C000132,2021-07-25,2021-08-08,11742.94,Healthcare,West,NT14,Medium,CLEARED,9.37109264184942,14,2,4,1.3333333333333333,0.3333333333333333,3,202128.06000000003,7,3,6,0,1.3333333333333333,0.0,249747.76,0.05809653543402138,606384.18,0.009992364987465956,14,1,0,15.447113800391426,202107,0.0,0.0
1800001141,C000130,2021-07-25,2021-09-23,90522.84,Energy,South,NT60,Low,CLEARED,11.413368520412,60,1,3,0.0,0.0,1,71884.54,7,3,6,0,0.0,0.0,71884.54,1.2592810637725442,71884.54,0.1497577786939649,60,1,0,15.447113800391426,202107,0.0,0.0
1800004452,C000009,2021-07-25,2021-09-08,17495.59,Manufacturing,International,NT45,High,CLEARED,9.769761283781628,45,4,0,13.25,1.0,4,157417.5075,7,3,6,0,16.0,2.75,206735.83,0.11114132270198726,629670.03,0.0942485083703536,45,1,0,15.447113800391426,202107,1.0,8.0
1800004754,C000074,2021-07-26,2021-10-24,172979.93,Retail,Northeast,NT90,Medium,CLEARED,12.060936636190137,90,5,2,2.2857142857142856,0.42857142857142855,7,115546.55428571429,7,3,0,0,2.0,-0.2857142857142856,241463.48,1.4970583161854316,808825.88,0.9277603792094704,90,1,1,15.447113800391426,202107,1.0,2.0
1800000154,C000007,2021-07-26,2021-10-24,44748.01,Energy,Midwest,NT90,High,CLEARED,10.708824600553259,90,1,1,8.5,1.0,6,82459.25166666666,7,3,0,0,10.0,1.5,200066.13,0.542668155428931,494755.51,0.04730841123234303,90,1,1,15.447113800391426,202107,0.0,0.0
1800003574,C000083,2021-07-26,2021-08-09,237730.96,Manufacturing,South,NT14,Low,CLEARED,12.37889909950562,14,4,3,0.0,0.0,1,51350.51,7,3,0,0,0.0,0.0,51350.51,4.629573494012035,51350.51,0.19141221798907676,14,1,1,15.447113800391426,202107,1.0,5.0
1800001574,C000093,2021-07-27,2021-08-26,206770.29,Manufacturing,Northeast,NT30,High,CLEARED,12.23936858219143,30,4,2,1.8,0.8,5,122178.772,7,3,1,0,3.3333333333333335,1.5333333333333334,221717.28,1.6923585547250386,610893.86,0.14735602631960087,30,1,0,15.447113800391426,202107,1.0,1.0
1800002903,C000129,2021-07-28,2021-08-11,215231.84,Construction,South,NT14,Low,CLEARED,12.279475697857714,14,0,3,-3.0,0.0,1,56897.3,7,3,2,0,-3.0,0.0,56897.3,3.7828128927031686,56897.3,0.15265060115864526,14,1,0,15.447113800391426,202107,1.0,3.0
1800002976,C000131,2021-07-28,2021-09-11,249492.9,Energy,Northeast,NT45,High,CLEARED,12.427189744977035,45,1,2,4.333333333333333,0.8333333333333334,6,160414.135,7,3,2,0,3.3333333333333335,-0.9999999999999996,225910.75,1.555304961124529,962484.81,0.13235177965240738,45,1,0,15.447113800391426,202107,0.0,0.0
1800002178,C000148,2021-07-29,2021-09-12,140027.71,Construction,Northeast,NT45,High,CLEARED,11.849602751995741,45,0,2,9.4,0.8,5,108504.99399999999,7,3,3,0,5.666666666666667,-3.7333333333333334,248646.7,1.29051857281334,542524.97,0.10873150047265548,45,1,0,15.447113800391426,202107,1.0,20.0
1800001627,C000138,2021-07-29,2021-08-28,221278.48,Construction,Northeast,NT30,High,CLEARED,12.307181796931978,30,0,2,3.8,0.8,5,156170.77000000002,7,3,3,0,5.0,1.2000000000000002,222518.48,1.4169007426933988,780853.8500000001,0.6229010023122488,30,1,0,15.447113800391426,202107,1.0,4.0
1800001343,C000014,2021-07-29,2021-09-12,162849.3,Manufacturing,South,NT45,Low,CLEARED,12.000586652888744,45,4,3,-0.5,0.0,2,125420.42,7,3,3,0,-0.5,0.0,216925.77,1.2984273214840134,250840.84,0.10053423138619841,45,1,0,15.447113800391426,202107,1.0,3.0
1800000138,C000153,2021-07-30,2021-09-28,188980.84,Manufacturing,South,NT60,Medium,CLEARED,12.149406204769269,60,4,3,0.6666666666666666,0.5,6,144471.0766666667,7,3,4,0,1.0,0.33333333333333337,230985.56,1.308087711120401,866826.4600000001,0.25015010859137643,60,1,0,15.447113800391426,202107,1.0,1.0
1800000747,C000021,2021-07-30,2021-10-28,197901.15,Logistics,South,NT90,High,CLEARED,12.195527995604408,90,3,3,3.5,1.0,2,128978.21500000001,7,3,4,0,3.5,0.0,240270.45,1.5343765611890348,257956.43000000002,0.7239158609080024,90,1,0,15.447113800391426,202107,0.0,-5.0
1800002567,C000060,2021-07-30,2021-09-28,20194.97,Logistics,International,NT60,High,CLEARED,9.913238358535041,60,3,0,4.666666666666667,1.0,3,115070.21666666667,7,3,4,0,4.666666666666667,0.0,239218.79,0.175501277263607,345210.65,0.01765652047789151,60,1,0,15.447113800391426,202107,1.0,5.0
1800000039,C000084,2021-07-30,2021-09-28,194726.24,Logistics,West,NT60,High,CLEARED,12.17935508912422,60,3,4,15.285714285714286,1.0,7,114786.79714285715,7,3,4,0,18.333333333333332,3.0476190476190457,217639.26,1.6964167033744721,803507.5800000001,0.4537500299138729,60,1,0,15.447113800391426,202107,1.0,26.0
1800002249,C000134,2021-07-30,2021-10-28,125208.33,Construction,West,NT90,Medium,CLEARED,11.737742255638373,90,0,4,0.6666666666666666,0.3333333333333333,3,59430.32,7,3,4,0,0.6666666666666666,0.0,87633.23,2.1068089486982404,178290.96,0.07865118448655582,90,1,0,15.447113800391426,202107,1.0,4.0
1800001010,C000112,2021-07-30,2021-08-13,217161.11,Logistics,International,NT14,High,CLEARED,12.288399404310368,14,3,0,12.25,1.0,4,218630.83500000002,7,3,4,0,15.0,2.75,242663.76,0.9932775950839686,874523.3400000001,2.9082120680541714,14,1,0,15.447113800391426,202107,0.0,-5.0
1800001446,C000113,2021-07-31,2021-09-29,17462.66,Healthcare,South,NT60,High,CLEARED,9.7678774294191,60,2,3,2.0,1.0,1,162658.7,7,3,5,0,2.0,0.0,162658.7,0.10735767591896406,162658.7,0.01354333987264809,60,1,0,15.447113800391426,202107,0.0,0.0
1800003318,C000164,2021-07-31,2021-09-29,215784.33,Manufacturing,Midwest,NT60,High,CLEARED,12.282039349884702,60,4,1,3.0,1.0,1,217659.4,7,3,5,0,3.0,0.0,217659.4,0.9913853019901736,217659.4,0.41845364487472153,60,1,0,15.447113800391426,202107,1.0,9.0
1800000729,C000023,2021-07-31,2021-09-14,231583.88,Manufacturing,International,NT45,High,CLEARED,12.352701737575726,45,4,0,2.1666666666666665,1.0,6,85899.36166666668,7,3,5,0,3.0,0.8333333333333335,249683.32,2.695990697796609,515396.17000000004,0.12657455482294674,45,1,0,15.447113800391426,202107,0.0,0.0
1800004898,C000125,2021-07-31,2021-08-30,66675.73,Logistics,South,NT30,High,CLEARED,11.107611295470258,30,3,3,2.6666666666666665,0.6666666666666666,3,134490.18333333335,7,3,5,0,2.6666666666666665,0.0,167788.66,0.49576651877070077,403470.55000000005,0.10021625883266824,30,1,0,15.447113800391426,202107,1.0,3.0
1800001342,C000108,2021-07-31,2021-08-14,33846.36,Retail,Northeast,NT14,High,CLEARED,10.429616284161584,14,5,2,46.0,1.0,1,143088.91,7,3,5,0,46.0,0.0,143088.91,0.23654076336174482,143088.91,0.02872144275591625,14,1,0,15.447113800391426,202107,1.0,26.0
1800003280,C000109,2021-07-31,2021-10-29,115038.58,Healthcare,West,NT90,High,CLEARED,11.653031522044175,90,2,4,19.0,1.0,3,109765.23333333334,7,3,5,0,19.0,0.0,158513.24,1.0480420485296347,329295.7,0.2634010426313118,90,1,0,15.447113800391426,202107,1.0,55.0
1800002286,C000117,2021-08-01,2021-09-30,167122.15,Construction,International,NT60,High,CLEARED,12.026486244784262,60,0,0,4.5,1.0,2,187256.885,8,3,6,0,4.5,0.0,249320.04,0.8924753287442541,374513.77,0.21180732311103237,60,0,0,16.1612651458622,202108,1.0,6.0
1800003116,C000155,2021-08-01,2021-09-30,45545.58,Energy,West,NT60,High,CLEARED,10.726490817542173,60,1,4,31.75,1.0,4,102181.3625,8,3,6,0,27.666666666666668,-4.083333333333332,249366.55,0.44573275287849096,408725.45,0.023385054095495416,60,0,0,16.1612651458622,202108,0.0,-5.0
1800001786,C000033,2021-08-01,2021-08-15,77780.0,Energy,Northeast,NT14,High,CLEARED,11.261652464402612,14,1,2,4.6,1.0,5,117364.78799999999,8,3,6,0,3.3333333333333335,-1.2666666666666662,232938.48,0.6627200655787834,586823.94,0.04505618621697434,14,0,0,16.1612651458622,202108,0.0,-1.0
1800003235,C000058,2021-08-02,2021-10-01,50721.62,Energy,Midwest,NT60,Medium,CLEARED,10.834127243928394,60,1,1,0.16666666666666666,0.5,6,188666.77000000002,8,3,0,0,-0.6666666666666666,-0.8333333333333333,242563.82,0.2688423615881058,1132000.62,0.03941518897390333,60,0,1,16.1612651458622,202108,1.0,3.0
1800002991,C000088,2021-08-02,2021-09-01,111297.27,Logistics,West,NT30,Low,CLEARED,11.619968993566912,30,3,4,-0.6666666666666666,0.0,3,93308.56333333334,8,3,0,0,-0.6666666666666666,0.0,171827.66,1.19278730723143,279925.69,0.0563134068843933,30,0,1,16.1612651458622,202108,1.0,5.0
1800002434,C000068,2021-08-02,2021-09-16,133833.47,Manufacturing,Northeast,NT45,High,CLEARED,11.804359016815463,45,4,2,2.75,1.0,4,108772.52,8,3,0,0,3.0,0.25,232651.41,1.2303978063577088,435090.08,0.10009498343576805,45,0,1,16.1612651458622,202108,0.0,-5.0
1800000177,C000148,2021-08-02,2021-09-16,211276.61,Construction,Northeast,NT45,High,CLEARED,12.260928234904004,45,0,2,11.166666666666666,0.8333333333333334,6,113758.78000000001,8,3,0,0,9.333333333333334,-1.8333333333333321,248646.7,1.8572334372784234,682552.68,0.16405626300734366,45,0,1,16.1612651458622,202108,1.0,1.0
1800000405,C000042,2021-08-03,2021-10-02,195429.55,Manufacturing,South,NT60,High,CLEARED,12.182960352327076,60,4,3,1.8,0.8,5,118408.46,8,3,1,0,1.3333333333333333,-0.4666666666666668,227023.8,1.6504694850351063,592042.3,3.6055123527318327,60,0,0,16.1612651458622,202108,0.0,0.0
1800000109,C000076,2021-08-03,2021-09-17,153779.75,Retail,International,NT45,High,CLEARED,11.943283165671431,45,5,0,6.333333333333333,1.0,3,152098.75333333333,8,3,1,0,6.333333333333333,0.0,245278.82,1.011052008184332,456296.26,0.1816941123721899,45,0,0,16.1612651458622,202108,1.0,24.0
1800003105,C000145,2021-08-03,2021-08-17,11122.63,Logistics,West,NT14,High,CLEARED,9.316826953383925,14,3,4,1.375,0.75,8,65846.17,8,3,1,0,0.6666666666666666,-0.7083333333333334,171625.69,0.16891840482141937,526769.36,0.009063113571117536,14,0,0,16.1612651458622,202108,1.0,2.0
1800003735,C000190,2021-08-03,2021-08-17,136734.58,Manufacturing,Northeast,NT14,Low,CLEARED,11.825804266826584,14,4,2,-0.5,0.0,2,132518.15,8,3,1,0,-0.5,0.0,147133.18,1.0318177547754779,265036.3,0.09351146736147742,14,0,0,16.1612651458622,202108,1.0,1.0
1800004844,C000158,2021-08-03,2021-09-17,214228.09,Logistics,International,NT45,High,CLEARED,12.274801235431156,45,3,0,1.3333333333333333,0.6666666666666666,3,188188.52000000002,8,3,1,0,1.3333333333333333,0.0,243924.66,1.138369598740667,564565.56,0.24904272658262844,45,0,0,16.1612651458622,202108,0.0,0.0
1800003171,C000162,2021-08-03,2021-09-17,206600.61,Construction,International,NT45,Low,CLEARED,12.23854762847371,45,0,0,-1.5,0.0,2,145876.515,8,3,1,0,-1.5,0.0,146303.3,1.4162705353908405,291753.03,0.2056139345246751,45,0,0,16.1612651458622,202108,1.0,2.0
1800004937,C000162,2021-08-03,2021-09-17,170646.77,Construction,International,NT45,Medium,CLEARED,12.04735688656708,45,0,0,-0.3333333333333333,0.3333333333333333,3,166117.88,8,3,1,0,-0.3333333333333333,0.0,206600.61,1.0272631097868572,498353.64,0.16983180153063096,45,0,0,16.1612651458622,202108,0.0,0.0
1800004743,C000171,2021-08-03,2021-10-02,171001.87,Energy,International,NT60,Medium,CLEARED,12.049435618969685,60,1,0,1.5,0.5,2,215322.515,8,3,1,0,1.5,0.0,247678.48,0.7941662301315772,430645.03,0.9322944125208279,60,0,0,16.1612651458622,202108,0.0,-2.0
1800004173,C000128,2021-08-03,2021-09-17,236385.24,Retail,Northeast,NT45,High,CLEARED,12.37322235639024,45,5,2,1.6666666666666667,0.6666666666666666,3,141393.91,8,3,1,0,1.6666666666666667,0.0,161516.43,1.671820519002551,424181.73,0.16523087056278218,45,0,0,16.1612651458622,202108,0.0,-5.0
1800000789,C000054,2021-08-04,2021-11-02,112240.25,Construction,Midwest,NT90,High,CLEARED,11.628405851563937,90,0,1,2.0,0.6666666666666666,6,136404.145,8,3,2,0,2.6666666666666665,0.6666666666666665,212118.91,0.822850727886605,818424.87,0.10378831595278991,90,0,0,16.1612651458622,202108,0.0,-1.0
1800000925,C000179,2021-08-05,2021-09-19,66128.85,Retail,International,NT45,High,CLEARED,11.099375512406647,45,5,0,1.4,0.8,5,143527.766,8,3,3,0,1.0,-0.3999999999999999,185394.73,0.46073907399910347,717638.83,0.03433558518909374,45,0,0,16.1612651458622,202108,1.0,4.0
1800004017,C000100,2021-08-05,2021-11-03,104373.43,Energy,International,NT90,High,CLEARED,11.5557400010604,90,1,0,26.833333333333332,0.8333333333333334,6,112629.565,8,3,3,0,26.666666666666668,-0.1666666666666643,196637.07,0.9266965560951957,675777.39,0.08667515186607745,90,0,0,16.1612651458622,202108,1.0,36.0
1800001926,C000115,2021-08-06,2021-11-04,201466.31,Healthcare,International,NT90,High,CLEARED,12.213382413957017,90,2,0,15.5,1.0,2,39477.405,8,3,4,0,15.5,0.0,64855.21,5.103332146578531,78954.81,0.22400819657968232,90,0,0,16.1612651458622,202108,1.0,2.0
1800004335,C000113,2021-08-06,2021-10-05,240063.73,Healthcare,South,NT60,Medium,CLEARED,12.388663874292707,60,2,3,1.0,0.5,2,90060.68000000001,8,3,4,0,1.0,0.0,162658.7,2.6655775861341486,180121.36000000002,0.1861838165826756,60,0,0,16.1612651458622,202108,0.0,0.0
1800001033,C000154,2021-08-06,2021-10-05,181316.73,Manufacturing,South,NT60,High,CLEARED,12.108006185673528,60,4,3,9.6,1.0,5,128540.46599999999,8,3,4,0,8.666666666666666,-0.9333333333333336,240470.24,1.4105809294327596,642702.33,0.1617486529400257,60,0,0,16.1612651458622,202108,1.0,18.0
1800000902,C000116,2021-08-07,2021-09-21,181421.59,Manufacturing,Midwest,NT45,High,CLEARED,12.108584340332051,45,4,1,13.333333333333334,1.0,6,156831.92833333332,8,3,5,0,11.0,-2.333333333333334,207844.11,1.156789895577917,940991.57,0.30546978920664575,45,0,0,16.1612651458622,202108,1.0,15.0
1800003439,C000011,2021-08-07,2021-09-21,45537.82,Retail,Northeast,NT45,Medium,CLEARED,10.726320427995246,45,5,2,1.0,0.3333333333333333,3,145389.61,8,3,5,0,1.0,0.0,241143.99,0.3132123402765851,436168.82999999996,0.09931074303410502,45,0,0,16.1612651458622,202108,1.0,1.0
1800001707,C000104,2021-08-08,2021-08-22,77398.98,Manufacturing,Midwest,NT14,High,CLEARED,11.256741801179853,14,4,1,16.0,1.0,1,15418.58,8,3,6,0,16.0,0.0,15418.58,5.019851374121352,15418.58,0.4210910187718756,14,0,0,16.1612651458622,202108,0.0,-5.0
1800003106,C000007,2021-08-08,2021-11-06,18526.64,Energy,Midwest,NT90,High,CLEARED,9.827018950132143,90,1,1,7.285714285714286,0.8571428571428571,7,77071.93142857144,8,3,6,0,9.666666666666666,2.3809523809523805,200066.13,0.24038115636391025,539503.52,0.019586701260538193,90,0,0,16.1612651458622,202108,1.0,6.0
1800004197,C000033,2021-08-08,2021-08-22,16778.93,Energy,Northeast,NT14,High,CLEARED,9.7279388083796,14,1,2,3.6666666666666665,0.8333333333333334,6,110767.32333333332,8,3,6,0,2.6666666666666665,-1.0,232938.48,0.1514790598442736,664603.94,0.009719652797654632,14,0,0,16.1612651458622,202108,1.0,5.0
1800000345,C000026,2021-08-09,2021-09-23,137652.26,Manufacturing,Midwest,NT45,High,CLEARED,11.832493193544941,45,4,1,2.3333333333333335,0.6666666666666666,6,145062.06833333333,8,3,0,0,3.0,0.6666666666666665,236806.85,0.9489197388506376,870372.41,0.2648688922433481,45,0,1,16.1612651458622,202108,1.0,2.0
1800003606,C000153,2021-08-09,2021-10-08,144812.4,Manufacturing,South,NT60,High,CLEARED,11.883201296088522,60,4,3,0.7142857142857143,0.5714285714285714,7,150829.61428571428,8,3,0,0,2.6666666666666665,1.952380952380952,230985.56,0.960105882957998,1055807.3,0.1916852395479766,60,0,1,16.1612651458622,202108,1.0,4.0
1800004034,C000183,2021-08-10,2021-08-24,193368.11,Logistics,International,NT14,High,CLEARED,12.172356128458672,14,3,0,12.2,1.0,5,120842.63200000001,8,3,1,0,9.666666666666666,-2.533333333333333,183147.85,1.6001646670522698,604213.16,0.1155101367751473,14,0,0,16.1612651458622,202108,0.0,-5.0
1800001174,C000029,2021-08-10,2021-09-24,119564.47,Construction,International,NT45,High,CLEARED,11.691619366438646,45,0,0,4.0,1.0,2,60846.305,8,3,1,0,4.0,0.0,100755.45,1.9650243346740612,121692.61,0.06193421132587368,45,0,0,16.1612651458622,202108,1.0,4.0
1800002881,C000042,2021-08-10,2021-10-09,6752.17,Manufacturing,South,NT60,High,CLEARED,8.817767303254724,60,4,3,1.5,0.6666666666666666,6,131245.30833333332,8,3,1,0,1.0,-0.5,227023.8,0.05144694378599058,787471.85,0.12457191014739225,60,0,0,16.1612651458622,202108,1.0,7.0
1800001206,C000014,2021-08-11,2021-09-25,215796.5,Manufacturing,South,NT45,Medium,CLEARED,12.282095746938326,45,4,3,0.6666666666666666,0.3333333333333333,3,137896.71333333335,8,3,2,0,0.6666666666666666,0.0,216925.77,1.5649140199473932,413690.14,0.13322093041438782,45,0,0,16.1612651458622,202108,1.0,1.0
1800000992,C000172,2021-08-11,2021-09-25,171326.36,Logistics,Northeast,NT45,High,CLEARED,12.051331391348207,45,3,2,14.4,1.0,5,96188.728,8,3,2,0,13.333333333333334,-1.0666666666666664,154723.31,1.781147994804547,480943.64,0.1911603193669155,45,0,0,16.1612651458622,202108,1.0,16.0
1800000329,C000182,2021-08-11,2021-08-25,94353.26,Retail,West,NT14,High,CLEARED,11.454811700810806,14,5,4,20.0,1.0,5,133614.898,8,3,2,0,19.333333333333332,-0.6666666666666679,249682.11,0.7061582309481687,668074.49,0.08179299799495748,14,0,0,16.1612651458622,202108,1.0,9.0
1800001648,C000161,2021-08-12,2021-10-11,67365.22,Construction,Midwest,NT60,Medium,CLEARED,11.117898984320622,60,0,1,1.2,0.4,5,111875.76200000002,8,3,3,0,0.0,-1.2,213210.53,0.6021431165760461,559378.81,0.04082563769192373,60,0,0,16.1612651458622,202108,0.0,0.0
1800003637,C000199,2021-08-12,2021-08-26,78797.72,Construction,West,NT14,High,CLEARED,11.274652032059219,14,0,4,22.25,1.0,4,129870.7475,8,3,3,0,18.0,-4.25,197000.25,0.6067395584983447,519482.99,0.04188798034703686,14,0,0,16.1612651458622,202108,1.0,39.0
1800001771,C000029,2021-08-13,2021-09-27,67050.93,Construction,International,NT45,High,CLEARED,11.113222672784746,45,0,0,4.0,1.0,3,80419.02666666667,8,3,4,0,4.0,0.0,119564.47,0.8337694794283341,241257.08000000002,0.034732278478852144,45,0,0,16.1612651458622,202108,0.0,0.0
1800001312,C000186,2021-08-13,2021-08-27,129387.75,Retail,International,NT14,High,CLEARED,11.770576717547668,14,5,0,15.0,1.0,4,148556.7775,8,3,4,0,16.666666666666668,1.6666666666666679,245546.85,0.870964974990791,594227.11,0.42248644601120994,14,0,0,16.1612651458622,202108,1.0,23.0
1800000855,C000097,2021-08-13,2021-10-12,9360.49,Construction,West,NT60,Medium,CLEARED,9.144359744836756,60,0,4,0.3333333333333333,0.5,6,116652.98,8,3,4,0,3.0,2.6666666666666665,219740.41,0.08024218498318689,699917.88,0.006313834772436822,60,0,0,16.1612651458622,202108,1.0,6.0
1800001896,C000104,2021-08-13,2021-08-27,114655.72,Manufacturing,Midwest,NT14,Medium,CLEARED,11.649697899738884,14,4,1,5.5,0.5,2,46408.78,8,3,4,0,5.5,0.0,77398.98,2.4705609585082824,92817.56,0.6237872119609705,14,0,0,16.1612651458622,202108,1.0,9.0
1800004247,C000186,2021-08-14,2021-08-28,88927.1,Retail,International,NT14,High,CLEARED,11.395583457046817,14,5,0,16.6,1.0,5,144722.972,8,3,5,0,18.666666666666668,2.0666666666666664,245546.85,0.6144643021841757,723614.86,0.290371340664657,14,0,0,16.1612651458622,202108,1.0,4.0
1800003534,C000090,2021-08-14,2021-10-13,154382.34,Logistics,Northeast,NT60,High,CLEARED,11.947194009196616,60,3,2,30.0,1.0,1,75797.92,8,3,5,0,30.0,0.0,75797.92,2.0367622224989814,75797.92,0.1664255537810449,60,0,0,16.1612651458622,202108,1.0,35.0
1800001812,C000146,2021-08-14,2021-09-13,220531.81,Construction,International,NT30,Medium,CLEARED,12.303801760985627,30,0,0,-1.0,0.3333333333333333,3,143709.61333333334,8,3,5,0,-1.0,0.0,236408.5,1.534565467714941,431128.84,0.11031189347683103,30,0,0,16.1612651458622,202108,0.0,-2.0
1800000005,C000105,2021-08-14,2021-08-28,48262.33,Manufacturing,South,NT14,High,CLEARED,10.784427338041812,14,4,3,29.75,1.0,4,161755.56,8,3,5,0,27.333333333333332,-2.416666666666668,237963.87,0.2983658181517841,647022.24,0.028616921027841007,14,0,0,16.1612651458622,202108,1.0,35.0
1800001879,C000006,2021-08-14,2021-09-28,47795.99,Energy,South,NT45,Medium,CLEARED,10.774717945785511,45,1,3,1.3333333333333333,0.3333333333333333,3,167162.22666666668,8,3,5,0,1.3333333333333333,0.0,249161.14,0.285925779723601,501486.68000000005,0.2003210602919325,45,0,0,16.1612651458622,202108,1.0,6.0
1800004897,C000051,2021-08-14,2021-10-13,190629.42,Energy,Midwest,NT60,High,CLEARED,12.158091858726495,60,1,1,13.5,1.0,2,170341.975,8,3,5,0,13.5,0.0,240179.13,1.119098331459407,340683.95,0.20201139446072114,60,0,0,16.1612651458622,202108,1.0,18.0
1800004369,C000124,2021-08-15,2021-11-13,157371.02,Retail,Midwest,NT90,High,CLEARED,11.966367835504142,90,5,1,2.0,0.6666666666666666,3,193379.70666666667,8,3,6,0,2.0,0.0,213277.73,0.8137928364492986,580139.12,0.168346674357982,90,0,0,16.1612651458622,202108,0.0,0.0
1800001111,C000143,2021-08-15,2021-11-13,94637.77,Healthcare,Midwest,NT90,High,CLEARED,11.457822501949046,90,2,1,3.25,0.75,4,136560.0125,8,3,6,0,4.666666666666667,1.416666666666667,228688.21,0.6930123120778127,546240.05,0.09817592835494679,90,0,0,16.1612651458622,202108,1.0,4.0
1800003553,C000194,2021-08-15,2021-11-13,134435.48,Construction,Midwest,NT90,High,CLEARED,11.808847098812544,90,0,1,6.0,0.8571428571428571,7,154082.9342857143,8,3,6,0,0.6666666666666666,-5.333333333333333,219422.45,0.8724877977123526,1078580.54,0.10239409931802965,90,0,0,16.1612651458622,202108,1.0,10.0
1800002723,C000185,2021-08-15,2021-09-14,151984.49,Logistics,South,NT30,High,CLEARED,11.931540334745451,30,3,3,13.5,1.0,2,210335.52,8,3,6,0,13.5,0.0,232341.99,0.7225811883794044,420671.04,1.1979165632175917,30,0,0,16.1612651458622,202108,1.0,6.0
1800000634,C000148,2021-08-15,2021-09-29,144830.96,Construction,Northeast,NT45,High,CLEARED,11.883329452811111,45,0,2,9.714285714285714,0.8571428571428571,7,127689.89857142858,8,3,6,0,11.333333333333334,1.6190476190476204,248646.7,1.1342397607041943,893829.29,0.1124612235370781,45,0,0,16.1612651458622,202108,1.0,11.0
1800001856,C000119,2021-08-16,2021-09-30,10328.95,Logistics,International,NT45,High,CLEARED,9.242802721830914,45,3,0,4.75,1.0,4,136055.985,8,3,0,0,5.333333333333333,0.583333333333333,208866.21,0.07591691023368066,544223.94,0.009110088486208897,45,0,1,16.1612651458622,202108,1.0,4.0
1800003232,C000145,2021-08-16,2021-08-30,37308.8,Logistics,West,NT14,High,CLEARED,10.52701130570767,14,3,4,1.4444444444444444,0.7777777777777778,9,59765.776666666665,8,3,0,0,1.0,-0.4444444444444444,171625.69,0.6242502328394963,537891.99,0.030400534010581126,14,0,1,16.1612651458622,202108,1.0,7.0
1800004628,C000059,2021-08-16,2021-08-30,124740.98,Retail,South,NT14,High,CLEARED,11.734002722970011,14,5,3,15.0,1.0,4,77907.62,8,3,0,0,16.333333333333332,1.3333333333333321,161313.96,1.6011396574558432,311630.48,0.09652102323025501,14,0,1,16.1612651458622,202108,1.0,24.0
1800004853,C000108,2021-08-17,2021-08-31,226924.73,Retail,Northeast,NT14,High,CLEARED,12.332378062311545,14,5,2,36.0,1.0,2,88467.63500000001,8,3,1,0,36.0,0.0,143088.91,2.565059301065299,176935.27000000002,0.19256444836599124,14,0,0,16.1612651458622,202108,1.0,35.0
1800002422,C000151,2021-08-17,2021-10-16,189234.19,Energy,International,NT60,High,CLEARED,12.150745911962744,60,1,0,12.5,1.0,4,198943.5975,8,3,1,0,13.0,0.5,230077.27,0.9511951748032504,795774.39,0.8534958140256526,60,0,0,16.1612651458622,202108,1.0,25.0
1800004299,C000102,2021-08-18,2021-10-02,56313.82,Healthcare,Northeast,NT45,High,CLEARED,10.938713012170199,45,2,2,3.3333333333333335,0.6666666666666666,3,82987.14333333333,8,3,2,0,3.3333333333333335,0.0,113175.64,0.6785848715602253,248961.43,0.0795251331447238,45,0,0,16.1612651458622,202108,1.0,2.0
1800004666,C000085,2021-08-18,2021-10-17,153991.15,Manufacturing,West,NT60,High,CLEARED,11.944656906070572,60,4,4,13.166666666666666,1.0,6,121726.73833333333,8,3,2,0,15.666666666666666,2.5,247874.28,1.265056076490891,730360.4299999999,0.11584264661436576,60,0,0,16.1612651458622,202108,1.0,31.0
1800003447,C000083,2021-08-18,2021-09-01,33761.19,Manufacturing,South,NT14,Medium,CLEARED,10.427096816274194,14,4,3,2.5,0.5,2,144540.735,8,3,2,0,2.5,0.0,237730.96,0.23357560759601786,289081.47,0.02718326742066174,14,0,0,16.1612651458622,202108,0.0,-1.0
1800004753,C000171,2021-08-19,2021-10-18,235271.22,Energy,International,NT60,Medium,CLEARED,12.368498505697133,60,1,0,0.3333333333333333,0.3333333333333333,3,200548.96666666667,8,3,3,0,0.3333333333333333,0.0,247678.48,1.173136037100831,601646.9,1.2826879836633276,60,0,0,16.1612651458622,202108,1.0,6.0
1800002358,C000085,2021-08-19,2021-10-18,17975.94,Manufacturing,West,NT60,High,CLEARED,9.796845104442804,60,4,4,15.714285714285714,1.0,7,126335.93999999999,8,3,3,0,21.0,5.2857142857142865,247874.28,0.14228682669397164,884351.58,0.013522728189126726,60,0,0,16.1612651458622,202108,1.0,11.0
1800003037,C000180,2021-08-19,2021-10-18,189417.68,Manufacturing,Midwest,NT60,High,CLEARED,12.151715082114697,60,4,1,16.0,1.0,3,72887.88666666666,8,3,3,0,16.0,0.0,140264.75,2.598753903597882,218663.65999999997,0.11051179841374245,60,0,0,16.1612651458622,202108,1.0,7.0
1800000610,C000176,2021-08-19,2021-09-02,114790.15,Healthcare,International,NT14,Medium,CLEARED,11.650869669303637,14,2,0,1.25,0.5,4,90772.645,8,3,3,0,1.6666666666666667,0.41666666666666674,123522.27,1.2645896789721176,363090.58,0.08305413330231029,14,0,0,16.1612651458622,202108,0.0,-3.0
1800003013,C000130,2021-08-20,2021-10-19,81803.86,Energy,South,NT60,Low,CLEARED,11.312091934028878,60,1,3,0.0,0.0,2,81203.69,8,3,4,0,0.0,0.0,90522.84,1.0073909202894598,162407.38,0.13533340715108017,60,0,0,16.1612651458622,202108,1.0,1.0
1800004809,C000035,2021-08-20,2021-11-18,120113.0,Healthcare,International,NT90,Medium,CLEARED,11.69619657079977,90,2,0,0.42857142857142855,0.42857142857142855,7,70251.25714285714,8,3,4,0,-0.3333333333333333,-0.7619047619047619,213894.73,1.7097629976321727,491758.8,0.07602050693569959,90,0,0,16.1612651458622,202108,1.0,5.0
1800001492,C000069,2021-08-20,2021-10-04,38371.08,Retail,South,NT45,High,CLEARED,10.555085390789204,45,5,3,1.6666666666666667,0.7777777777777778,9,154689.22,8,3,4,0,0.0,-1.6666666666666667,243662.1,0.24805270852099456,1392202.98,0.02949603578517925,45,0,0,16.1612651458622,202108,0.0,0.0
1800002557,C000150,2021-08-21,2021-09-20,226903.36,Healthcare,Midwest,NT30,High,CLEARED,12.332283886096759,30,2,1,9.75,1.0,4,89450.865,8,3,5,0,8.333333333333334,-1.416666666666666,211773.74,2.5366256659452087,357803.46,0.22329390556701054,30,0,0,16.1612651458622,202108,1.0,10.0
1800002932,C000181,2021-08-21,2021-10-20,236792.42,Retail,International,NT60,High,CLEARED,12.374943394443756,60,5,0,2.25,1.0,4,119678.49250000001,8,3,5,0,2.3333333333333335,0.08333333333333348,169690.5,1.9785712123671677,478713.97000000003,0.37768878200975015,60,0,0,16.1612651458622,202108,1.0,5.0
1800001019,C000051,2021-08-21,2021-10-20,79306.69,Energy,Midwest,NT60,High,CLEARED,11.281090376439597,60,1,1,15.0,1.0,3,177104.45666666667,8,3,5,0,15.0,0.0,240179.13,0.44779612829995225,531313.37,0.08404188103265554,60,0,0,16.1612651458622,202108,1.0,19.0
1800001959,C000134,2021-08-23,2021-11-21,170508.18,Construction,West,NT90,Medium,CLEARED,12.046544415898529,90,0,4,1.5,0.5,4,75874.8225,8,3,0,0,2.0,0.5,125208.33,2.2472300347061767,303499.29,0.10710685400601434,90,0,1,16.1612651458622,202108,1.0,2.0
1800000589,C000087,2021-08-23,2021-10-22,143000.13,Construction,South,NT60,High,CLEARED,11.870607811308725,60,0,3,8.5,0.75,4,157561.61000000002,8,3,0,0,7.333333333333333,-1.166666666666667,190662.41,0.907582310183299,630246.4400000001,0.07775690964263267,60,0,1,16.1612651458622,202108,0.0,-1.0
1800003717,C000135,2021-08-23,2021-11-21,3021.69,Healthcare,West,NT90,Low,CLEARED,8.013902442382538,90,2,4,0.0,0.0,3,160289.44999999998,8,3,0,0,0.0,0.0,185849.3,0.018851459032394213,480868.35,0.004797562346963772,90,0,1,16.1612651458622,202108,0.0,0.0
1800002676,C000132,2021-08-23,2021-09-06,175128.55,Healthcare,West,NT14,Medium,CLEARED,12.073281264743624,14,2,4,1.0,0.25,4,154531.78,8,3,0,0,1.3333333333333333,0.33333333333333326,249747.76,1.1332850110184454,618127.12,0.14902131760237902,14,0,1,16.1612651458622,202108,1.0,1.0
1800003192,C000015,2021-08-23,2021-09-06,135442.5,Construction,Northeast,NT14,High,CLEARED,11.816309858174249,14,0,2,6.0,1.0,2,54528.755000000005,8,3,0,0,6.0,0.0,75524.33,2.483872958405157,109057.51000000001,0.20409589575461098,14,0,1,16.1612651458622,202108,1.0,1.0
1800001915,C000013,2021-08-24,2021-10-23,162197.59,Retail,West,NT60,High,CLEARED,11.996576727654025,60,5,4,2.0,0.6666666666666666,3,66183.25,8,3,1,0,2.0,0.0,115010.66,2.4507347402854953,198549.75,0.11652830413264502,60,0,0,16.1612651458622,202108,0.0,0.0
1800003242,C000066,2021-08-24,2021-10-23,217319.34,Retail,Northeast,NT60,High,CLEARED,12.289127765177396,60,5,2,26.333333333333332,1.0,3,43377.10333333333,8,3,1,0,26.333333333333332,0.0,88707.21,5.010001205705222,130131.31,0.13707710469896153,60,0,0,16.1612651458622,202108,1.0,43.0
1800000942,C000152,2021-08-24,2021-09-07,163997.38,Construction,West,NT14,High,CLEARED,12.007611828708766,14,0,4,1.8,0.6,5,153044.582,8,3,1,0,-0.3333333333333333,-2.1333333333333333,241179.08,1.0715660617113516,765222.9099999999,0.12308070677223007,14,0,0,16.1612651458622,202108,1.0,1.0
1800000455,C000192,2021-08-24,2021-10-23,132835.51,Logistics,Midwest,NT60,High,CLEARED,11.796874402938396,60,3,1,2.8333333333333335,0.8333333333333334,6,128900.09000000001,8,3,1,0,2.3333333333333335,-0.5,228572.97,1.0305307777519783,773400.54,0.09759677452476447,60,0,0,16.1612651458622,202108,0.0,-1.0
1800001895,C000131,2021-08-24,2021-10-08,63123.08,Energy,Northeast,NT45,High,CLEARED,11.05285759221403,45,1,2,3.7142857142857144,0.7142857142857143,7,173139.67285714284,8,3,1,0,1.6666666666666667,-2.0476190476190474,249492.9,0.364578949228365,1211977.71,0.03348573035601928,45,0,0,16.1612651458622,202108,1.0,2.0
1800002686,C000108,2021-08-24,2021-09-07,231539.59,Retail,Northeast,NT14,High,CLEARED,12.352510471912298,14,5,2,35.666666666666664,1.0,3,134620.0,8,3,1,0,35.666666666666664,0.0,226924.73,1.7199494131629773,403860.0,0.19648053970687893,14,0,0,16.1612651458622,202108,1.0,25.0
1800002844,C000075,2021-08-25,2021-10-09,140527.16,Retail,International,NT45,High,CLEARED,11.853163174719384,45,5,0,15.2,1.0,5,125224.54,8,3,2,0,17.666666666666668,2.4666666666666686,240982.94,1.1222014470965516,626122.7,0.08248691118222985,45,1,0,16.1612651458622,202108,1.0,5.0
1800003295,C000009,2021-08-26,2021-10-10,156822.3,Manufacturing,International,NT45,High,CLEARED,11.962874972797788,45,4,0,12.2,1.0,5,129433.124,8,3,3,0,14.333333333333334,2.1333333333333346,206735.83,1.21160870690257,647165.62,0.8447996240314332,45,1,0,16.1612651458622,202108,1.0,21.0
1800004738,C000019,2021-08-26,2021-09-09,147780.76,Logistics,Northeast,NT14,High,CLEARED,11.903491869867064,14,3,2,9.375,1.0,8,115646.5075,8,3,3,0,8.666666666666666,-0.7083333333333339,247674.67,1.2778661733472583,925172.06,0.09267838503081575,14,1,0,16.1612651458622,202108,1.0,13.0
1800004821,C000167,2021-08-26,2021-09-09,230854.98,Construction,Northeast,NT14,Medium,CLEARED,12.349549331866465,14,0,2,1.3333333333333333,0.3333333333333333,3,128373.98999999999,8,3,3,0,1.3333333333333333,0.0,211637.49,1.7983002631607854,385121.97,0.33102724334875794,14,1,0,16.1612651458622,202108,1.0,6.0
1800004486,C000170,2021-08-26,2021-09-09,54354.23,Logistics,Midwest,NT14,High,CLEARED,10.903296116070598,14,3,1,11.6,1.0,5,148188.08000000002,8,3,3,0,11.0,-0.5999999999999996,248555.31,0.366792187333826,740940.4,0.06871424837904831,14,1,0,16.1612651458622,202108,1.0,9.0
1800002678,C000074,2021-08-27,2021-11-25,54400.08,Retail,Northeast,NT90,Medium,CLEARED,10.904139285588144,90,5,2,2.25,0.5,8,122725.72625,8,3,4,0,0.6666666666666666,-1.5833333333333335,241463.48,0.4432654966668001,981805.81,0.2917693332967907,90,1,0,16.1612651458622,202108,1.0,4.0
1800000903,C000137,2021-08-27,2021-09-10,67846.94,Logistics,Northeast,NT14,High,CLEARED,11.125024303711466,14,3,2,18.5,1.0,2,143586.305,8,3,4,0,18.5,0.0,215412.97,0.47251679051146284,287172.61,0.11985822561476442,14,1,0,16.1612651458622,202108,1.0,17.0
1800000811,C000094,2021-08-27,2021-09-10,186705.32,Healthcare,West,NT14,High,CLEARED,12.137292180054898,14,2,4,10.0,1.0,3,101171.81,8,3,4,0,10.0,0.0,154913.19,1.8454282867925365,303515.43,0.16849265871240335,14,1,0,16.1612651458622,202108,1.0,1.0
1800001255,C000175,2021-08-27,2021-11-25,191713.97,Construction,West,NT90,High,CLEARED,12.163765016751634,90,0,4,3.6666666666666665,1.0,3,96310.93666666666,8,3,4,0,3.6666666666666665,0.0,209031.8,1.9905732062758814,288932.81,0.1201657336407388,90,1,0,16.1612651458622,202108,0.0,0.0
1800003133,C000025,2021-08-29,2021-11-27,81838.87,Energy,International,NT90,High,CLEARED,11.312519812158948,90,1,0,16.0,1.0,3,135295.31333333332,8,3,6,0,16.0,0.0,150997.35,0.6048906498214744,405885.94,0.11997999250290617,90,1,0,16.1612651458622,202108,1.0,17.0
1800003374,C000010,2021-08-29,2021-10-13,81899.01,Manufacturing,South,NT45,High,CLEARED,11.313254391941275,45,4,3,8.285714285714286,0.7142857142857143,7,156627.65285714288,8,3,6,0,5.333333333333333,-2.9523809523809534,233029.3,0.5228898505853148,1096393.57,0.10350636276089763,45,1,0,16.1612651458622,202108,1.0,23.0
1800004594,C000192,2021-08-29,2021-10-28,222944.38,Logistics,Midwest,NT60,High,CLEARED,12.314682087705908,60,3,1,2.2857142857142856,0.7142857142857143,7,129462.29285714286,8,3,6,0,2.0,-0.2857142857142856,228572.97,1.7220796502191675,906236.05,0.16380147436798645,60,1,0,16.1612651458622,202108,1.0,3.0
1800004435,C000107,2021-08-29,2021-10-28,56367.1,Retail,Midwest,NT60,High,CLEARED,10.939658674635647,60,5,1,39.666666666666664,1.0,3,151166.13,8,3,6,0,39.666666666666664,0.0,199117.29,0.3728818089078552,453498.39,0.04577143596084664,60,1,0,16.1612651458622,202108,1.0,25.0
1800002442,C000027,2021-08-29,2021-09-12,228628.06,Logistics,South,NT14,High,CLEARED,12.339856143873378,14,3,3,10.375,1.0,8,128135.90125,8,3,6,0,10.0,-0.375,248894.88,1.7842623165691434,1025087.21,0.13930157449830138,14,1,0,16.1612651458622,202108,1.0,17.0
1800000894,C000085,2021-08-29,2021-10-28,139764.4,Manufacturing,West,NT60,High,CLEARED,11.84772058172609,60,4,4,15.125,1.0,8,112790.94,8,3,6,0,16.666666666666668,1.5416666666666679,247874.28,1.2391456264129015,902327.52,0.1051403148717888,60,1,0,16.1612651458622,202108,1.0,18.0
1800002041,C000025,2021-08-30,2021-11-28,33103.77,Energy,International,NT90,High,CLEARED,10.407432659743813,90,1,0,16.25,1.0,4,121931.2025,8,3,0,0,14.0,-2.25,150997.35,0.27149547713186867,487724.81,0.048531829391314056,90,1,1,16.1612651458622,202108,1.0,5.0
1800000348,C000075,2021-08-30,2021-10-14,28685.53,Retail,International,NT45,High,CLEARED,10.264182953595075,45,5,0,13.5,1.0,6,127774.97666666667,8,3,0,0,13.666666666666666,0.16666666666666607,240982.94,0.22450037361253805,766649.86,0.01683788931139852,45,1,1,16.1612651458622,202108,1.0,12.0
1800000166,C000195,2021-08-30,2021-10-29,144364.03,Logistics,Midwest,NT60,High,CLEARED,11.880100301596645,60,3,1,12.0,0.875,8,105231.7475,8,3,0,0,5.666666666666667,-6.333333333333333,220702.53,1.3718676485915051,841853.98,0.5201968462739436,60,1,1,16.1612651458622,202108,1.0,7.0
1800001253,C000113,2021-08-31,2021-10-30,42884.04,Healthcare,South,NT60,Medium,CLEARED,10.666278326151147,60,2,3,0.6666666666666666,0.3333333333333333,3,140061.69666666668,8,3,1,0,0.6666666666666666,0.0,240063.73,0.3061796409767895,420185.09,0.03325914430174073,60,1,0,16.1612651458622,202108,1.0,5.0
1800001403,C000124,2021-08-31,2021-11-29,187213.07,Retail,Midwest,NT90,Medium,CLEARED,12.140008000457648,90,5,1,1.5,0.5,4,184377.535,8,3,1,0,2.0,0.5,213277.73,1.0153789614336692,737510.14,0.2002700225927753,90,1,0,16.1612651458622,202108,1.0,1.0
1800004003,C000037,2021-08-31,2021-10-30,201308.93,Logistics,South,NT60,High,CLEARED,12.212600939770395,60,3,3,2.5,1.0,4,126550.70999999999,8,3,1,0,3.0,0.5,170582.87,1.5907372625566463,506202.83999999997,0.10223282947564817,60,1,0,16.1612651458622,202108,1.0,4.0
1800000748,C000052,2021-08-31,2021-09-14,189563.4,Construction,South,NT14,High,CLEARED,12.152484087460165,14,0,3,34.25,1.0,4,95358.73000000001,8,3,1,0,30.666666666666668,-3.583333333333332,167858.98,1.987897699560386,381434.92000000004,0.18289237325178515,14,1,0,16.1612651458622,202108,0.0,-1.0
1800003257,C000035,2021-09-01,2021-11-30,5578.74,Healthcare,International,NT90,Medium,CLEARED,8.626897459307697,90,2,0,1.0,0.5,8,76483.975,9,3,2,1,1.0,0.0,213894.73,0.07293998514067815,611871.8,0.0035308304918074207,90,0,0,16.25777390200537,202109,0.0,-2.0
1800001922,C000161,2021-09-01,2021-10-31,162195.52,Construction,Midwest,NT60,Medium,CLEARED,11.996563965439453,60,0,1,1.0,0.3333333333333333,6,104457.33833333333,9,3,2,1,-1.3333333333333333,-2.333333333333333,213210.53,1.5527441402194129,626744.03,0.09829605744289367,60,0,0,16.25777390200537,202109,1.0,1.0
1800000312,C000136,2021-09-01,2021-10-31,218655.12,Construction,Midwest,NT60,High,CLEARED,12.295255546387613,60,0,1,11.142857142857142,0.8571428571428571,7,105374.70428571428,9,3,2,1,14.666666666666666,3.5238095238095237,197566.2,2.075024755534647,737622.9299999999,1.3058005869127147,60,0,0,16.25777390200537,202109,1.0,32.0
1800002748,C000036,2021-09-01,2021-10-01,169551.33,Energy,South,NT30,High,CLEARED,12.04091688971828,30,1,3,12.0,1.0,3,225377.94666666666,9,3,2,1,12.0,0.0,248636.81,0.7522977847107903,676133.84,0.19038949657403215,30,0,0,16.25777390200537,202109,1.0,7.0
1800003001,C000121,2021-09-02,2021-10-02,81442.73,Logistics,West,NT30,High,CLEARED,11.307667631324925,30,3,4,8.0,1.0,4,214995.885,9,3,3,1,8.666666666666666,0.6666666666666661,238023.15,0.3788106456084031,859983.54,0.0808684347239643,30,0,0,16.25777390200537,202109,1.0,15.0
1800002685,C000005,2021-09-02,2021-09-16,23681.06,Logistics,Northeast,NT14,High,CLEARED,10.072473078457493,14,3,2,8.75,0.875,8,133428.9875,9,3,3,1,15.333333333333334,6.583333333333334,231493.21,0.17748062429087985,1067431.9,0.03319052748305645,14,0,0,16.25777390200537,202109,1.0,17.0
1800002495,C000010,2021-09-02,2021-10-17,44766.77,Manufacturing,South,NT45,High,CLEARED,10.709243739853726,45,4,3,10.125,0.75,8,147286.5725,9,3,3,1,13.0,2.875,233029.3,0.30394332110620603,1178292.58,0.05657755246679623,45,0,0,16.25777390200537,202109,1.0,17.0
1800004669,C000052,2021-09-03,2021-09-17,157062.86,Construction,South,NT14,High,CLEARED,11.964407753221797,14,0,3,27.2,0.8,5,114199.66400000002,9,3,4,1,22.666666666666668,-4.533333333333331,189563.4,1.3753355701641992,570998.3200000001,0.15153557709511895,14,0,0,16.25777390200537,202109,1.0,39.0
1800002702,C000042,2021-09-03,2021-11-02,72215.62,Manufacturing,South,NT60,High,CLEARED,11.187425492296184,60,4,3,2.2857142857142856,0.7142857142857143,7,113460.57428571429,9,3,4,1,3.3333333333333335,1.047619047619048,227023.8,0.6364820595579569,794224.02,1.33231801419073,60,0,0,16.25777390200537,202109,0.0,-1.0
1800001853,C000012,2021-09-03,2021-09-17,103311.62,Logistics,International,NT14,High,CLEARED,11.545514816087206,14,3,0,1.6666666666666667,0.6666666666666666,6,109232.385,9,3,4,1,0.6666666666666666,-1.0,248588.91,0.9457966151704917,655394.3099999999,0.09464473994385862,14,0,0,16.25777390200537,202109,0.0,-2.0
1800003906,C000126,2021-09-03,2021-10-03,96316.95,Manufacturing,Northeast,NT30,High,CLEARED,11.475409977093566,30,4,2,9.0,1.0,2,78315.44,9,3,4,1,9.0,0.0,144999.5,1.229859016306363,156630.88,0.09688008974164575,30,0,0,16.25777390200537,202109,1.0,17.0
1800002468,C000155,2021-09-03,2021-11-02,17773.33,Energy,West,NT60,High,CLEARED,9.785510560571437,60,1,4,24.4,0.8,5,90854.206,9,3,4,1,22.0,-2.3999999999999986,249366.55,0.195624735303944,454271.03,0.0091255898707864,60,0,0,16.25777390200537,202109,1.0,59.0
1800000150,C000148,2021-09-04,2021-10-19,35171.47,Construction,Northeast,NT45,High,CLEARED,10.468018953311919,45,0,2,9.875,0.875,8,129832.53125,9,3,5,1,10.666666666666666,0.7916666666666661,248646.7,0.27089874672685316,1038660.25,0.027310642350210457,45,0,0,16.25777390200537,202109,1.0,15.0
1800004920,C000028,2021-09-05,2021-12-04,31789.9,Manufacturing,Northeast,NT90,High,CLEARED,10.366935364293662,90,4,2,26.666666666666668,1.0,6,79681.47166666666,9,3,6,1,27.666666666666668,1.0,154383.21,0.3989622597959463,478088.83,0.032544921346488884,90,0,0,16.25777390200537,202109,1.0,15.0
1800003161,C000024,2021-09-06,2021-10-21,92403.64,Construction,International,NT45,High,CLEARED,11.433932472819189,45,0,0,26.2,1.0,5,199179.76400000002,9,3,0,1,26.666666666666668,0.46666666666666856,249295.78,0.46392082280005104,995898.8200000001,0.26549980078242924,45,0,1,16.25777390200537,202109,1.0,39.0
1800003560,C000168,2021-09-06,2021-11-05,245921.07,Construction,South,NT60,Medium,CLEARED,12.4127699761085,60,0,3,1.25,0.5,4,142718.66,9,3,0,1,2.3333333333333335,1.0833333333333335,229061.65,1.7231178459775338,570874.64,3.0767894082435876,60,0,1,16.25777390200537,202109,1.0,6.0
1800004664,C000181,2021-09-06,2021-11-05,234353.57,Retail,International,NT60,High,CLEARED,12.364590503907461,60,5,0,2.8,1.0,5,143101.278,9,3,0,1,3.0,0.20000000000000018,236792.42,1.6376762896554986,715506.39,0.37379876607932266,60,0,1,16.25777390200537,202109,1.0,2.0
1800004952,C000064,2021-09-06,2021-12-05,81903.95,Construction,West,NT90,Low,CLEARED,11.313314707575204,90,0,4,0.0,0.0,1,137881.82,9,3,0,1,0.0,0.0,137881.82,0.5940155852308883,137881.82,0.2330928930558487,90,0,1,16.25777390200537,202109,1.0,4.0
1800004449,C000110,2021-09-06,2021-10-06,15757.04,Logistics,South,NT30,High,CLEARED,9.66510599019561,30,3,3,33.0,1.0,1,20052.8,9,3,0,1,33.0,0.0,20052.8,0.7857775472751936,20052.8,0.00922504534967388,30,0,1,16.25777390200537,202109,1.0,8.0
1800000930,C000107,2021-09-06,2021-11-05,228668.29,Retail,Midwest,NT60,High,CLEARED,12.340032090277314,60,5,1,36.0,1.0,4,127466.3725,9,3,0,1,42.0,6.0,199117.29,1.7939499298138417,509865.49,0.18568413120439597,60,0,1,16.25777390200537,202109,1.0,23.0
1800000213,C000147,2021-09-06,2021-10-21,208092.46,Energy,International,NT45,High,CLEARED,12.245742584689419,45,1,0,16.0,1.0,3,122454.98333333332,9,3,0,1,16.0,0.0,179998.55,1.699338437159016,367364.94999999995,0.21508784589634677,45,0,1,16.25777390200537,202109,1.0,15.0
1800000954,C000148,2021-09-06,2021-10-21,135992.08,Construction,Northeast,NT45,High,CLEARED,11.820359281070697,45,0,2,10.444444444444445,0.8888888888888888,9,119314.63555555555,9,3,0,1,9.0,-1.4444444444444446,248646.7,1.1397770220458752,1073831.72,0.10559783424864551,45,0,1,16.25777390200537,202109,1.0,18.0
1800001250,C000079,2021-09-07,2021-10-22,190503.1,Manufacturing,Midwest,NT45,High,CLEARED,12.157428995627003,45,4,1,14.0,1.0,3,138496.96,9,3,1,1,14.0,0.0,198680.88,1.3755038377737678,415490.88,0.12040167037439843,45,0,0,16.25777390200537,202109,1.0,14.0
1800002926,C000012,2021-09-07,2021-09-21,204029.57,Logistics,International,NT14,High,CLEARED,12.2260251145407,14,3,0,1.1428571428571428,0.5714285714285714,7,108386.56142857143,9,3,1,1,-0.6666666666666666,-1.8095238095238093,248588.91,1.8824249732699467,758705.9299999999,0.18691339457756348,14,0,0,16.25777390200537,202109,0.0,-1.0
1800002396,C000063,2021-09-07,2021-09-21,17302.48,Manufacturing,Midwest,NT14,High,CLEARED,9.758662916326065,14,4,1,10.0,1.0,6,109970.565,9,3,1,1,10.333333333333334,0.3333333333333339,171658.17,0.15733737477842366,659823.39,0.032245673684139706,14,0,0,16.25777390200537,202109,1.0,19.0
1800000718,C000009,2021-09-07,2021-10-22,134252.92,Manufacturing,International,NT45,High,CLEARED,11.807488211199942,45,4,0,13.666666666666666,1.0,6,133997.98666666666,9,3,1,1,14.333333333333334,0.6666666666666679,206735.83,1.0019025161472577,803987.9199999999,0.7232186770703025,45,0,0,16.25777390200537,202109,1.0,14.0
1800004489,C000158,2021-09-08,2021-10-23,246168.57,Logistics,International,NT45,Medium,CLEARED,12.413775886393298,45,3,0,1.0,0.5,4,194698.4125,9,3,2,1,1.3333333333333333,0.33333333333333326,243924.66,1.2643583829940062,778793.65,0.2861739180503669,45,0,0,16.25777390200537,202109,1.0,6.0
1800002177,C000192,2021-09-08,2021-11-07,209919.22,Logistics,Midwest,NT60,High,CLEARED,12.254482832755604,60,3,1,2.375,0.75,8,141147.55375,9,3,2,1,1.6666666666666667,-0.7083333333333333,228572.97,1.4872324345897494,1129180.43,0.1542316416954655,60,0,0,16.25777390200537,202109,1.0,5.0
1800002623,C000080,2021-09-08,2021-10-23,126328.97,Healthcare,West,NT45,High,CLEARED,11.74665257235077,45,2,4,13.0,1.0,5,99944.186,9,3,2,1,16.666666666666668,3.666666666666668,150425.42,1.2639951862732666,499720.93,0.09238131996892662,45,0,0,16.25777390200537,202109,1.0,28.0
1800000782,C000180,2021-09-08,2021-11-07,118236.19,Manufacturing,Midwest,NT60,High,CLEARED,11.680447970676356,60,4,1,13.75,1.0,4,102020.33499999999,9,3,2,1,12.666666666666666,-1.083333333333334,189417.68,1.158947282421686,408081.33999999997,0.06898244131428995,60,0,0,16.25777390200537,202109,1.0,10.0
1800004603,C000025,2021-09-08,2021-12-07,227686.87,Energy,International,NT90,High,CLEARED,12.335730978783912,90,1,0,14.0,1.0,5,104165.716,9,3,2,1,10.666666666666666,-3.333333333333334,150997.35,2.1858139006119823,520828.58,0.33380066166126404,90,0,0,16.25777390200537,202109,1.0,21.0
1800004151,C000063,2021-09-08,2021-09-22,187074.39,Manufacturing,Midwest,NT14,High,CLEARED,12.139266969671764,14,4,1,11.285714285714286,1.0,7,96732.26714285715,9,3,2,1,9.666666666666666,-1.6190476190476204,171658.17,1.933939889196672,677125.87,0.3486401795927225,14,0,0,16.25777390200537,202109,1.0,6.0
1800000458,C000095,2021-09-09,2021-10-09,29248.7,Healthcare,West,NT30,High,CLEARED,10.283624596197148,30,2,4,3.0,1.0,2,146677.525,9,3,3,1,3.0,0.0,201367.35,0.19940819154127398,293355.05,0.01543612851191952,30,0,0,16.25777390200537,202109,0.0,0.0
1800001353,C000095,2021-09-09,2021-10-09,77071.8,Healthcare,West,NT30,High,CLEARED,11.252505708720635,30,2,4,2.0,0.6666666666666666,3,107534.58333333333,9,3,3,1,2.0,0.0,201367.35,0.7167164051874785,322603.75,0.04067497733044405,30,0,0,16.25777390200537,202109,0.0,0.0
1800003390,C000008,2021-09-09,2021-11-08,11561.56,Construction,South,NT60,High,CLEARED,9.355527570996406,60,0,3,1.1666666666666667,0.6666666666666666,6,78652.88333333333,9,3,3,1,-1.3333333333333333,-2.5,115314.55,0.14699473827299825,471917.3,0.006934138352540284,60,0,0,16.25777390200537,202109,1.0,7.0
1800004832,C000033,2021-09-09,2021-09-23,30220.28,Energy,Northeast,NT14,High,CLEARED,10.316301590985331,14,1,2,3.857142857142857,0.8571428571428571,7,97340.41,9,3,3,1,3.0,-0.8571428571428572,232938.48,0.3104597566416661,681382.87,0.017505921357792557,14,0,0,16.25777390200537,202109,1.0,2.0
1800002217,C000106,2021-09-10,2021-10-10,164634.63,Healthcare,Northeast,NT30,High,CLEARED,12.01149000795565,30,2,2,10.2,1.0,5,138292.016,9,3,4,1,13.0,2.8000000000000007,242710.29,1.1904854290359033,691460.0800000001,0.6029260224752547,30,0,0,16.25777390200537,202109,1.0,13.0
1800000428,C000180,2021-09-10,2021-11-09,107102.9,Manufacturing,Midwest,NT60,High,CLEARED,11.581554670338672,60,4,1,13.0,1.0,5,105263.50600000001,9,3,4,1,8.333333333333334,-4.666666666666666,189417.68,1.0174741852128693,526317.53,0.062486955253211934,60,0,0,16.25777390200537,202109,1.0,17.0
1800004870,C000045,2021-09-10,2021-12-09,241835.25,Energy,International,NT90,High,CLEARED,12.39601612321337,90,1,0,14.0,1.0,3,208641.87,9,3,4,1,14.0,0.0,228387.86,1.1590926116603537,625925.61,0.3655699313007081,90,0,0,16.25777390200537,202109,1.0,25.0
1800001518,C000133,2021-09-10,2021-10-10,123846.81,Construction,Northeast,NT30,High,CLEARED,11.726808752080503,30,0,2,1.6666666666666667,0.6666666666666666,3,93630.22666666667,9,3,4,1,1.6666666666666667,0.0,217498.99,1.3227225267851535,280890.68,0.5730921912754751,30,0,0,16.25777390200537,202109,1.0,20.0
1800003090,C000098,2021-09-11,2021-10-11,151882.45,Manufacturing,West,NT30,High,CLEARED,11.930868729389305,30,4,4,10.6,1.0,5,145085.894,9,3,5,1,9.333333333333334,-1.2666666666666657,247663.32,1.0468450502844888,725429.47,0.1687807537481519,30,0,0,16.25777390200537,202109,1.0,4.0
1800002890,C000154,2021-09-11,2021-11-10,219794.05,Manufacturing,South,NT60,High,CLEARED,12.300450800224912,60,4,3,11.0,1.0,6,137336.51,9,3,5,1,10.0,-1.0,240470.24,1.6004050925715236,824019.06,0.19607342086818272,60,0,0,16.25777390200537,202109,1.0,9.0
1800000733,C000161,2021-09-12,2021-11-11,27717.87,Construction,Midwest,NT60,Medium,CLEARED,10.229868687682169,60,0,1,1.0,0.42857142857142855,7,112705.65000000001,9,3,6,1,0.3333333333333333,-0.6666666666666667,213210.53,0.24593150387757842,788939.55,0.016797981483795972,60,0,0,16.25777390200537,202109,0.0,-1.0
1800000817,C000167,2021-09-12,2021-09-26,233711.12,Construction,Northeast,NT14,Medium,CLEARED,12.361845380542915,14,0,2,2.5,0.5,4,153994.2375,9,3,6,1,1.6666666666666667,-0.8333333333333333,230854.98,1.5176614644427848,615976.95,0.3351227155400796,14,0,0,16.25777390200537,202109,1.0,2.0
1800003669,C000130,2021-09-12,2021-11-11,133653.65,Energy,South,NT60,Medium,CLEARED,11.80301451332995,60,1,3,0.3333333333333333,0.3333333333333333,3,81403.74666666666,9,3,6,1,0.3333333333333333,0.0,90522.84,1.6418611608540215,244211.24,0.22111186235805946,60,0,0,16.25777390200537,202109,1.0,6.0
1800001243,C000099,2021-09-13,2021-10-28,126854.07,Logistics,West,NT45,High,CLEARED,11.750800532695402,45,3,4,2.0,0.6666666666666666,6,125148.46833333334,9,3,0,1,2.6666666666666665,0.6666666666666665,245026.79,1.0136286259782565,750890.81,0.07510664208923835,45,0,1,16.25777390200537,202109,0.0,-1.0
1800003208,C000092,2021-09-13,2021-10-28,100398.63,Retail,Northeast,NT45,High,CLEARED,11.516913800974011,45,5,2,2.6666666666666665,0.6666666666666666,3,152590.19666666666,9,3,0,1,2.6666666666666665,0.0,244604.99,0.6579625178629323,457770.58999999997,0.14908466262289294,45,0,1,16.25777390200537,202109,0.0,0.0
1800001314,C000015,2021-09-13,2021-09-27,234147.69,Construction,Northeast,NT14,High,CLEARED,12.363711619891788,14,0,2,4.333333333333333,1.0,3,81500.00333333334,9,3,0,1,4.333333333333333,0.0,135442.5,2.8729776739068433,244500.01,0.3528329920772503,14,0,1,16.25777390200537,202109,0.0,0.0
1800000964,C000032,2021-09-14,2021-12-13,177085.22,Manufacturing,International,NT90,High,CLEARED,12.084392011596261,90,4,0,2.0,0.6666666666666666,3,101772.55333333333,9,3,1,1,2.0,0.0,230177.65,1.7400096018029223,305317.66,0.3693708636553163,90,0,0,16.25777390200537,202109,0.0,0.0
1800000629,C000032,2021-09-14,2021-12-13,7635.14,Manufacturing,International,NT90,Medium,CLEARED,8.94064751888396,90,4,0,2.5,0.5,2,148841.26,9,3,1,1,2.5,0.0,230177.65,0.05129720078961976,297682.52,0.015925655771437345,90,0,0,16.25777390200537,202109,1.0,1.0
1800001948,C000030,2021-09-14,2021-10-14,215511.41,Healthcare,Midwest,NT30,High,CLEARED,12.280773773874833,30,2,1,36.333333333333336,1.0,3,164202.64333333334,9,3,1,1,36.333333333333336,0.0,215017.61,1.3124722332423677,492607.93,0.1636055512440458,30,0,0,16.25777390200537,202109,1.0,49.0
1800000338,C000047,2021-09-14,2021-10-14,35559.38,Construction,South,NT30,High,CLEARED,10.478987375734974,30,0,3,4.0,1.0,3,164545.68000000002,9,3,1,1,4.0,0.0,248675.38,0.2161064331801357,493637.04000000004,0.02601910016714563,30,0,0,16.25777390200537,202109,1.0,2.0
1800001932,C000078,2021-09-14,2021-10-14,63747.68,Construction,International,NT30,High,CLEARED,11.06270375692395,30,0,0,18.0,1.0,4,156197.905,9,3,1,1,22.333333333333332,4.333333333333332,210133.06,0.4081212228806782,624791.62,0.07572363125832263,30,0,0,16.25777390200537,202109,1.0,14.0
1800001231,C000072,2021-09-14,2021-10-29,161669.76,Construction,West,NT45,Low,CLEARED,11.993317200518604,45,0,4,-3.0,0.0,1,4895.8,9,3,1,1,-3.0,0.0,4895.8,33.0221332570775,4895.8,0.5868033192929109,45,0,0,16.25777390200537,202109,1.0,1.0
1800004556,C000010,2021-09-15,2021-10-30,66154.65,Manufacturing,South,NT45,High,CLEARED,11.099765577838264,45,4,3,10.88888888888889,0.7777777777777778,9,135895.48333333334,9,3,2,1,14.666666666666666,3.777777777777777,233029.3,0.48680536230723387,1223059.35,0.08360818038240286,45,0,0,16.25777390200537,202109,1.0,12.0
1800003446,C000180,2021-09-15,2021-11-14,30270.94,Manufacturing,Midwest,NT60,High,CLEARED,10.317976489820042,60,4,1,13.666666666666666,1.0,6,105570.07166666666,9,3,2,1,11.333333333333334,-2.333333333333332,189417.68,0.28673789381880216,633420.4299999999,0.017660949173670025,60,0,0,16.25777390200537,202109,1.0,29.0
1800001982,C000151,2021-09-15,2021-11-14,65404.31,Energy,International,NT60,High,CLEARED,11.088358726809895,60,1,0,15.0,1.0,5,197001.716,9,3,2,1,18.666666666666668,3.666666666666668,230077.27,0.3319986816764581,985008.58,0.29499058708278947,60,0,0,16.25777390200537,202109,1.0,9.0
1800003496,C000191,2021-09-16,2021-12-15,157615.67,Energy,Midwest,NT90,High,CLEARED,11.967921224923904,90,1,1,13.2,1.0,5,135247.08000000002,9,3,3,1,16.333333333333332,3.133333333333333,200312.13,1.1653905577850552,676235.4,2.0432052161887695,90,0,0,16.25777390200537,202109,1.0,33.0
1800000581,C000092,2021-09-16,2021-10-31,163910.75,Retail,Northeast,NT45,Medium,CLEARED,12.007083452217223,45,5,2,2.0,0.5,4,139542.305,9,3,3,1,1.3333333333333333,-0.6666666666666667,244604.99,1.1746312345922623,558169.22,0.24339554099508479,45,0,0,16.25777390200537,202109,1.0,3.0
1800004006,C000142,2021-09-16,2021-10-31,245566.0,Energy,Northeast,NT45,High,CLEARED,12.411325101406517,45,1,2,15.4,1.0,5,126237.72999999998,9,3,3,1,20.333333333333332,4.933333333333332,226046.27,1.9452662844935507,631188.6499999999,0.6573855391136445,45,0,0,16.25777390200537,202109,1.0,8.0
1800002789,C000019,2021-09-16,2021-09-30,14482.89,Logistics,Northeast,NT14,High,CLEARED,9.580792276269563,14,3,2,9.777777777777779,1.0,9,119216.98000000001,9,3,3,1,7.666666666666667,-2.1111111111111116,247674.67,0.12148344975690542,1072952.82,0.00908271723449623,14,0,0,16.25777390200537,202109,1.0,19.0
1800000538,C000025,2021-09-17,2021-12-16,125011.48,Energy,International,NT90,High,CLEARED,11.736168851300757,90,1,0,15.166666666666666,1.0,6,124752.575,9,3,4,1,14.333333333333334,-0.8333333333333321,227686.87,1.0020753479437199,748515.45,0.1832732591881731,90,0,0,16.25777390200537,202109,1.0,1.0
1800004103,C000198,2021-09-17,2021-12-16,115186.15,Construction,West,NT90,High,CLEARED,11.654313475883418,90,0,4,8.666666666666666,1.0,3,232536.49,9,3,4,1,8.666666666666666,0.0,249539.5,0.4953465582971516,697609.47,0.07852521378980747,90,0,0,16.25777390200537,202109,1.0,12.0
1800003119,C000156,2021-09-18,2021-10-18,27273.03,Retail,Northeast,NT30,High,CLEARED,10.213690246365843,30,5,2,13.6,1.0,5,104625.182,9,3,5,1,12.666666666666666,-0.9333333333333336,244580.13,0.2606736684099627,523125.91000000003,0.35574193300977064,30,0,0,16.25777390200537,202109,1.0,13.0
1800001148,C000030,2021-09-18,2021-10-18,245918.44,Healthcare,Midwest,NT30,High,CLEARED,12.412759281606524,30,2,1,39.5,1.0,4,177029.835,9,3,5,1,40.333333333333336,0.8333333333333357,215511.41,1.3891355657649458,708119.34,0.18668905714679238,30,0,0,16.25777390200537,202109,1.0,21.0
1800003350,C000060,2021-09-18,2021-11-17,58813.45,Logistics,International,NT60,High,CLEARED,10.98214285199487,60,3,0,4.75,1.0,4,91351.405,9,3,5,1,5.333333333333333,0.583333333333333,239218.79,0.6438154946823204,365405.62,0.05142076884988927,60,0,0,16.25777390200537,202109,1.0,2.0
1800003573,C000146,2021-09-19,2021-10-19,113524.68,Construction,International,NT30,Medium,CLEARED,11.639784345818285,30,0,0,-1.25,0.25,4,162915.1625,9,3,6,1,-1.3333333333333333,-0.08333333333333326,236408.5,0.696833113983482,651660.65,0.05678601380522533,30,0,0,16.25777390200537,202109,1.0,4.0
1800004100,C000105,2021-09-19,2021-10-03,15853.28,Manufacturing,South,NT14,High,CLEARED,9.671194774399213,14,4,3,30.8,1.0,5,139056.914,9,3,6,1,33.666666666666664,2.8666666666666636,237963.87,0.11400569410018693,695284.57,0.009400127631472646,14,0,0,16.25777390200537,202109,1.0,12.0
1800003632,C000140,2021-09-19,2021-11-18,14396.17,Logistics,South,NT60,High,CLEARED,9.574786938472199,60,3,3,23.0,1.0,2,79593.015,9,3,6,1,23.0,0.0,149814.51,0.1808722788048675,159186.03,0.007774877756936882,60,0,0,16.25777390200537,202109,1.0,2.0
1800001797,C000102,2021-09-20,2021-11-04,57334.33,Healthcare,Northeast,NT45,High,CLEARED,10.95667229210248,45,2,2,3.0,0.75,4,76318.8125,9,3,0,1,2.3333333333333335,-0.6666666666666665,113175.64,0.7512476691117279,305275.25,0.08096627483295454,45,0,1,16.25777390200537,202109,1.0,3.0
1800000914,C000063,2021-09-20,2021-10-04,234352.78,Manufacturing,Midwest,NT14,High,CLEARED,12.364587132941272,14,4,1,10.625,1.0,8,108025.0325,9,3,0,1,11.333333333333334,0.7083333333333339,187074.39,2.169430312367645,864200.26,0.4367502965384721,14,0,1,16.25777390200537,202109,1.0,7.0
1800003138,C000161,2021-09-20,2021-11-19,141223.03,Construction,Midwest,NT60,Medium,CLEARED,11.85810277369758,60,0,1,0.75,0.375,8,102082.1775,9,3,0,1,0.0,-0.75,213210.53,1.3834249372276566,816657.42,0.08558600798061189,60,0,1,16.25777390200537,202109,1.0,4.0
1800000100,C000165,2021-09-20,2021-11-19,27946.38,Retail,South,NT60,Medium,CLEARED,10.238078735370168,60,5,3,3.25,0.5,4,53658.8725,9,3,0,1,4.333333333333333,1.083333333333333,86619.06,0.5208156395757291,214635.49,0.028742439514962657,60,0,1,16.25777390200537,202109,1.0,2.0
1800003202,C000119,2021-09-20,2021-11-04,73155.97,Logistics,International,NT45,High,CLEARED,11.200362685572776,45,3,0,4.6,1.0,5,110910.57800000001,9,3,0,1,5.0,0.40000000000000036,208866.21,0.6595941642284111,554552.89,0.0645232438916292,45,0,1,16.25777390200537,202109,1.0,7.0
1800002927,C000185,2021-09-21,2021-10-21,212138.68,Logistics,South,NT30,High,CLEARED,12.265000204620499,30,3,3,11.0,1.0,3,190885.17666666667,9,3,1,1,11.0,0.0,232341.99,1.1113418218453246,572655.53,1.6720419200085248,30,0,0,16.25777390200537,202109,0.0,-2.0
1800004393,C000059,2021-09-21,2021-10-05,188404.5,Retail,South,NT14,High,CLEARED,12.146351833904232,14,5,3,16.8,1.0,5,87274.29199999999,9,3,1,1,17.666666666666668,0.8666666666666671,161313.96,2.158762857680931,436371.45999999996,0.14578204469120398,14,0,0,16.25777390200537,202109,1.0,5.0
1800004411,C000118,2021-09-22,2021-11-06,39484.17,Healthcare,Northeast,NT45,High,CLEARED,10.583680437354856,45,2,2,2.0,0.75,4,133922.1925,9,3,2,1,1.3333333333333333,-0.6666666666666667,191691.09,0.29482917851721996,535688.77,0.05321971701422875,45,0,0,16.25777390200537,202109,1.0,4.0
1800004438,C000173,2021-09-22,2021-10-06,57417.03,Manufacturing,West,NT14,High,CLEARED,10.958113644483227,14,4,4,4.0,1.0,1,130024.52,9,3,2,1,4.0,0.0,130024.52,0.4415861715928657,130024.52,0.09056901578755441,14,0,0,16.25777390200537,202109,1.0,1.0
1800000309,C000052,2021-09-23,2021-10-07,35461.24,Construction,South,NT14,High,CLEARED,10.476223747401827,14,0,3,29.166666666666668,0.8333333333333334,6,121343.52999999998,9,3,3,1,23.0,-6.166666666666668,189563.4,0.2922384077667759,728061.1799999999,0.03421330458332744,14,0,0,16.25777390200537,202109,1.0,10.0
1800001897,C000153,2021-09-23,2021-11-22,229589.74,Manufacturing,South,NT60,High,CLEARED,12.344053611603778,60,4,3,1.125,0.625,8,150077.4625,9,3,3,1,2.0,0.875,230985.56,1.5298082481904969,1200619.7,0.303903286663695,60,0,0,16.25777390200537,202109,1.0,3.0
1800003670,C000021,2021-09-23,2021-12-22,100803.3,Logistics,South,NT90,High,CLEARED,11.520936292439707,90,3,3,0.6666666666666666,0.6666666666666666,3,151952.52666666667,9,3,3,1,0.6666666666666666,0.0,240270.45,0.663386797253651,455857.58,0.36873513722314216,90,0,0,16.25777390200537,202109,0.0,0.0
1800003372,C000081,2021-09-24,2021-10-24,216915.12,Retail,South,NT30,High,CLEARED,12.28726601401649,30,5,3,1.6,0.6,5,146932.532,9,3,4,1,1.0,-0.6000000000000001,245372.05,1.4762906284089625,734662.66,0.16133336052529515,30,0,0,16.25777390200537,202109,0.0,0.0
1800002012,C000067,2021-09-24,2021-10-08,79779.48,Manufacturing,West,NT14,Medium,CLEARED,11.287034141986798,14,4,4,0.8,0.4,5,148405.758,9,3,4,1,0.3333333333333333,-0.46666666666666673,248221.29,0.5375767158576151,742028.79,0.04857659895198075,14,0,0,16.25777390200537,202109,1.0,7.0
1800003319,C000180,2021-09-24,2021-11-23,77940.6,Manufacturing,Midwest,NT60,High,CLEARED,11.263715107293743,60,4,1,15.857142857142858,1.0,7,94813.05285714286,9,3,4,1,18.666666666666668,2.80952380952381,189417.68,0.8220450418091169,663691.37,0.04547281898630654,60,0,0,16.25777390200537,202109,1.0,16.0
1800003341,C000094,2021-09-25,2021-10-09,233379.26,Healthcare,West,NT14,High,CLEARED,12.36042441942238,14,2,4,7.75,1.0,4,122555.1875,9,3,5,1,5.666666666666667,-2.083333333333333,186705.32,1.9042789192419947,490220.75,0.2106136665293375,14,1,0,16.25777390200537,202109,0.0,-5.0
1800003613,C000130,2021-09-25,2021-11-24,110837.79,Energy,South,NT60,Medium,CLEARED,11.615832082280734,60,1,3,1.75,0.5,4,94466.2225,9,3,5,1,2.3333333333333335,0.5833333333333335,133653.65,1.1733060459784976,377864.89,0.18336611208561457,60,1,0,16.25777390200537,202109,1.0,4.0
1800002687,C000119,2021-09-25,2021-11-09,109408.98,Logistics,International,NT45,High,CLEARED,11.602857389672172,45,3,0,5.0,1.0,6,104618.14333333333,9,3,5,1,5.333333333333333,0.33333333333333304,208866.21,1.0457935546743757,627708.86,0.096498239316277,45,1,0,16.25777390200537,202109,1.0,1.0
1800001490,C000194,2021-09-25,2021-12-24,118469.38,Construction,Midwest,NT90,High,CLEARED,11.682418250506757,90,0,1,6.5,0.875,8,151627.0025,9,3,5,1,3.3333333333333335,-3.1666666666666665,219422.45,0.781321123854572,1213016.02,0.0902333629624069,90,1,0,16.25777390200537,202109,1.0,17.0
1800000979,C000042,2021-09-25,2021-11-24,201735.76,Manufacturing,South,NT60,High,CLEARED,12.214718958204257,60,4,3,1.875,0.625,8,108304.955,9,3,5,1,2.0,0.125,227023.8,1.8626641781994184,866439.64,3.7218566724824593,60,1,0,16.25777390200537,202109,1.0,3.0
1800003657,C000166,2021-09-25,2021-11-24,8535.77,Logistics,West,NT60,High,CLEARED,9.052137995098823,60,3,4,28.5,1.0,4,145737.575,9,3,5,1,23.666666666666668,-4.833333333333332,236797.87,0.05856945266174492,582950.3,0.004349225586932878,60,1,0,16.25777390200537,202109,1.0,34.0
1800002537,C000067,2021-09-26,2021-10-10,92989.36,Manufacturing,West,NT14,Medium,CLEARED,11.440251110848768,14,4,4,1.8333333333333333,0.5,6,136968.045,9,3,6,1,1.0,-0.8333333333333333,248221.29,0.6789128077282551,821808.27,0.056619908371442894,14,1,0,16.25777390200537,202109,1.0,3.0
1800002208,C000042,2021-09-26,2021-11-25,168197.12,Manufacturing,South,NT60,High,CLEARED,12.032897849288483,60,4,3,2.0,0.6666666666666666,9,118686.15555555554,9,3,6,1,3.0,1.0,227023.8,1.4171587175664222,1068175.4,3.1030967110854957,60,1,0,16.25777390200537,202109,0.0,0.0
1800000053,C000105,2021-09-26,2021-10-10,123076.94,Manufacturing,South,NT14,High,CLEARED,11.72057309221434,14,4,3,27.666666666666668,1.0,6,118522.97499999999,9,3,6,1,22.333333333333332,-5.333333333333336,237963.87,1.0384226349363912,711137.85,0.0729778912938585,14,1,0,16.25777390200537,202109,1.0,52.0
1800002704,C000011,2021-09-26,2021-11-10,150279.21,Retail,Northeast,NT45,Medium,CLEARED,11.920256897078465,45,5,2,1.0,0.5,4,120426.66249999999,9,3,6,1,1.3333333333333333,0.33333333333333326,241143.99,1.2478898516348071,481706.64999999997,0.32773505643612943,45,1,0,16.25777390200537,202109,0.0,-2.0
1800001750,C000005,2021-09-27,2021-10-11,74432.24,Logistics,Northeast,NT14,High,CLEARED,11.217657895240858,14,3,2,9.666666666666666,0.8888888888888888,9,121234.77333333333,9,3,0,1,18.666666666666668,9.000000000000002,231493.21,0.6139512447913734,1091112.96,0.1043215678413658,14,1,1,16.25777390200537,202109,1.0,7.0
1800004079,C000112,2021-09-27,2021-10-11,82167.11,Logistics,International,NT14,High,CLEARED,11.316522549565414,14,3,0,8.8,0.8,5,218336.88999999998,9,3,0,1,7.0,-1.8000000000000007,242663.76,0.3763317779235566,1091684.45,1.1003783361539026,14,1,1,16.25777390200537,202109,1.0,10.0
1800000157,C000135,2021-09-27,2021-12-26,125565.32,Healthcare,West,NT90,Low,CLEARED,11.740589344190585,90,2,4,0.0,0.0,4,120972.51,9,3,0,1,0.0,0.0,185849.3,1.0379657328760064,483890.04,0.19936110299748058,90,1,1,16.25777390200537,202109,1.0,3.0
1800003704,C000055,2021-09-28,2021-12-27,133282.7,Logistics,Midwest,NT90,High,CLEARED,11.800235218119779,90,3,1,14.5,0.8333333333333334,6,132702.81166666668,9,3,1,1,15.333333333333334,0.8333333333333339,230397.33,1.0043698270296635,796216.87,0.07086062133712889,90,1,0,16.25777390200537,202109,1.0,24.0
1800002928,C000007,2021-09-28,2021-12-27,86627.34,Energy,Midwest,NT90,High,CLEARED,11.36938229274746,90,1,1,7.125,0.875,8,69753.77,9,3,1,1,8.0,0.875,200066.13,1.2419019072374151,558030.16,0.09158400171726068,90,1,0,16.25777390200537,202109,1.0,25.0
1800002475,C000097,2021-09-28,2021-11-27,25911.22,Construction,West,NT60,High,CLEARED,10.1624699510899,60,0,4,1.1428571428571428,0.5714285714285714,7,101325.48142857142,9,3,1,1,3.3333333333333335,2.1904761904761907,219740.41,0.25572264384715415,709278.37,0.01747762796950378,60,1,0,16.25777390200537,202109,0.0,-4.0
1800003065,C000129,2021-09-28,2021-10-12,194228.13,Construction,South,NT14,Medium,CLEARED,12.176793823590486,14,0,3,0.0,0.5,2,136064.57,9,3,1,1,0.0,0.0,215231.84,1.42747028120546,272129.14,0.13775397174702173,14,1,0,16.25777390200537,202109,1.0,6.0
1800003871,C000041,2021-09-28,2021-10-12,172879.3,Manufacturing,South,NT14,High,CLEARED,12.06035472648699,14,4,3,19.0,1.0,2,164719.005,9,3,1,1,19.0,0.0,233510.12,1.0495407011473872,329438.01,0.20519617744370935,14,1,0,16.25777390200537,202109,1.0,25.0
1800003361,C000125,2021-09-29,2021-10-29,9025.16,Logistics,South,NT30,High,CLEARED,9.107882306797526,30,3,3,2.75,0.75,4,117536.57,9,3,2,1,2.6666666666666665,-0.08333333333333348,167788.66,0.07678597393134749,470146.28,0.01356517237330951,30,1,0,16.25777390200537,202109,1.0,3.0
1800001021,C000006,2021-09-29,2021-11-13,147171.99,Energy,South,NT45,Medium,CLEARED,11.899363976592397,45,1,3,2.5,0.5,4,137320.6675,9,3,2,1,1.6666666666666667,-0.8333333333333333,249161.14,1.071739547144278,549282.67,0.6168226472989405,45,1,0,16.25777390200537,202109,1.0,3.0
1800001436,C000178,2021-09-29,2021-10-13,70089.47,Retail,West,NT14,Medium,CLEARED,11.157542115136033,14,5,4,1.6,0.4,5,108272.222,9,3,2,1,1.0,-0.6000000000000001,182230.15,0.64734489331899,541361.11,0.06281170567045585,14,1,0,16.25777390200537,202109,0.0,0.0
1800003821,C000018,2021-09-29,2021-11-13,66051.89,Manufacturing,Northeast,NT45,High,CLEARED,11.098211063724525,45,4,2,12.25,1.0,4,153360.945,9,3,2,1,15.0,2.75,241978.76,0.4306956376670736,613443.78,0.06524572169225708,45,1,0,16.25777390200537,202109,1.0,22.0
1800003456,C000081,2021-09-30,2021-10-30,119452.29,Retail,South,NT30,Medium,CLEARED,11.690680695279639,30,5,3,1.3333333333333333,0.5,6,158596.29666666666,9,3,3,1,0.0,-1.3333333333333333,245372.05,0.7531846109311211,951577.78,0.08884414958321996,30,1,0,16.25777390200537,202109,1.0,4.0
1800004457,C000131,2021-09-30,2021-11-14,225392.54,Energy,Northeast,NT45,High,CLEARED,12.325603220017387,45,1,2,3.5,0.75,8,159387.59875,9,3,3,1,1.6666666666666667,-1.8333333333333333,249492.9,1.4141159147113382,1275100.79,0.119566944748233,45,1,0,16.25777390200537,202109,0.0,0.0
1800001653,C000191,2021-09-30,2021-12-29,199550.28,Energy,Midwest,NT90,High,CLEARED,12.20382652488878,90,1,1,16.5,1.0,6,138975.17833333334,9,3,3,1,23.333333333333332,6.833333333333332,200312.13,1.4358699329845555,833851.0700000001,2.586812421556368,90,1,0,16.25777390200537,202109,1.0,38.0
1800001234,C000179,2021-09-30,2021-11-14,122920.86,Retail,International,NT45,High,CLEARED,11.719304147922973,45,5,0,1.8333333333333333,0.8333333333333334,6,130627.94666666666,9,3,3,1,1.6666666666666667,-0.16666666666666652,185394.73,0.9409997105264662,783767.6799999999,0.06382327320143424,45,1,0,16.25777390200537,202109,0.0,0.0
1800002871,C000088,2021-10-01,2021-10-31,73547.73,Logistics,West,NT30,Medium,CLEARED,11.20570345871531,30,3,4,0.75,0.25,4,97805.74,10,4,4,0,1.6666666666666667,0.9166666666666667,171827.66,0.7519776446658447,391222.96,0.03721316115762318,30,0,0,16.081289835989825,202110,1.0,2.0
1800001661,C000153,2021-10-02,2021-12-01,8023.44,Manufacturing,South,NT60,High,CLEARED,8.99024716363188,60,4,3,1.3333333333333333,0.6666666666666666,9,158912.16,10,4,5,0,2.6666666666666665,1.3333333333333333,230985.56,0.05048978001431734,1430209.44,0.010620464949126024,60,0,0,16.081289835989825,202110,1.0,1.0
1800002614,C000013,2021-10-02,2021-12-01,215038.33,Retail,West,NT60,Medium,CLEARED,12.278576220612663,60,5,4,1.5,0.5,4,90186.83499999999,10,4,5,0,2.0,0.5,162197.59,2.3843649685677515,360747.33999999997,0.15449090161213913,60,0,0,16.081289835989825,202110,0.0,0.0
1800004992,C000046,2021-10-03,2021-12-02,86094.47,Construction,International,NT60,Medium,CLEARED,11.36321207579128,60,0,0,1.6666666666666667,0.5,6,126285.30666666666,10,4,6,0,2.6666666666666665,0.9999999999999998,235285.11,0.6817457412305977,757711.84,0.5350301320235916,60,0,0,16.081289835989825,202110,0.0,-4.0
1800004532,C000044,2021-10-04,2022-01-02,119480.74,Manufacturing,West,NT90,High,CLEARED,11.690918835330802,90,4,4,30.0,1.0,2,196460.385,10,4,0,0,30.0,0.0,213705.7,0.6081670867131814,392920.77,0.19008032482598167,90,0,1,16.081289835989825,202110,0.0,-3.0
1800004548,C000175,2021-10-04,2022-01-02,39031.43,Construction,West,NT90,High,CLEARED,10.572148118036754,90,0,4,2.75,0.75,4,120161.69499999999,10,4,0,0,3.0,0.25,209031.8,0.3248242295516887,480646.77999999997,0.024464781679692627,90,0,1,16.081289835989825,202110,1.0,4.0
1800004152,C000100,2021-10-04,2022-01-02,114255.36,Energy,International,NT90,High,CLEARED,11.64619997460314,90,1,0,28.142857142857142,0.8571428571428571,7,111450.11714285715,10,4,0,0,30.666666666666668,2.5238095238095255,196637.07,1.0251703894895603,780150.8200000001,0.09488143370887928,90,0,1,16.081289835989825,202110,1.0,13.0
1800003696,C000196,2021-10-04,2021-10-18,124079.49,Healthcare,Midwest,NT14,High,CLEARED,11.728685746907741,14,2,1,3.3333333333333335,1.0,3,131609.38,10,4,0,0,3.3333333333333335,0.0,150926.87,0.9427860688956973,394828.14,0.5180244267389877,14,0,1,16.081289835989825,202110,0.0,0.0
1800002105,C000132,2021-10-05,2021-10-19,208972.81,Healthcare,West,NT14,Medium,CLEARED,12.249964212090083,14,2,4,1.0,0.4,5,158651.13400000002,10,4,1,0,1.6666666666666667,0.6666666666666667,249747.76,1.3171844709285214,793255.67,0.1778202554025121,14,0,0,16.081289835989825,202110,1.0,6.0
1800002182,C000074,2021-10-05,2022-01-03,40074.92,Retail,Northeast,NT90,High,CLEARED,10.598530934169954,90,5,2,2.4444444444444446,0.5555555555555556,9,115133.98777777777,10,4,1,0,2.0,-0.44444444444444464,241463.48,0.3480720226363508,1036205.89,0.21493778484006318,90,0,0,16.081289835989825,202110,1.0,3.0
1800004677,C000122,2021-10-05,2021-10-19,80344.64,Manufacturing,Midwest,NT14,High,CLEARED,11.294093107092271,14,4,1,6.5,1.0,2,198721.5,10,4,1,0,6.5,0.0,213345.39,0.40430773721011565,397443.0,0.05743066785671998,14,0,0,16.081289835989825,202110,1.0,20.0
1800002214,C000193,2021-10-05,2021-11-19,140477.56,Logistics,South,NT45,High,CLEARED,11.85281015824693,45,3,3,14.5,1.0,2,137393.48,10,4,1,0,14.5,0.0,214555.25,1.0224470622623432,274786.96,0.14491486923666222,45,0,0,16.081289835989825,202110,1.0,6.0
1800004406,C000018,2021-10-05,2021-11-19,93880.53,Manufacturing,Northeast,NT45,High,CLEARED,11.449788947233095,45,4,2,14.2,1.0,5,135899.13400000002,10,4,1,0,16.666666666666668,2.4666666666666686,241978.76,0.6908103623382912,679495.67,0.09273471103857271,45,0,0,16.081289835989825,202110,1.0,9.0
1800003178,C000012,2021-10-05,2021-10-19,20540.87,Logistics,International,NT14,Medium,CLEARED,9.930220521208012,14,3,0,0.875,0.5,8,120341.9375,10,4,1,0,-0.6666666666666666,-1.5416666666666665,248588.91,0.1706875460601588,962735.5,0.018817682845072094,14,0,0,16.081289835989825,202110,1.0,1.0
1800003598,C000027,2021-10-05,2021-10-19,178705.67,Logistics,South,NT14,High,CLEARED,12.093501025576863,14,3,3,11.11111111111111,1.0,9,139301.69666666666,10,4,1,0,11.333333333333334,0.2222222222222232,248894.88,1.2828678636098931,1253715.27,0.10888419034292582,14,0,0,16.081289835989825,202110,1.0,3.0
1800001191,C000150,2021-10-06,2021-11-05,160479.24,Healthcare,Midwest,NT30,High,CLEARED,11.985926098708104,30,2,1,9.8,1.0,5,116941.36400000002,10,4,2,0,7.0,-2.8000000000000007,226903.36,1.3723051836474216,584706.8200000001,0.15792642410418967,30,0,0,16.081289835989825,202110,1.0,11.0
1800003218,C000049,2021-10-06,2021-12-05,18839.35,Construction,International,NT60,High,CLEARED,9.843756125452487,60,0,0,16.0,1.0,1,239827.83,10,4,2,0,16.0,0.0,239827.83,0.07855364408709364,239827.83,0.028248239822035948,60,0,0,16.081289835989825,202110,1.0,9.0
1800002138,C000099,2021-10-06,2021-11-20,212817.22,Logistics,West,NT45,High,CLEARED,12.26819365308517,45,3,4,1.5714285714285714,0.5714285714285714,7,125392.12571428572,10,4,2,0,0.0,-1.5714285714285714,245026.79,1.6972135912658357,877744.88,0.12600294789884706,45,0,0,16.081289835989825,202110,0.0,-1.0
1800004583,C000195,2021-10-06,2021-12-05,98454.82,Logistics,Midwest,NT60,High,CLEARED,11.497363198622663,60,3,1,11.444444444444445,0.8888888888888888,9,109579.77888888889,10,4,2,0,6.666666666666667,-4.777777777777778,220702.53,0.8984761695844513,986218.01,0.35476902982321007,60,0,0,16.081289835989825,202110,0.0,0.0
1800000021,C000184,2021-10-06,2021-11-05,37740.99,Retail,International,NT30,High,CLEARED,10.538528546732193,30,5,0,40.0,1.0,4,162076.225,10,4,2,0,42.0,2.0,205830.12,0.2328595079259774,648304.9,0.02922475450495052,30,0,0,16.081289835989825,202110,1.0,33.0
1800000495,C000161,2021-10-06,2021-12-05,131898.22,Construction,Midwest,NT60,Medium,CLEARED,11.789793425117034,60,0,1,1.1111111111111112,0.4444444444444444,9,106431.16111111111,10,4,2,0,1.3333333333333333,0.2222222222222221,213210.53,1.2392819792908394,957880.45,0.07993485276125646,60,0,0,16.081289835989825,202110,1.0,4.0
1800003585,C000029,2021-10-06,2021-11-20,48362.71,Construction,International,NT45,High,CLEARED,10.786505018080643,45,0,0,3.0,0.75,4,77077.0025,10,4,2,0,3.3333333333333335,0.3333333333333335,119564.47,0.6274596628222536,308308.01,0.025051809299467844,45,0,0,16.081289835989825,202110,0.0,0.0
1800001486,C000062,2021-10-06,2021-11-05,180971.81,Retail,South,NT30,High,CLEARED,12.106102077969185,30,5,3,2.6,0.8,5,114547.73999999999,10,4,2,0,1.0,-1.6,175204.04,1.5798811045944687,572738.7,0.1003718329625745,30,0,0,16.081289835989825,202110,0.0,0.0
1800002040,C000106,2021-10-07,2021-11-06,86743.09,Healthcare,Northeast,NT30,High,CLEARED,11.370717568687217,30,2,2,10.666666666666666,1.0,6,142682.45166666666,10,4,3,0,14.666666666666666,4.0,242710.29,0.6079450485098781,856094.71,0.31767111348877836,30,0,0,16.081289835989825,202110,1.0,10.0
1800000622,C000063,2021-10-07,2021-10-21,75647.85,Manufacturing,Midwest,NT14,High,CLEARED,11.233857517514704,14,4,1,10.222222222222221,1.0,9,122061.44888888889,10,4,3,0,10.666666666666666,0.44444444444444464,234352.78,0.6197521878415629,1098553.04,0.14098070831503623,14,0,0,16.081289835989825,202110,1.0,13.0
1800004240,C000067,2021-10-07,2021-10-21,33856.61,Manufacturing,West,NT14,High,CLEARED,10.429919068435126,14,4,4,2.0,0.5714285714285714,7,130685.37571428572,10,4,3,0,2.6666666666666665,0.6666666666666665,248221.29,0.259069615210962,914797.63,0.020614811801776864,14,0,0,16.081289835989825,202110,0.0,0.0
1800004339,C000185,2021-10-08,2021-11-07,104213.99,Logistics,South,NT30,High,CLEARED,11.55421125592029,30,3,3,7.75,0.75,4,196198.5525,10,4,4,0,6.333333333333333,-1.416666666666667,232341.99,0.5311659473124809,784794.21,0.8213973987739964,30,0,0,16.081289835989825,202110,0.0,-1.0
1800000514,C000087,2021-10-10,2021-12-09,87159.75,Construction,South,NT60,High,CLEARED,11.375509393886151,60,0,3,6.6,0.6,5,154649.314,10,4,6,0,7.0,0.40000000000000036,190662.41,0.5635960984605466,773246.5700000001,0.04739347303547523,60,0,0,16.081289835989825,202110,1.0,15.0
1800002593,C000081,2021-10-10,2021-11-09,165774.52,Retail,South,NT30,High,CLEARED,12.018389863013931,30,5,3,1.7142857142857142,0.5714285714285714,7,153004.29571428572,10,4,6,0,1.3333333333333333,-0.38095238095238093,245372.05,1.083463174848116,1071030.07,0.1232968932781991,30,0,0,16.081289835989825,202110,0.0,0.0
1800000300,C000179,2021-10-10,2021-11-24,208943.23,Retail,International,NT45,High,CLEARED,12.249822653232995,45,5,0,1.5714285714285714,0.7142857142857143,7,129526.93428571429,10,4,6,0,1.3333333333333333,-0.23809523809523814,185394.73,1.6131257267241956,906688.54,0.10848802108836622,45,0,0,16.081289835989825,202110,0.0,0.0
1800001328,C000155,2021-10-10,2021-12-09,67865.67,Energy,West,NT60,High,CLEARED,11.125300324106307,60,1,4,30.166666666666668,0.8333333333333334,6,78674.06,10,4,6,0,29.666666666666668,-0.5,249366.55,0.8626181234322977,472044.36,0.03484514554819678,60,0,0,16.081289835989825,202110,1.0,4.0
1800004504,C000080,2021-10-10,2021-11-24,213986.05,Healthcare,West,NT45,High,CLEARED,12.27367077815425,45,2,4,15.5,1.0,6,104341.65000000001,10,4,6,0,21.0,5.5,150425.42,2.050821028802975,626049.9,0.15648282222151205,45,0,0,16.081289835989825,202110,1.0,7.0
1800003254,C000126,2021-10-11,2021-11-10,182750.97,Manufacturing,Northeast,NT30,High,CLEARED,12.115885157307686,30,4,2,11.666666666666666,1.0,3,84315.94333333334,10,4,0,0,11.666666666666666,0.0,144999.5,2.1674544905168784,252947.83000000002,0.18381946660450535,30,0,1,16.081289835989825,202110,1.0,18.0
1800001867,C000082,2021-10-11,2021-10-25,76460.68,Logistics,Northeast,NT14,High,CLEARED,11.2445449792821,14,3,2,10.0,1.0,2,94368.485,10,4,0,0,10.0,0.0,154873.23,0.8102353237948028,188736.97,0.1566658942037208,14,0,1,16.081289835989825,202110,1.0,13.0
1800000351,C000033,2021-10-11,2021-10-25,105536.56,Energy,Northeast,NT14,High,CLEARED,11.566822187495893,14,1,2,3.625,0.875,8,88950.39375,10,4,0,0,2.0,-1.625,232938.48,1.186465349401559,711603.15,0.06113493057416926,14,0,1,16.081289835989825,202110,1.0,4.0
1800004440,C000129,2021-10-11,2021-10-25,33424.34,Construction,South,NT14,High,CLEARED,10.417069573945335,14,0,3,2.0,0.6666666666666666,3,155452.42333333334,10,4,0,0,2.0,0.0,215231.84,0.21501330943120064,466357.27,0.023705812273550942,14,0,1,16.081289835989825,202110,1.0,3.0
1800002541,C000095,2021-10-11,2021-11-10,90951.59,Healthcare,West,NT30,Medium,CLEARED,11.418093660726068,30,2,4,1.5,0.5,4,99918.88750000001,10,4,0,0,0.3333333333333333,-1.1666666666666667,201367.35,0.910254229962278,399675.55000000005,0.048000096811257054,30,0,1,16.081289835989825,202110,1.0,3.0
1800003273,C000042,2021-10-11,2021-12-10,58560.99,Manufacturing,South,NT60,High,CLEARED,10.977841130298247,60,4,3,1.8,0.6,10,123637.25200000001,10,4,0,0,0.6666666666666666,-1.1333333333333333,227023.8,0.47365166284996363,1236372.52,1.0804014686274688,60,0,1,16.081289835989825,202110,1.0,5.0
1800002922,C000167,2021-10-12,2021-10-26,92080.05,Construction,Northeast,NT14,High,CLEARED,11.430424446458463,14,0,2,2.4,0.6,5,169937.614,10,4,1,0,2.3333333333333335,-0.06666666666666643,233711.12,0.5418461977464272,849688.0700000001,0.13203529384081641,14,0,0,16.081289835989825,202110,1.0,2.0
1800001849,C000106,2021-10-12,2021-11-11,26146.62,Healthcare,Northeast,NT30,High,CLEARED,10.171513451966778,30,2,2,10.571428571428571,1.0,7,134691.11428571428,10,4,1,0,16.333333333333332,5.761904761904761,242710.29,0.19412282791377264,942837.8,0.0957543233630248,30,0,0,16.081289835989825,202110,1.0,11.0
1800004665,C000070,2021-10-12,2022-01-10,133647.11,Energy,Midwest,NT90,Low,CLEARED,11.802965580052932,90,1,1,0.6,0.2,5,173799.314,10,4,1,0,-0.6666666666666666,-1.2666666666666666,243557.77,0.7689737486535763,868996.5700000001,0.07592615579975036,90,0,0,16.081289835989825,202110,1.0,3.0
1800001802,C000020,2021-10-12,2021-10-26,86604.06,Healthcare,West,NT14,Medium,CLEARED,11.369113522404787,14,2,4,1.75,0.5,4,146256.05,10,4,1,0,1.6666666666666667,-0.08333333333333326,194963.44,0.5921400174556882,585024.2,0.04346640494760212,14,0,0,16.081289835989825,202110,1.0,5.0
1800002535,C000182,2021-10-12,2021-10-26,122422.89,Retail,West,NT14,High,CLEARED,11.715244809753838,14,5,4,18.166666666666668,1.0,6,127071.29166666667,10,4,1,0,16.666666666666668,-1.5,249682.11,0.9634189469100515,762427.75,0.10612601192907273,14,0,0,16.081289835989825,202110,1.0,20.0
1800004305,C000024,2021-10-13,2021-11-27,22756.86,Construction,International,NT45,High,CLEARED,10.032665859215108,45,0,0,28.333333333333332,1.0,6,181383.74333333332,10,4,2,0,27.333333333333332,-1.0,249295.78,0.12546251158891988,1088302.46,0.0653864046528214,45,0,0,16.081289835989825,202110,1.0,35.0
1800004781,C000062,2021-10-13,2021-11-12,179629.12,Retail,South,NT30,High,CLEARED,12.098655126802518,30,5,3,2.1666666666666665,0.6666666666666666,6,125618.41833333333,10,4,2,0,0.6666666666666666,-1.5,180971.81,1.4299584597805328,753710.51,0.09962714097767078,30,0,0,16.081289835989825,202110,0.0,-3.0
1800001935,C000112,2021-10-14,2021-10-28,206253.39,Logistics,International,NT14,High,CLEARED,12.236865588818894,14,3,0,9.0,0.8333333333333334,6,195641.92666666667,10,4,3,0,4.333333333333333,-4.666666666666667,242663.76,1.054239208916671,1173851.56,2.762136359844005,14,0,0,16.081289835989825,202110,0.0,-4.0
1800001847,C000111,2021-10-15,2021-10-29,231307.11,Energy,International,NT14,High,CLEARED,12.351505910293998,14,1,0,11.4,1.0,5,121749.96200000001,10,4,4,0,12.333333333333334,0.9333333333333336,244079.76,1.8998536525210576,608749.81,0.2124318536484481,14,0,0,16.081289835989825,202110,1.0,8.0
1800001390,C000197,2021-10-16,2021-11-15,96623.95,Healthcare,West,NT30,High,CLEARED,11.478592268425166,30,2,4,37.0,1.0,4,21100.6025,10,4,5,0,41.333333333333336,4.333333333333336,33874.81,4.579203366349373,84402.41,0.07118058352623757,30,0,0,16.081289835989825,202110,1.0,31.0
1800000745,C000102,2021-10-16,2021-11-30,47363.57,Healthcare,Northeast,NT45,High,CLEARED,10.765629759834983,45,2,2,3.0,0.8,5,72521.916,10,4,5,0,1.6666666666666667,-1.3333333333333333,113175.64,0.653093197372226,362609.58,0.06688578772421132,45,0,0,16.081289835989825,202110,1.0,6.0
1800004796,C000151,2021-10-16,2021-12-15,34886.96,Energy,International,NT60,High,CLEARED,10.45989706299592,60,1,0,14.0,1.0,6,175068.81499999997,10,4,5,0,15.666666666666666,1.666666666666666,230077.27,0.19927569624550212,1050412.89,0.15734933694635403,60,0,0,16.081289835989825,202110,1.0,8.0
1800001795,C000098,2021-10-17,2021-11-16,66560.7,Manufacturing,West,NT30,High,CLEARED,11.105884616034313,30,4,4,9.5,1.0,6,146218.65333333335,10,4,6,0,6.0,-3.5,247663.32,0.4552134661523805,877311.92,0.07396618316339125,30,0,0,16.081289835989825,202110,1.0,14.0
1800002091,C000088,2021-10-17,2021-11-16,50463.02,Logistics,West,NT30,Medium,CLEARED,10.829015886084816,30,3,4,1.0,0.4,5,92954.138,10,4,6,0,2.3333333333333335,1.3333333333333335,171827.66,0.5428808344175059,464770.69,0.0255329225764053,30,0,0,16.081289835989825,202110,1.0,5.0
1800001945,C000094,2021-10-17,2021-10-31,27918.03,Healthcare,West,NT14,High,CLEARED,10.237063814152444,14,2,4,5.2,0.8,5,144720.002,10,4,6,0,1.3333333333333333,-3.866666666666667,233379.26,0.1929106523920584,723600.01,0.02519469236716253,14,0,0,16.081289835989825,202110,1.0,12.0
1800002816,C000007,2021-10-18,2022-01-16,33653.65,Energy,Midwest,NT90,High,CLEARED,10.423906512747296,90,1,1,9.11111111111111,0.8888888888888888,9,71628.61111111111,10,4,0,0,10.333333333333334,1.2222222222222232,200066.13,0.46983530013999686,644657.5,0.035579251762689355,90,0,1,16.081289835989825,202110,1.0,7.0
1800000848,C000107,2021-10-18,2021-12-17,202560.07,Retail,Midwest,NT60,High,CLEARED,12.218796700309463,60,5,1,33.4,1.0,5,147706.756,10,4,0,0,37.666666666666664,4.266666666666666,228668.29,1.371366317191341,738533.78,0.16448363091643198,60,0,1,16.081289835989825,202110,1.0,14.0
1800003414,C000155,2021-10-18,2021-12-17,113270.58,Energy,West,NT60,High,CLEARED,11.637543577068957,60,1,4,26.428571428571427,0.8571428571428571,7,77130.00428571428,10,4,0,0,19.333333333333332,-7.095238095238095,249366.55,1.4685670129150963,539910.03,0.05815797363274639,60,0,1,16.081289835989825,202110,1.0,35.0
1800002203,C000090,2021-10-19,2021-12-18,151446.62,Logistics,Northeast,NT60,High,CLEARED,11.92799510157456,60,3,2,32.5,1.0,2,115090.13,10,4,1,0,32.5,0.0,154382.34,1.3158958113958164,230180.26,0.16326082116495624,60,0,0,16.081289835989825,202110,1.0,28.0
1800003964,C000068,2021-10-19,2021-12-03,158565.03,Manufacturing,Northeast,NT45,High,CLEARED,11.973926378608613,45,4,2,1.2,0.8,5,113784.71,10,4,1,0,0.3333333333333333,-0.8666666666666667,232651.41,1.3935530529541271,568923.55,0.11859188924371507,45,0,0,16.081289835989825,202110,1.0,3.0
1800001598,C000121,2021-10-19,2021-11-18,161526.57,Logistics,West,NT30,High,CLEARED,11.992431119149504,30,3,4,9.4,1.0,5,188285.25400000002,10,4,1,0,9.666666666666666,0.2666666666666657,238023.15,0.8578822109988496,941426.27,0.1603875616918889,30,0,0,16.081289835989825,202110,1.0,7.0
1800001413,C000115,2021-10-19,2022-01-17,246733.75,Healthcare,International,NT90,High,CLEARED,12.416069151941034,90,2,0,11.0,1.0,3,93473.70666666667,10,4,1,0,11.0,0.0,201466.31,2.639605925545123,280421.12,0.27434057025634806,90,0,0,16.081289835989825,202110,1.0,8.0
1800001557,C000147,2021-10-19,2021-12-03,184102.86,Energy,International,NT45,High,CLEARED,12.123255333867201,45,1,0,15.75,1.0,4,143864.35249999998,10,4,1,0,17.0,1.25,208092.46,1.2796975539857938,575457.4099999999,0.19029179423779558,45,0,0,16.081289835989825,202110,0.0,0.0
1800003491,C000127,2021-10-20,2022-01-18,69330.22,Retail,International,NT90,High,CLEARED,11.146650588781567,90,5,0,15.0,1.0,5,171824.298,10,4,2,0,16.666666666666668,1.6666666666666679,244835.16,0.4034948537953578,859121.49,0.04142517419266323,90,0,0,16.081289835989825,202110,1.0,13.0
1800004764,C000197,2021-10-20,2021-11-19,244520.22,Healthcare,West,NT30,High,CLEARED,12.407057373497137,30,2,4,35.8,1.0,5,36205.272,10,4,2,0,32.0,-3.799999999999997,96623.95,6.753718629706746,181026.36,0.18013227510947327,30,0,0,16.081289835989825,202110,1.0,19.0
1800002692,C000099,2021-10-20,2021-12-04,96697.18,Logistics,West,NT45,Medium,CLEARED,11.479349860168092,45,3,4,1.25,0.5,8,136320.2625,10,4,2,0,0.3333333333333333,-0.9166666666666667,245026.79,0.7093382761055055,1090562.1,0.057251615886653506,45,0,0,16.081289835989825,202110,1.0,1.0
1800001675,C000168,2021-10-20,2021-12-19,1170.19,Construction,South,NT60,High,CLEARED,7.06577560491923,60,0,3,2.2,0.6,5,163359.142,10,4,2,0,4.666666666666667,2.466666666666667,245921.07,0.007163296682838847,816795.71,0.014640584467335653,60,0,0,16.081289835989825,202110,1.0,4.0
1800003880,C000028,2021-10-21,2022-01-19,71540.96,Manufacturing,Northeast,NT90,High,CLEARED,11.178039409697984,90,4,2,25.0,1.0,7,72839.81857142856,10,4,3,0,25.0,0.0,154383.21,0.9821682893106761,509878.73,0.07324008305318064,90,0,0,16.081289835989825,202110,1.0,32.0
1800004202,C000164,2021-10-21,2021-12-20,177746.5,Manufacturing,Midwest,NT60,High,CLEARED,12.08811928286897,60,4,1,6.0,1.0,2,216721.865,10,4,3,0,6.0,0.0,217659.4,0.8201595164382699,433443.73,0.344689861347785,60,0,0,16.081289835989825,202110,1.0,4.0
1800003380,C000131,2021-10-21,2021-12-05,95713.17,Energy,Northeast,NT45,High,CLEARED,11.469121633355881,45,1,2,3.111111111111111,0.6666666666666666,9,166721.48111111112,10,4,3,0,0.6666666666666666,-2.4444444444444446,249492.9,0.5740902093846695,1500493.33,0.05077422397861185,45,0,0,16.081289835989825,202110,1.0,5.0
1800003859,C000186,2021-10-21,2021-11-04,239089.73,Retail,International,NT14,High,CLEARED,12.384598382305867,14,5,0,14.5,1.0,6,135423.66,10,4,3,0,16.0,1.5,245546.85,1.7654945228920855,812541.96,0.7806934605902008,14,0,0,16.081289835989825,202110,1.0,22.0
1800003685,C000123,2021-10-21,2022-01-19,122170.95,Healthcare,Midwest,NT90,Medium,CLEARED,11.713184757636036,90,2,1,0.5,0.5,2,43876.479999999996,10,4,3,0,0.5,0.0,77356.62,2.7844291520194875,87752.95999999999,0.11256906019442019,90,0,0,16.081289835989825,202110,1.0,1.0
1800001192,C000051,2021-10-22,2021-12-21,108601.48,Energy,Midwest,NT60,High,CLEARED,11.595449522316997,60,1,1,16.0,1.0,4,152655.015,10,4,4,0,19.666666666666668,3.666666666666668,240179.13,0.7114177021960267,610620.06,0.11508578484526741,60,0,0,16.081289835989825,202110,1.0,22.0
1800001274,C000138,2021-10-22,2021-11-21,248495.46,Construction,Northeast,NT30,High,CLEARED,12.423183878944515,30,0,2,3.8333333333333335,0.8333333333333334,6,167022.05500000002,10,4,4,0,4.333333333333333,0.49999999999999956,222518.48,1.487800278831439,1002132.3300000001,0.6995170569864874,30,0,0,16.081289835989825,202110,1.0,6.0
1800001804,C000188,2021-10-23,2021-12-07,242705.68,Construction,International,NT45,Medium,CLEARED,12.399608915027724,45,0,0,1.1428571428571428,0.2857142857142857,7,128285.12428571428,10,4,5,0,0.0,-1.1428571428571428,184223.48,1.891923801386748,897995.87,0.14538309468750676,45,0,0,16.081289835989825,202110,1.0,4.0
1800000371,C000129,2021-10-23,2021-11-06,98222.98,Construction,South,NT14,High,CLEARED,11.495005660051033,14,0,3,2.25,0.75,4,124945.4025,10,4,5,0,4.0,1.75,215231.84,0.7861272046404428,499781.61,0.0696634705376007,14,0,0,16.081289835989825,202110,1.0,2.0
1800004639,C000069,2021-10-23,2021-12-07,211202.53,Retail,South,NT45,High,CLEARED,12.260577544689717,45,5,3,1.5,0.7,10,143057.40600000002,10,4,5,0,1.6666666666666667,0.16666666666666674,243662.1,1.4763481032222825,1430574.06,0.16235241183725851,45,0,0,16.081289835989825,202110,0.0,0.0
1800002879,C000055,2021-10-24,2022-01-22,241415.98,Logistics,Midwest,NT90,High,CLEARED,12.394280924857018,90,3,1,15.857142857142858,0.8571428571428571,7,132785.65285714288,10,4,6,0,11.333333333333334,-4.523809523809524,230397.33,1.8180878340804394,929499.5700000001,0.1283503886364238,90,0,0,16.081289835989825,202110,1.0,13.0
1800001157,C000042,2021-10-24,2021-12-23,145549.06,Manufacturing,South,NT60,High,CLEARED,11.888275361403158,60,4,3,2.090909090909091,0.6363636363636364,11,117721.22818181818,10,4,6,0,2.6666666666666665,0.5757575757575757,227023.8,1.236387542399764,1294933.51,2.6852588759402387,60,0,0,16.081289835989825,202110,0.0,-2.0
1800003811,C000026,2021-10-24,2021-12-08,34002.15,Manufacturing,Midwest,NT45,High,CLEARED,10.434208446365648,45,4,1,2.2857142857142856,0.7142857142857143,7,144003.5242857143,10,4,6,0,3.6666666666666665,1.380952380952381,236806.85,0.23612026281063142,1008024.67,0.06542654515365136,45,0,0,16.081289835989825,202110,0.0,-1.0
1800000755,C000059,2021-10-24,2021-11-07,81576.82,Retail,South,NT14,High,CLEARED,11.309312690278663,14,5,3,14.833333333333334,1.0,6,104129.32666666666,10,4,6,0,13.666666666666666,-1.1666666666666679,188404.5,0.7834182992572251,624775.96,0.0631218236242038,14,0,0,16.081289835989825,202110,1.0,28.0
1800004134,C000003,2021-10-24,2021-11-23,133249.31,Construction,International,NT30,High,CLEARED,11.799984668479418,30,0,0,3.4,0.8,5,107040.074,10,4,6,0,5.0,1.6,158187.08,1.2448544271372608,535200.37,0.11643312216784793,30,0,0,16.081289835989825,202110,0.0,0.0
1800004614,C000005,2021-10-24,2021-11-07,246455.43,Logistics,Northeast,NT14,High,CLEARED,12.414940502278059,14,3,2,9.4,0.9,10,116554.51999999999,10,4,6,0,16.0,6.6,231493.21,2.114507699915885,1165545.2,0.3454231239126752,14,0,0,16.081289835989825,202110,1.0,4.0
1800002482,C000006,2021-10-24,2021-12-08,146458.31,Energy,South,NT45,High,CLEARED,11.894502921420022,45,1,3,2.6,0.6,5,139290.932,10,4,6,0,2.6666666666666665,0.06666666666666643,249161.14,1.0514561708869892,696454.66,0.6138314939760541,45,0,0,16.081289835989825,202110,1.0,2.0
1800003533,C000074,2021-10-25,2022-01-23,85999.03,Retail,Northeast,NT90,High,CLEARED,11.362102924072794,90,5,2,2.5,0.6,10,107628.081,10,4,0,0,3.0,0.5,241463.48,0.7990389608451719,1076280.81,0.4612471093290801,90,1,1,16.081289835989825,202110,1.0,2.0
1800004425,C000127,2021-10-26,2022-01-24,120400.04,Retail,International,NT90,High,CLEARED,11.698583449693306,90,5,0,14.666666666666666,1.0,6,154741.95166666666,10,4,1,0,16.0,1.333333333333334,244835.16,0.77806980397505,928451.71,0.07193966252816766,90,1,0,16.081289835989825,202110,1.0,18.0
1800004824,C000020,2021-10-27,2021-11-10,226804.35,Healthcare,West,NT14,High,CLEARED,12.331847439622772,14,2,4,2.4,0.6,5,134325.652,10,4,2,0,3.3333333333333335,0.9333333333333336,194963.44,1.6884663995526334,671628.26,0.11383265081311066,14,1,0,16.081289835989825,202110,0.0,-1.0
1800004803,C000060,2021-10-27,2021-12-26,207824.72,Logistics,International,NT60,High,CLEARED,12.244455122846553,60,3,0,4.2,1.0,5,84843.814,10,4,2,0,5.333333333333333,1.1333333333333329,239218.79,2.4494976145226097,424219.07,0.18170175169817382,60,1,0,16.081289835989825,202110,0.0,0.0
1800001862,C000064,2021-10-27,2022-01-25,83542.02,Construction,West,NT90,Medium,CLEARED,11.333116987744898,90,0,4,2.0,0.5,2,109892.88500000001,10,4,2,0,2.0,0.0,137881.82,0.760213183956359,219785.77000000002,0.2377547253035974,90,1,0,16.081289835989825,202110,1.0,5.0
1800002828,C000077,2021-10-27,2021-12-11,125399.86,Manufacturing,International,NT45,Medium,CLEARED,11.739270765211668,45,4,0,0.8333333333333334,0.5,6,91067.65999999999,10,4,2,0,2.0,1.1666666666666665,178821.18,1.3769966198758157,546405.96,0.14415925315766884,45,1,0,16.081289835989825,202110,0.0,-4.0
1800004245,C000014,2021-10-27,2021-12-11,192667.68,Manufacturing,South,NT45,Medium,CLEARED,12.168727308758795,45,4,3,0.75,0.5,4,157371.66,10,4,2,0,1.3333333333333333,0.5833333333333333,216925.77,1.2242844740914596,629486.64,0.11894246473127015,45,1,0,16.081289835989825,202110,1.0,2.0
1800001201,C000069,2021-10-27,2021-12-11,26336.26,Retail,South,NT45,High,CLEARED,10.178739945588724,45,5,3,1.3636363636363635,0.6363636363636364,11,149252.41727272727,10,4,2,0,1.0,-0.36363636363636354,243662.1,0.17645449555350282,1641776.59,0.020244811128792433,45,1,0,16.081289835989825,202110,1.0,2.0
1800003038,C000183,2021-10-28,2021-11-11,201575.82,Logistics,International,NT14,High,CLEARED,12.213925828409895,14,3,0,9.333333333333334,0.8333333333333334,6,132930.21166666667,10,4,3,0,7.666666666666667,-1.666666666666667,193368.11,1.5164033628823805,797581.27,0.12041308434344461,14,1,0,16.081289835989825,202110,1.0,14.0
1800003847,C000004,2021-10-28,2022-01-26,176696.34,Manufacturing,West,NT90,High,CLEARED,12.082193604431039,90,4,4,10.666666666666666,1.0,3,225721.77000000002,10,4,3,0,10.666666666666666,0.0,240848.93,0.7828059296185742,677165.31,0.14736139085613886,90,1,0,16.081289835989825,202110,1.0,7.0
1800003785,C000025,2021-10-29,2022-01-27,158788.23,Energy,International,NT90,High,CLEARED,11.975333004336523,90,1,0,13.142857142857142,1.0,7,124789.56142857143,10,4,4,0,9.0,-4.142857142857142,227686.87,1.2724480171435586,873526.9299999999,0.23279171187175168,90,1,0,16.081289835989825,202110,1.0,20.0
1800001481,C000158,2021-10-29,2021-12-13,142154.65,Logistics,International,NT45,High,CLEARED,11.86467786303566,45,3,0,2.0,0.6,5,204992.444,10,4,4,0,2.6666666666666665,0.6666666666666665,246168.57,0.6934628770999969,1024962.22,0.16525648729071543,45,1,0,16.081289835989825,202110,0.0,0.0
1800000886,C000005,2021-10-29,2021-11-12,188849.61,Logistics,Northeast,NT14,High,CLEARED,12.148711558212167,14,3,2,8.909090909090908,0.9090909090909091,11,128363.69363636362,10,4,4,0,9.333333333333334,0.42424242424242564,246455.43,1.4712073534981356,1412000.63,0.2646848650723191,14,1,0,16.081289835989825,202110,1.0,14.0
1800001942,C000147,2021-10-29,2021-12-13,162188.19,Energy,International,NT45,High,CLEARED,11.996518772326592,45,1,0,12.6,0.8,5,151912.054,10,4,4,0,8.333333333333334,-4.266666666666666,208092.46,1.0676452969294985,759560.27,0.16764042491942002,45,1,0,16.081289835989825,202110,1.0,31.0
1800004378,C000125,2021-10-29,2021-11-28,80600.6,Logistics,South,NT30,High,CLEARED,11.297273779414315,30,3,3,2.8,0.8,5,95834.288,10,4,4,0,2.0,-0.7999999999999998,167788.66,0.8410413608957997,479171.44,0.12114588909140343,30,1,0,16.081289835989825,202110,1.0,3.0
1800002649,C000067,2021-10-30,2021-11-13,177578.06,Manufacturing,West,NT14,Medium,CLEARED,12.087171197183412,14,4,4,1.75,0.5,8,118581.78,10,4,5,0,3.3333333333333335,1.5833333333333335,248221.29,1.4975155542445053,948654.24,0.10812477347923019,14,1,0,16.081289835989825,202110,1.0,2.0
1800000415,C000097,2021-10-30,2021-12-29,124554.6,Construction,West,NT60,Medium,CLEARED,11.732507481542278,60,0,4,0.5,0.5,8,91898.69875,10,4,5,0,0.6666666666666666,0.16666666666666663,219740.41,1.3553467208370023,735189.59,0.08401452963968332,60,1,0,16.081289835989825,202110,1.0,5.0
1800002714,C000133,2021-10-30,2021-11-29,129917.93,Construction,Northeast,NT30,High,CLEARED,11.774665919524152,30,0,2,6.25,0.75,4,101184.3725,10,4,5,0,9.666666666666666,3.416666666666666,217498.99,1.283972285344755,404737.49,0.6011858617082974,30,1,0,16.081289835989825,202110,1.0,14.0
1800003467,C000142,2021-10-31,2021-12-15,213603.49,Energy,Northeast,NT45,High,CLEARED,12.271881406446498,45,1,2,14.166666666666666,1.0,6,146125.775,10,4,6,0,16.666666666666668,2.5000000000000018,245566.0,1.461778320765108,876754.6499999999,0.5718212025695982,45,1,0,16.081289835989825,202110,1.0,22.0
1800000958,C000096,2021-10-31,2022-01-29,211827.65,Healthcare,West,NT90,High,CLEARED,12.263532972123214,90,2,4,2.4,0.6,5,91987.3,10,4,6,0,3.6666666666666665,1.2666666666666666,246127.58,2.3027923419863394,459936.5,0.11217627712265457,90,1,0,16.081289835989825,202110,1.0,1.0
1800003148,C000015,2021-10-31,2021-11-14,76158.57,Construction,Northeast,NT14,High,CLEARED,11.240586023440905,14,0,2,3.25,0.75,4,119661.925,10,4,6,0,1.3333333333333333,-1.9166666666666667,234147.69,0.6364478091088708,478647.7,0.11476199541163405,14,1,0,16.081289835989825,202110,0.0,-1.0
1800002347,C000060,2021-11-01,2021-12-31,39272.14,Logistics,International,NT60,High,CLEARED,10.578296103631914,60,3,0,3.5,0.8333333333333334,6,105340.63166666667,11,4,0,0,2.3333333333333335,-1.1666666666666665,239218.79,0.3728109408368683,632043.79,0.03433574519400733,60,0,1,16.184930370376165,202111,1.0,9.0
1800003630,C000019,2021-11-02,2021-11-16,169198.49,Logistics,Northeast,NT14,High,CLEARED,12.03883371196532,14,3,2,10.7,1.0,10,108743.571,11,4,1,0,12.0,1.3000000000000007,247674.67,1.5559401667984583,1087435.71,0.10611017836728291,14,0,0,16.184930370376165,202111,1.0,8.0
1800003538,C000114,2021-11-02,2021-12-02,168445.77,Manufacturing,West,NT30,High,CLEARED,12.034375073821533,30,4,4,14.0,1.0,2,149352.695,11,4,1,0,14.0,0.0,170086.45,1.1278388381274271,298705.39,0.15780850468391527,30,0,0,16.184930370376165,202111,1.0,8.0
1800004602,C000112,2021-11-02,2021-11-16,148540.39,Logistics,International,NT14,High,CLEARED,11.908618918928259,14,3,0,7.142857142857143,0.7142857142857143,7,197157.85,11,4,1,0,0.3333333333333333,-6.80952380952381,242663.76,0.7534084491183081,1380104.95,1.9892463931109636,14,0,0,16.184930370376165,202111,1.0,11.0
1800000708,C000066,2021-11-02,2022-01-01,233822.99,Retail,Northeast,NT60,High,CLEARED,12.362323931823735,60,5,2,30.5,1.0,4,86862.6625,11,4,1,0,35.666666666666664,5.166666666666664,217319.34,2.6918699389395297,347450.65,0.14748700452179836,60,0,0,16.184930370376165,202111,1.0,31.0
1800002251,C000101,2021-11-03,2021-11-17,13094.33,Manufacturing,West,NT14,High,CLEARED,9.480010957082476,14,4,4,12.0,1.0,3,129116.17666666668,11,4,2,0,12.0,0.0,201372.23,0.10141510024576574,387348.53,0.032381922963927244,14,0,0,16.184930370376165,202111,1.0,27.0
1800001732,C000170,2021-11-03,2021-11-17,17880.9,Logistics,Midwest,NT14,High,CLEARED,9.79154430706399,14,3,1,11.166666666666666,1.0,6,132549.105,11,4,2,0,13.666666666666666,2.5,248555.31,0.1349001941582329,795294.63,0.022604912328643513,14,0,0,16.184930370376165,202111,1.0,20.0
1800001060,C000017,2021-11-03,2022-02-01,90619.46,Logistics,Midwest,NT90,High,CLEARED,11.414435294350378,90,3,1,14.0,1.0,5,141128.162,11,4,2,0,20.0,6.0,243868.16,0.6421075617777833,705640.81,0.10234329828553287,90,0,0,16.184930370376165,202111,1.0,35.0
1800001433,C000113,2021-11-03,2022-01-02,21524.53,Healthcare,South,NT60,Medium,CLEARED,9.976994951524741,60,2,3,1.75,0.5,4,115767.2825,11,4,2,0,1.6666666666666667,-0.08333333333333326,240063.73,0.18592930174378067,463069.13,0.016693563603082807,60,0,0,16.184930370376165,202111,1.0,1.0
1800003698,C000154,2021-11-03,2022-01-02,23542.72,Manufacturing,South,NT60,High,CLEARED,10.06661439721602,60,4,3,10.714285714285714,1.0,7,149116.15857142856,11,4,2,0,9.666666666666666,-1.0476190476190474,240470.24,0.15788174954039427,1043813.11,0.02100194089394951,60,0,0,16.184930370376165,202111,1.0,13.0
1800001429,C000177,2021-11-04,2022-02-02,157514.1,Manufacturing,Northeast,NT90,High,CLEARED,11.967276605668173,90,4,2,4.666666666666667,1.0,3,66552.97333333333,11,4,3,0,4.666666666666667,0.0,119022.93,2.3667477516156055,199658.91999999998,0.12173459468555264,90,0,0,16.184930370376165,202111,1.0,5.0
1800003163,C000153,2021-11-04,2022-01-03,59015.54,Manufacturing,South,NT60,High,CLEARED,10.985573022583276,60,4,3,1.3,0.7,10,143823.288,11,4,3,0,2.6666666666666665,1.3666666666666665,230985.56,0.4103336867114316,1438232.8800000001,0.07811767446678043,60,0,0,16.184930370376165,202111,1.0,3.0
1800000389,C000119,2021-11-04,2021-12-19,158302.23,Logistics,International,NT45,High,CLEARED,11.97226764995658,45,3,0,4.428571428571429,1.0,7,105302.54857142856,11,4,3,0,4.0,-0.4285714285714288,208866.21,1.5033086297300853,737117.84,0.13962187084497385,45,0,0,16.184930370376165,202111,1.0,3.0
1800003520,C000196,2021-11-05,2021-11-19,200091.52,Healthcare,Midwest,NT14,High,CLEARED,12.206535138563781,14,2,1,2.5,0.75,4,129726.9075,11,4,4,0,2.3333333333333335,-0.16666666666666652,150926.87,1.5424056878870716,518907.63,0.8353700917317818,14,0,0,16.184930370376165,202111,1.0,3.0
1800003666,C000152,2021-11-05,2021-11-19,82141.56,Construction,West,NT14,High,CLEARED,11.316211553326328,14,0,4,1.6666666666666667,0.6666666666666666,6,154870.04833333334,11,4,4,0,-1.0,-2.666666666666667,241179.08,0.5303902264122967,929220.29,0.061647577907485734,14,0,0,16.184930370376165,202111,1.0,5.0
1800004714,C000081,2021-11-05,2021-12-05,35999.48,Retail,South,NT30,Medium,CLEARED,10.491287550682692,30,5,3,1.5,0.5,8,154600.57374999998,11,4,4,0,1.3333333333333333,-0.16666666666666674,245372.05,0.23285476325730653,1236804.5899999999,0.026775067987714056,30,0,0,16.184930370376165,202111,1.0,1.0
1800000690,C000186,2021-11-05,2021-11-19,120290.74,Retail,International,NT14,High,CLEARED,11.697675237926314,14,5,0,15.571428571428571,1.0,7,150233.09857142856,11,4,4,0,16.333333333333332,0.761904761904761,245546.85,0.8006939958228152,1051631.69,0.39278221648230605,14,0,0,16.184930370376165,202111,1.0,22.0
1800003597,C000069,2021-11-06,2021-12-21,115382.73,Retail,South,NT45,High,CLEARED,11.656018635248127,45,5,3,1.4166666666666667,0.6666666666666666,12,139009.40416666667,11,4,5,0,0.6666666666666666,-0.7500000000000001,243662.1,0.8300354259605397,1668112.85,0.08869526562900171,45,0,0,16.184930370376165,202111,0.0,0.0
1800000697,C000123,2021-11-07,2022-02-05,147120.79,Healthcare,Midwest,NT90,High,CLEARED,11.89901602614274,90,2,1,0.6666666666666666,0.6666666666666666,3,69974.63666666666,11,4,6,0,0.6666666666666666,0.0,122170.95,2.1024873726866087,209923.90999999997,0.13555799529561366,90,0,0,16.184930370376165,202111,0.0,0.0
1800004558,C000025,2021-11-08,2022-02-06,215058.41,Energy,International,NT90,High,CLEARED,12.278669594520313,90,1,0,14.0,1.0,8,129039.39499999999,11,4,0,0,14.0,0.0,227686.87,1.666610495190248,1032315.1599999999,0.31528668980261976,90,0,1,16.184930370376165,202111,1.0,18.0
1800001018,C000001,2021-11-08,2021-11-22,232262.82,Manufacturing,Midwest,NT14,High,CLEARED,12.355629159749661,14,4,1,14.0,1.0,2,188437.715,11,4,0,0,14.0,0.0,217006.94,1.2325707727882393,376875.43,0.7210914931237281,14,0,1,16.184930370376165,202111,1.0,5.0
1800002522,C000149,2021-11-08,2021-11-22,166006.94,Retail,West,NT14,Medium,CLEARED,12.0197908975201,14,5,4,1.75,0.5,4,104835.875,11,4,0,0,1.0,-0.75,190209.41,1.583493627539237,419343.5,0.2371692479150373,14,0,1,16.184930370376165,202111,1.0,4.0
1800004340,C000163,2021-11-08,2022-02-06,139397.65,Retail,West,NT90,Medium,CLEARED,11.845093092900118,90,5,4,0.2,0.4,5,73432.406,11,4,0,0,-1.0,-1.2,128435.09,1.898312442601976,367162.03,0.12377271160997662,90,0,1,16.184930370376165,202111,1.0,4.0
1800000481,C000136,2021-11-09,2022-01-08,159787.31,Construction,Midwest,NT60,High,CLEARED,11.981605155696004,60,0,1,13.75,0.875,8,119534.75625,11,4,1,0,20.0,6.25,218655.12,1.3367435130399572,956278.05,0.9542441227957703,60,0,0,16.184930370376165,202111,1.0,15.0
1800002675,C000161,2021-11-09,2022-01-08,112202.12,Construction,Midwest,NT60,Medium,CLEARED,11.628066079170743,60,0,1,1.4,0.5,10,108977.867,11,4,1,0,2.3333333333333335,0.9333333333333336,213210.53,1.0295863104019094,1089778.67,0.06799833949010706,60,0,0,16.184930370376165,202111,0.0,0.0
1800000991,C000130,2021-11-09,2022-01-08,57238.46,Energy,South,NT60,High,CLEARED,10.954998799663622,60,1,3,2.2,0.6,5,97740.536,11,4,1,0,3.6666666666666665,1.4666666666666663,133653.65,0.5856163915450597,488702.68,0.09469327990000492,60,0,0,16.184930370376165,202111,1.0,3.0
1800004028,C000092,2021-11-09,2021-12-24,45673.8,Retail,Northeast,NT45,High,CLEARED,10.729302002473622,45,5,2,2.2,0.6,5,144415.994,11,4,1,0,2.3333333333333335,0.1333333333333333,244604.99,0.3162655238865025,722079.97,0.06782227071928659,45,0,0,16.184930370376165,202111,1.0,1.0
1800002225,C000031,2021-11-10,2022-02-08,73703.91,Energy,West,NT90,Medium,CLEARED,11.207824697396582,90,1,4,0.5,0.5,2,126894.795,11,4,2,0,0.5,0.0,159282.03,0.5808268968006135,253789.59,0.1509831585685024,90,0,0,16.184930370376165,202111,1.0,2.0
1800003441,C000165,2021-11-10,2022-01-09,105475.84,Retail,South,NT60,High,CLEARED,11.566246681732533,60,5,3,3.0,0.6,5,48516.373999999996,11,4,2,0,2.3333333333333335,-0.6666666666666665,86619.06,2.174025618649902,242581.87,0.10848034527154783,60,0,0,16.184930370376165,202111,1.0,1.0
1800003858,C000051,2021-11-10,2022-01-09,159718.61,Energy,Midwest,NT60,High,CLEARED,11.981175119401074,60,1,1,17.2,1.0,5,143844.30800000002,11,4,2,0,19.666666666666668,2.4666666666666686,240179.13,1.110357526277647,719221.54,0.1692549824021291,60,0,0,16.184930370376165,202111,1.0,7.0
1800001941,C000058,2021-11-11,2022-01-10,94183.21,Energy,Midwest,NT60,High,CLEARED,11.453007824433625,60,1,1,0.5714285714285714,0.5714285714285714,7,168960.32,11,4,3,0,0.0,-0.5714285714285714,242563.82,0.5574279807235214,1182722.24,0.07318869192898061,60,0,0,16.184930370376165,202111,0.0,-2.0
1800000575,C000137,2021-11-11,2021-11-25,126855.67,Logistics,Northeast,NT14,High,CLEARED,11.75081314543457,14,3,2,18.0,1.0,3,118339.85000000002,11,4,3,0,18.0,0.0,215412.97,1.0719607131494588,355019.55000000005,0.22410289270779346,14,0,0,16.184930370376165,202111,1.0,15.0
1800004455,C000136,2021-11-11,2022-01-10,230104.42,Construction,Midwest,NT60,High,CLEARED,12.34629283072214,60,0,1,13.88888888888889,0.8888888888888888,9,124007.26222222221,11,4,3,0,18.666666666666668,4.777777777777779,218655.12,1.8555721324421361,1116065.3599999999,1.3741753986241432,60,0,0,16.184930370376165,202111,1.0,13.0
1800003190,C000099,2021-11-11,2021-12-26,76891.06,Logistics,West,NT45,High,CLEARED,11.250157899187695,45,3,4,1.2222222222222223,0.5555555555555556,9,131917.6977777778,11,4,3,0,-0.3333333333333333,-1.5555555555555556,245026.79,0.5828714516343894,1187259.28,0.045524982551069515,45,0,0,16.184930370376165,202111,1.0,5.0
1800002795,C000164,2021-11-12,2022-01-11,44525.29,Manufacturing,Midwest,NT60,High,CLEARED,10.703835080225534,60,4,1,5.333333333333333,1.0,3,203730.07666666666,11,4,4,0,5.333333333333333,0.0,217659.4,0.21855040123923447,611190.23,0.08634440642471115,60,0,0,16.184930370376165,202111,1.0,6.0
1800000229,C000019,2021-11-12,2021-11-26,26771.97,Logistics,Northeast,NT14,High,CLEARED,10.195148075448232,14,3,2,10.454545454545455,1.0,11,114239.47272727272,11,4,4,0,13.333333333333334,2.878787878787879,247674.67,0.23434955852705588,1256634.2,0.016789620947229182,14,0,0,16.184930370376165,202111,1.0,12.0
1800000946,C000010,2021-11-12,2021-12-27,241660.56,Manufacturing,South,NT45,High,CLEARED,12.395293513910955,45,4,3,11.0,0.8,10,128921.4,11,4,4,0,17.333333333333332,6.333333333333332,233029.3,1.8744797993195854,1289214.0,0.30541767950994364,45,0,0,16.184930370376165,202111,1.0,5.0
1800001613,C000065,2021-11-12,2021-12-12,171120.02,Healthcare,Northeast,NT30,High,CLEARED,12.050126304467835,30,2,2,29.0,0.8,5,131112.49599999998,11,4,4,0,24.333333333333332,-4.666666666666668,199356.63,1.3051389091090144,655562.48,0.42806406921629087,30,0,0,16.184930370376165,202111,1.0,25.0
1800001621,C000029,2021-11-13,2021-12-28,74481.19,Construction,International,NT45,High,CLEARED,11.218315315385473,45,0,0,2.4,0.6,5,71334.144,11,4,5,0,1.3333333333333333,-1.0666666666666667,119564.47,1.044116965923079,356670.72,0.03858114171595081,45,0,0,16.184930370376165,202111,0.0,0.0
1800004446,C000030,2021-11-13,2021-12-13,11586.72,Healthcare,Midwest,NT30,High,CLEARED,9.357701195670147,30,2,1,35.8,1.0,5,190807.556,11,4,5,0,38.0,2.200000000000003,245918.44,0.060724639227599554,954037.78,0.008796061947302048,30,0,0,16.184930370376165,202111,1.0,34.0
1800001778,C000074,2021-11-14,2022-02-12,74342.81,Retail,Northeast,NT90,High,CLEARED,11.216455693546834,90,5,2,2.4545454545454546,0.6363636363636364,11,105661.80363636365,11,4,6,0,3.0,0.5454545454545454,241463.48,0.7035920970633026,1162279.84,0.3987301509319469,90,0,0,16.184930370376165,202111,1.0,6.0
1800002618,C000189,2021-11-14,2022-01-13,24978.35,Logistics,Midwest,NT60,Medium,CLEARED,10.125804762524368,60,3,1,1.0,0.4,5,108610.448,11,4,6,0,1.3333333333333333,0.33333333333333326,173237.64,0.22998109721451473,543052.24,0.015435375713241951,60,0,0,16.184930370376165,202111,0.0,0.0
1800004975,C000167,2021-11-14,2021-11-28,31029.89,Construction,Northeast,NT14,High,CLEARED,10.34273843895183,14,0,2,2.3333333333333335,0.6666666666666666,6,156961.35333333333,11,4,6,0,3.3333333333333335,1.0,233711.12,0.19769127457829003,941768.12,0.04449433556995474,14,0,0,16.184930370376165,202111,0.0,0.0
1800004389,C000076,2021-11-15,2021-12-30,128952.76,Retail,International,NT45,High,CLEARED,11.767209169472988,45,5,0,10.75,1.0,4,152519.0025,11,4,0,0,13.666666666666666,2.916666666666666,245278.82,0.8454865156884304,610076.01,0.15236048482419848,45,0,1,16.184930370376165,202111,1.0,8.0
1800003413,C000184,2021-11-15,2021-12-15,34691.36,Retail,International,NT30,High,CLEARED,10.454274768782675,30,5,0,38.6,1.0,5,137209.178,11,4,0,0,42.333333333333336,3.7333333333333343,205830.12,0.25283556468795404,686045.89,0.026863271987376598,30,0,1,16.184930370376165,202111,1.0,38.0
1800001978,C000117,2021-11-15,2022-01-14,219247.2,Construction,International,NT60,High,CLEARED,12.297959700394571,60,0,0,5.0,1.0,3,180545.30666666664,11,4,0,0,5.0,0.0,249320.04,1.2143611154887957,541635.9199999999,0.2778695853995963,60,0,1,16.184930370376165,202111,1.0,4.0
1800003591,C000082,2021-11-15,2021-11-29,218077.95,Logistics,Northeast,NT14,High,CLEARED,12.292612432171886,14,3,2,11.0,1.0,3,88399.21666666667,11,4,0,0,11.0,0.0,154873.23,2.466966996125343,265197.65,0.4468359036679287,14,0,1,16.184930370376165,202111,1.0,9.0
1800003564,C000117,2021-11-16,2022-01-15,98002.0,Construction,International,NT60,High,CLEARED,11.492753369429062,60,0,0,4.75,1.0,4,190220.78,11,4,1,0,5.666666666666667,0.916666666666667,249320.04,0.5152013360475128,760883.12,0.12420580563095553,60,0,0,16.184930370376165,202111,1.0,1.0
1800004078,C000132,2021-11-16,2021-11-30,148583.96,Healthcare,West,NT14,Medium,CLEARED,11.908912194838068,14,2,4,1.8333333333333333,0.5,6,167038.08,11,4,1,0,2.3333333333333335,0.5000000000000002,249747.76,0.8895214791740902,1002228.48,0.12643385383924655,14,0,0,16.184930370376165,202111,1.0,1.0
1800002860,C000169,2021-11-16,2021-12-16,72344.37,Healthcare,South,NT30,High,CLEARED,11.189206735540576,30,2,3,4.0,1.0,2,136119.665,11,4,1,0,4.0,0.0,207611.44,0.5314762565717451,272239.33,0.10186558635402382,30,0,0,16.184930370376165,202111,0.0,0.0
1800003078,C000184,2021-11-16,2021-12-16,17603.28,Retail,International,NT30,High,CLEARED,9.77589733328052,30,5,0,38.5,1.0,6,120122.875,11,4,1,0,36.666666666666664,-1.8333333333333357,205830.12,0.14654394510620894,720737.25,0.013631108682679107,30,0,0,16.184930370376165,202111,1.0,8.0
1800001402,C000044,2021-11-16,2022-02-14,127871.12,Manufacturing,West,NT90,High,CLEARED,11.758785981006168,90,4,4,19.0,0.6666666666666666,3,170800.50333333333,11,4,1,0,19.0,0.0,213705.7,0.7486577469297465,512401.51,0.20342846910273638,90,0,0,16.184930370376165,202111,1.0,8.0
1800004485,C000010,2021-11-17,2022-01-01,95524.15,Manufacturing,South,NT45,High,CLEARED,11.46714484258343,45,4,3,11.75,0.8333333333333334,12,132028.31999999998,11,4,2,0,14.333333333333334,2.583333333333334,241660.56,0.7235125766956666,1584339.8399999999,0.12072621295820792,45,0,0,16.184930370376165,202111,1.0,14.0
1800002440,C000111,2021-11-17,2021-12-01,36874.81,Energy,International,NT14,High,CLEARED,10.515311059502565,14,1,0,10.833333333333334,1.0,6,140009.48666666666,11,4,2,0,13.0,2.166666666666666,244079.76,0.2633736532995883,840056.92,0.033865730462130324,14,0,0,16.184930370376165,202111,1.0,13.0
1800002578,C000010,2021-11-17,2022-01-01,53465.28,Manufacturing,South,NT45,High,CLEARED,10.88680645380009,45,4,3,10.454545454545455,0.8181818181818182,11,139170.41454545455,11,4,2,0,11.333333333333334,0.8787878787878789,241660.56,0.384171306628807,1530874.56,0.0675709836638192,45,0,0,16.184930370376165,202111,1.0,26.0
1800003912,C000093,2021-11-17,2021-12-17,123438.72,Manufacturing,Northeast,NT30,High,CLEARED,11.72350821872598,30,4,2,1.6666666666666667,0.8333333333333334,6,136277.35833333334,11,4,2,0,1.6666666666666667,0.0,221717.28,0.9057903786047119,817664.15,0.08796930774328286,30,0,0,16.184930370376165,202111,1.0,1.0
1800001401,C000030,2021-11-18,2021-12-18,76110.68,Healthcare,Midwest,NT30,High,CLEARED,11.239957014332765,30,2,1,35.5,1.0,6,160937.41666666666,11,4,3,0,34.666666666666664,-0.8333333333333357,245918.44,0.4729209749752621,965624.5,0.057779445445413635,30,0,0,16.184930370376165,202111,1.0,27.0
1800002016,C000093,2021-11-18,2021-12-18,158127.16,Manufacturing,Northeast,NT30,High,CLEARED,11.971161122453964,30,4,2,1.5714285714285714,0.8571428571428571,7,134443.26714285713,11,4,3,0,1.6666666666666667,0.09523809523809534,221717.28,1.1761627291605221,941102.87,0.11269022232741338,30,0,0,16.184930370376165,202111,1.0,5.0
1800004816,C000156,2021-11-19,2021-12-19,219221.11,Retail,Northeast,NT30,High,CLEARED,12.297840695757607,30,5,2,13.5,1.0,6,91733.15666666666,11,4,4,0,15.666666666666666,2.166666666666666,244580.13,2.3897696096580416,550398.94,2.85946011235083,30,0,0,16.184930370376165,202111,1.0,17.0
1800004300,C000097,2021-11-19,2022-01-18,233980.6,Construction,West,NT60,High,CLEARED,12.362997758769511,60,0,4,1.0,0.5555555555555556,9,95527.13222222222,11,4,4,0,2.3333333333333335,1.3333333333333335,219740.41,2.4493627575430317,859744.19,0.15782452076286937,60,0,0,16.184930370376165,202111,1.0,4.0
1800003360,C000194,2021-11-19,2022-02-17,49121.7,Construction,Midwest,NT90,High,CLEARED,10.80207652873708,90,0,1,7.666666666666667,0.8888888888888888,9,147942.82222222222,11,4,4,0,9.333333333333334,1.666666666666667,219422.45,0.3320316542712372,1331485.4,0.03741402365261355,90,0,0,16.184930370376165,202111,1.0,7.0
1800003612,C000054,2021-11-19,2022-02-17,80468.3,Construction,Midwest,NT90,High,CLEARED,11.295631024208346,90,0,1,1.5714285714285714,0.5714285714285714,7,132952.16,11,4,4,0,1.6666666666666667,0.09523809523809534,212118.91,0.6052425173084814,930665.12,0.0744088626369229,90,0,0,16.184930370376165,202111,1.0,5.0
1800003450,C000166,2021-11-19,2022-01-18,213997.35,Logistics,West,NT60,High,CLEARED,12.27372358369389,60,3,4,29.6,1.0,5,118297.21399999999,11,4,4,0,28.0,-1.6000000000000014,236797.87,1.8089804718477986,591486.07,0.10903793684176478,60,0,0,16.184930370376165,202111,1.0,25.0
1800001000,C000114,2021-11-20,2021-12-20,3353.09,Manufacturing,West,NT30,High,CLEARED,8.117935775654624,30,4,4,12.0,1.0,3,155717.05333333334,11,4,5,0,12.0,0.0,170086.45,0.021533222779538855,467151.16000000003,0.0031413440596970137,30,0,0,16.184930370376165,202111,1.0,4.0
1800002665,C000027,2021-11-21,2021-12-05,196163.32,Logistics,South,NT14,High,CLEARED,12.186707954325984,14,3,3,10.3,1.0,10,143242.09399999998,11,4,6,0,11.333333333333334,1.0333333333333332,248894.88,1.369453032430537,1432420.94,0.11952102176265737,14,0,0,16.184930370376165,202111,1.0,7.0
1800003023,C000028,2021-11-22,2022-02-20,23280.5,Manufacturing,Northeast,NT90,High,CLEARED,10.05541433275935,90,4,2,25.875,1.0,8,72677.46125,11,4,0,0,28.0,2.125,154383.21,0.32032626896416255,581419.69,0.023833420092763246,90,0,1,16.184930370376165,202111,1.0,16.0
1800001506,C000127,2021-11-22,2022-02-20,18162.68,Retail,International,NT90,High,CLEARED,9.807179274797736,90,5,0,15.142857142857142,1.0,7,149835.9642857143,11,4,0,0,15.333333333333334,0.19047619047619158,244835.16,0.12121709288276442,1048851.75,0.010852297638830522,90,0,1,16.184930370376165,202111,1.0,3.0
1800000839,C000082,2021-11-23,2021-12-07,168701.46,Logistics,Northeast,NT14,High,CLEARED,12.035891850526141,14,3,2,10.5,1.0,4,120818.9,11,4,1,0,13.333333333333334,2.833333333333334,218077.95,1.3963168014275913,483275.6,0.34566479247076065,14,0,0,16.184930370376165,202111,1.0,22.0
1800004163,C000170,2021-11-23,2021-12-07,107049.66,Logistics,Midwest,NT14,High,CLEARED,11.581057459342121,14,3,1,12.428571428571429,1.0,7,116167.93285714286,11,4,1,0,18.0,5.571428571428571,248555.31,0.9215078323864467,813175.53,0.1353314530650636,14,0,0,16.184930370376165,202111,1.0,3.0
1800000877,C000016,2021-11-23,2022-01-22,156872.29,Manufacturing,West,NT60,High,CLEARED,11.96319368841037,60,4,4,14.25,1.0,4,182309.69,11,4,1,0,9.0,-5.25,224363.65,0.8604714867322741,729238.76,0.4867590863472632,60,0,0,16.184930370376165,202111,1.0,15.0
1800000208,C000022,2021-11-23,2022-01-07,69393.74,Energy,Midwest,NT45,High,CLEARED,11.147566351115294,45,1,1,23.333333333333332,1.0,3,147054.62666666668,11,4,1,0,23.333333333333332,0.0,221715.83,0.4718908991370735,441163.88,0.07729376230741314,45,0,0,16.184930370376165,202111,1.0,29.0
1800003016,C000148,2021-11-23,2022-01-07,30792.75,Construction,Northeast,NT45,High,CLEARED,10.335067026292274,45,0,2,11.2,0.9,10,120982.38,11,4,1,0,14.666666666666666,3.466666666666667,248646.7,0.25452260072913097,1209823.8,0.023910566781241812,45,0,0,16.184930370376165,202111,1.0,24.0
1800003164,C000044,2021-11-23,2022-02-21,23884.38,Manufacturing,West,NT90,High,CLEARED,10.08102183526418,90,4,4,16.25,0.75,4,160068.1575,11,4,1,0,11.0,-5.25,213705.7,0.1492138122474484,640272.63,0.03799734341005236,90,0,0,16.184930370376165,202111,1.0,29.0
1800004104,C000038,2021-11-24,2022-01-23,43629.13,Energy,Midwest,NT60,Medium,CLEARED,10.683503245714409,60,1,1,1.0,0.5,2,229079.485,11,4,2,0,1.0,0.0,243122.55,0.19045411246668378,458158.97,0.10299590198919434,60,0,0,16.184930370376165,202111,0.0,0.0
1800000717,C000037,2021-11-24,2022-01-23,143959.2,Logistics,South,NT60,High,CLEARED,11.8772921514668,60,3,3,2.8,1.0,5,141502.354,11,4,2,0,3.0,0.20000000000000018,201308.93,1.0173625804133266,707511.77,0.07310831340194761,60,0,0,16.184930370376165,202111,1.0,6.0
1800001218,C000035,2021-11-24,2022-02-22,154006.64,Healthcare,International,NT90,Medium,CLEARED,11.944757490554823,90,2,0,0.6666666666666666,0.4444444444444444,9,68605.61555555556,11,4,2,0,1.0,0.33333333333333337,213894.73,2.24481099328215,617450.54,0.09747207083549483,90,0,0,16.184930370376165,202111,1.0,2.0
1800000165,C000136,2021-11-24,2022-01-23,215665.39,Construction,Midwest,NT60,High,CLEARED,12.28148800197021,60,0,1,13.8,0.9,10,134616.978,11,4,2,0,20.0,6.199999999999999,230104.42,1.6020667913077058,1346169.78,1.2879460258637419,60,0,0,16.184930370376165,202111,1.0,11.0
1800000419,C000131,2021-11-24,2022-01-08,200485.87,Energy,Northeast,NT45,High,CLEARED,12.208504037300152,45,1,2,3.3,0.7,10,159620.65,11,4,2,0,2.3333333333333335,-0.9666666666666663,249492.9,1.2560146196623057,1596206.5,0.1063543759748722,45,0,0,16.184930370376165,202111,0.0,0.0
1800003291,C000144,2021-11-24,2022-01-23,59814.99,Construction,Midwest,NT60,Medium,CLEARED,10.999028295500388,60,0,1,1.6,0.4,5,160688.444,11,4,2,0,2.0,0.3999999999999999,198075.09,0.3722420138687758,803442.22,0.05905316402788869,60,0,0,16.184930370376165,202111,1.0,2.0
1800004109,C000082,2021-11-24,2021-12-08,43313.94,Logistics,Northeast,NT14,High,CLEARED,10.67625288912185,14,3,2,12.8,1.0,5,130395.41200000001,11,4,2,0,14.666666666666666,1.8666666666666654,218077.95,0.3321738037838325,651977.06,0.08874910792823594,14,0,0,16.184930370376165,202111,0.0,0.0
1800000181,C000109,2021-11-25,2022-02-23,85538.81,Healthcare,West,NT90,High,CLEARED,11.35673716059536,90,2,4,28.0,1.0,4,111083.57,11,4,3,0,29.0,1.0,158513.24,0.7700401598544231,444334.28,0.19585613573673877,90,1,0,16.184930370376165,202111,1.0,50.0
1800000411,C000101,2021-11-25,2021-12-09,186083.62,Manufacturing,West,NT14,High,CLEARED,12.133956795475235,14,4,4,15.75,1.0,4,100110.715,11,4,3,0,19.0,3.25,201372.23,1.8587782536564643,400442.86,0.4601797455607664,14,1,0,16.184930370376165,202111,1.0,9.0
1800001136,C000044,2021-11-25,2022-02-23,127146.55,Manufacturing,West,NT90,High,CLEARED,11.753103502084208,90,4,4,18.8,0.8,5,132831.402,11,4,3,0,11.333333333333334,-7.466666666666667,213705.7,0.9572024994511463,664157.01,0.20227576029829508,90,1,0,16.184930370376165,202111,1.0,43.0
1800001692,C000170,2021-11-26,2021-12-10,76139.52,Logistics,Midwest,NT14,High,CLEARED,11.240335859437728,14,3,1,11.25,1.0,8,115028.14875,11,4,4,0,10.666666666666666,-0.5833333333333339,248555.31,0.6619207631123422,920225.19,0.09625506402613958,14,1,0,16.184930370376165,202111,1.0,6.0
1800001769,C000172,2021-11-27,2022-01-11,180787.49,Logistics,Northeast,NT45,High,CLEARED,12.105083063409309,45,3,2,14.666666666666666,1.0,6,108711.66666666667,11,4,5,0,14.333333333333334,-0.33333333333333215,171326.36,1.662999892682478,652270.0,0.20171673714391086,45,1,0,16.184930370376165,202111,1.0,13.0
1800002893,C000003,2021-11-27,2021-12-27,21729.55,Construction,International,NT30,High,CLEARED,9.986474383560632,30,0,0,2.8333333333333335,0.6666666666666666,6,111408.27999999998,11,4,5,0,3.6666666666666665,0.833333333333333,158187.08,0.19504430011844723,668449.6799999999,0.018987260420353095,30,1,0,16.184930370376165,202111,1.0,7.0
1800001830,C000178,2021-11-27,2021-12-11,65213.7,Retail,West,NT14,Medium,CLEARED,11.08544018262513,14,5,4,1.3333333333333333,0.3333333333333333,6,101908.43000000001,11,4,5,0,1.0,-0.33333333333333326,182230.15,0.6399244890731807,611450.5800000001,0.058442212932718805,14,1,0,16.184930370376165,202111,1.0,8.0
1800003461,C000125,2021-11-27,2021-12-27,137288.06,Logistics,South,NT30,High,CLEARED,11.829843909047613,30,3,3,2.8333333333333335,0.8333333333333334,6,93295.34000000001,11,4,5,0,3.0,0.16666666666666652,167788.66,1.4715425229170072,559772.04,0.20634938313528609,30,1,0,16.184930370376165,202111,0.0,0.0
1800004461,C000148,2021-11-27,2022-01-11,211619.52,Construction,Northeast,NT45,High,CLEARED,12.262549949689799,45,0,2,12.363636363636363,0.9090909090909091,11,112783.32272727274,11,4,5,0,19.0,6.636363636363637,248646.7,1.8763369874438638,1240616.55,0.16432253258232335,45,1,0,16.184930370376165,202111,1.0,21.0
1800004706,C000038,2021-11-27,2022-01-26,150798.34,Energy,Midwest,NT60,Medium,CLEARED,11.92370535788859,60,1,1,0.6666666666666666,0.3333333333333333,3,167262.69999999998,11,4,5,0,0.6666666666666666,0.0,243122.55,0.901565860170857,501788.1,0.3559917662069632,60,1,0,16.184930370376165,202111,1.0,3.0
1800003110,C000060,2021-11-28,2022-01-27,25182.69,Logistics,International,NT60,High,CLEARED,10.133951841738574,60,3,0,4.285714285714286,0.8571428571428571,7,95902.27571428572,11,4,6,0,3.6666666666666665,-0.6190476190476191,239218.79,0.2625869908971175,671315.93,0.022017298449732468,60,1,0,16.184930370376165,202111,1.0,3.0
1800000066,C000036,2021-11-28,2021-12-28,25695.44,Energy,South,NT30,High,CLEARED,10.154107739887557,30,1,3,10.75,1.0,4,211421.29249999998,11,4,6,0,12.666666666666666,1.916666666666666,248636.81,0.12153667067379224,845685.1699999999,0.028853456271019807,30,1,0,16.184930370376165,202111,1.0,5.0
1800003358,C000035,2021-11-28,2022-02-26,123369.95,Healthcare,International,NT90,Medium,CLEARED,11.722950949449253,90,2,0,0.8,0.5,10,77145.71800000001,11,4,6,0,1.6666666666666667,0.8666666666666667,213894.73,1.5991807866769738,771457.18,0.07808185741453391,90,1,0,16.184930370376165,202111,1.0,2.0
1800001946,C000169,2021-11-28,2021-12-28,16895.43,Healthcare,South,NT30,High,CLEARED,9.734857635992753,30,2,3,2.6666666666666665,0.6666666666666666,3,114861.23333333334,11,4,6,0,2.6666666666666665,0.0,207611.44,0.1470942763688474,344583.7,0.023789866214238436,30,1,0,16.184930370376165,202111,0.0,0.0
1800002696,C000199,2021-11-29,2021-12-13,236483.25,Construction,West,NT14,High,CLEARED,12.373636888501997,14,0,4,25.6,1.0,5,119656.14199999999,11,4,0,0,29.666666666666668,4.066666666666666,197000.25,1.976356967952385,598280.71,0.12571183187030543,14,1,1,16.184930370376165,202111,1.0,35.0
1800004096,C000124,2021-11-29,2022-02-27,158373.26,Retail,Midwest,NT90,High,CLEARED,11.972716245157907,90,5,1,1.4,0.6,5,184944.642,11,4,0,0,1.6666666666666667,0.26666666666666683,213277.73,0.856327916761168,924723.21,0.16941881439309486,90,1,1,16.184930370376165,202111,0.0,0.0
1800003492,C000131,2021-11-29,2022-01-13,132236.13,Energy,Northeast,NT45,High,CLEARED,11.792352029295087,45,1,2,3.0,0.6363636363636364,11,163335.67,11,4,0,0,1.6666666666666667,-1.3333333333333333,249492.9,0.8095973769844639,1796692.37,0.07014903886983197,45,1,1,16.184930370376165,202111,0.0,-1.0
1800000732,C000089,2021-11-29,2022-01-28,142422.51,Logistics,International,NT60,High,CLEARED,11.866560362647393,60,3,0,14.125,0.875,8,142101.2875,11,4,0,0,7.0,-7.125,216198.26,1.0022605178718034,1136810.3,0.16145032160718165,60,1,1,16.184930370376165,202111,0.0,-3.0
1800001918,C000156,2021-11-30,2021-12-30,102967.29,Retail,Northeast,NT30,High,CLEARED,11.54217635573423,30,5,2,14.0,1.0,7,109945.72142857143,11,4,1,0,13.666666666666666,-0.3333333333333339,244580.13,0.9365283947579067,769620.05,1.343077127161068,30,1,0,16.184930370376165,202111,1.0,3.0
1800000834,C000181,2021-11-30,2022-01-29,132681.79,Retail,International,NT60,High,CLEARED,11.795716520877287,60,5,0,2.6666666666666665,1.0,6,158309.99333333332,11,4,1,0,3.3333333333333335,0.666666666666667,236792.42,0.8381137994278652,949859.96,0.21163018503706094,60,1,0,16.184930370376165,202111,1.0,5.0
1800001295,C000165,2021-11-30,2022-01-29,24711.07,Retail,South,NT60,High,CLEARED,10.115047067226325,60,5,3,2.6666666666666665,0.6666666666666666,6,58009.618333333325,11,4,1,0,1.0,-1.6666666666666665,105475.84,0.4259822889715617,348057.70999999996,0.025414970913048784,60,1,0,16.184930370376165,202111,0.0,0.0
1800004988,C000053,2021-11-30,2022-01-14,189366.17,Manufacturing,South,NT45,Medium,CLEARED,12.151443107856325,45,4,3,0.0,0.3333333333333333,3,154222.23333333334,11,4,1,0,0.0,0.0,212160.26,1.227878535455437,462666.7,0.31262708625679086,45,1,0,16.184930370376165,202111,0.0,0.0
1800004417,C000029,2021-11-30,2022-01-14,131887.55,Construction,International,NT45,Medium,CLEARED,11.789712526749335,45,0,0,2.0,0.5,6,71858.65166666667,11,4,1,0,0.0,-2.0,119564.47,1.8353746826727495,431151.91000000003,0.06831754778783138,45,1,0,16.184930370376165,202111,1.0,6.0
1800000361,C000054,2021-12-01,2022-03-01,154087.59,Construction,Midwest,NT90,High,CLEARED,11.94528297573757,90,0,1,2.0,0.625,8,126391.6775,12,4,2,1,2.3333333333333335,0.3333333333333335,212118.91,1.219127659730602,1011133.42,0.14248446056850328,90,0,0,15.522237804928723,202112,1.0,3.0
1800002733,C000194,2021-12-01,2022-03-01,200932.62,Construction,Midwest,NT90,High,CLEARED,12.210729883740864,90,0,1,7.6,0.9,10,138060.71000000002,12,4,2,1,11.333333333333334,3.7333333333333343,219422.45,1.4553932107114325,1380607.1,0.1530422969331601,90,0,0,15.522237804928723,202112,1.0,16.0
1800002558,C000156,2021-12-01,2021-12-31,129576.57,Retail,Northeast,NT30,High,CLEARED,11.772034976934146,30,5,2,12.625,1.0,8,109073.4175,12,4,2,1,11.0,-1.625,244580.13,1.1879757045294745,872587.34,1.690161286977496,30,0,0,15.522237804928723,202112,1.0,18.0
1800001280,C000021,2021-12-01,2022-03-01,158559.89,Logistics,South,NT90,Medium,CLEARED,11.973893962565217,90,3,3,0.5,0.5,4,139165.22,12,4,2,1,-0.3333333333333333,-0.8333333333333333,240270.45,1.1393643469251873,556660.88,0.5800068330822139,90,0,0,15.522237804928723,202112,0.0,0.0
1800001678,C000024,2021-12-02,2022-01-16,179517.47,Construction,International,NT45,High,CLEARED,12.098033378552877,45,0,0,29.285714285714285,1.0,7,158722.76,12,4,3,1,30.0,0.7142857142857153,249295.78,1.1310127797676905,1111059.32,0.5158005953224973,45,0,0,15.522237804928723,202112,1.0,34.0
1800004526,C000097,2021-12-03,2022-02-01,70351.06,Construction,West,NT60,High,CLEARED,11.161267344274446,60,0,4,1.3,0.6,10,109372.479,12,4,4,1,1.6666666666666667,0.3666666666666667,233980.6,0.6432245172023576,1093724.79,0.04745317487714737,60,0,0,15.522237804928723,202112,1.0,2.0
1800001740,C000056,2021-12-03,2021-12-17,123777.42,Logistics,South,NT14,Medium,CLEARED,11.726248310629561,14,3,3,2.5,0.5,2,80019.935,12,4,4,1,2.5,0.0,94024.1,1.546832298726561,160039.87,0.35052169578556985,14,0,0,15.522237804928723,202112,1.0,5.0
1800003995,C000197,2021-12-04,2022-01-03,114589.96,Healthcare,West,NT30,High,CLEARED,11.64912419707979,30,2,4,33.0,1.0,6,70924.43,12,4,5,1,26.0,-7.0,244520.22,1.6156627554144605,425546.57999999996,0.0844157190742898,30,0,0,15.522237804928723,202112,0.0,-4.0
1800001026,C000143,2021-12-04,2022-03-04,60877.58,Healthcare,Midwest,NT90,High,CLEARED,11.016636667690616,90,2,1,3.4,0.8,5,128175.56400000001,12,4,5,1,4.666666666666667,1.266666666666667,228688.21,0.4749546489220051,640877.8200000001,0.06315356894506857,90,0,0,15.522237804928723,202112,0.0,-3.0
1800002695,C000155,2021-12-04,2022-02-02,178189.85,Energy,West,NT60,High,CLEARED,12.090610445899207,60,1,4,27.5,0.875,8,81647.57625,12,4,5,1,32.666666666666664,5.166666666666664,249366.55,2.18242669512189,653180.61,0.09149031105802614,60,0,0,15.522237804928723,202112,1.0,28.0
1800004273,C000021,2021-12-04,2022-03-04,2069.28,Logistics,South,NT90,Medium,CLEARED,7.635439142812318,90,3,3,0.4,0.4,5,143044.154,12,4,5,1,-1.6666666666666667,-2.066666666666667,240270.45,0.014466022847742524,715220.77,0.007569357796352934,90,0,0,15.522237804928723,202112,1.0,3.0
1800000042,C000128,2021-12-05,2022-01-19,126455.83,Retail,Northeast,NT45,Medium,CLEARED,11.747656264083487,45,5,2,0.0,0.5,4,165141.7425,12,4,6,1,-0.3333333333333333,-0.3333333333333333,236385.24,0.7657411632313376,660566.97,0.08839133474932356,45,0,0,15.522237804928723,202112,0.0,0.0
1800004194,C000082,2021-12-05,2021-12-19,67572.11,Logistics,Northeast,NT14,High,CLEARED,11.120965401830093,14,3,2,10.666666666666666,0.8333333333333334,6,115881.83333333333,12,4,6,1,10.333333333333334,-0.33333333333333215,218077.95,0.5831121933118651,695291.0,0.13845345132141365,14,0,0,15.522237804928723,202112,1.0,15.0
1800000392,C000018,2021-12-06,2022-01-20,194271.41,Manufacturing,Northeast,NT45,High,CLEARED,12.177016628371025,45,4,2,13.333333333333334,1.0,6,128896.03333333333,12,4,0,1,15.0,1.666666666666666,241978.76,1.5071946356766606,773376.2,0.19190031276353134,45,0,1,15.522237804928723,202112,1.0,5.0
1800004140,C000003,2021-12-06,2022-01-05,140063.25,Construction,International,NT30,High,CLEARED,11.849856524887361,30,0,0,3.4285714285714284,0.7142857142857143,7,98597.03285714285,12,4,0,1,4.0,0.5714285714285716,158187.08,1.4205625254761725,690179.23,0.12238713655234557,30,0,1,15.522237804928723,202112,1.0,5.0
1800004564,C000177,2021-12-06,2022-03-06,96523.84,Manufacturing,Northeast,NT90,High,CLEARED,11.477555663529406,90,4,2,4.75,1.0,4,89293.255,12,4,0,1,4.666666666666667,-0.08333333333333304,157514.1,1.0809757131151732,357173.02,0.0745983409732407,90,0,1,15.522237804928723,202112,0.0,-1.0
1800004838,C000138,2021-12-06,2022-01-05,178677.36,Construction,Northeast,NT30,High,CLEARED,12.093342597004412,30,0,2,4.142857142857143,0.8571428571428571,7,178661.11285714287,12,4,0,1,4.333333333333333,0.1904761904761898,248495.46,1.0000909383278616,1250627.79,0.5029784488509976,30,0,1,15.522237804928723,202112,1.0,4.0
1800001496,C000191,2021-12-07,2022-03-07,105422.96,Energy,Midwest,NT90,High,CLEARED,11.565745213733283,90,1,1,19.571428571428573,1.0,7,147628.76428571428,12,4,1,1,28.666666666666668,9.095238095238095,200312.13,0.7141085310174987,1033401.35,1.3666200941699513,90,0,0,15.522237804928723,202112,1.0,42.0
1800001983,C000049,2021-12-07,2022-02-05,202277.62,Construction,International,NT60,High,CLEARED,12.217401332944032,60,0,0,12.5,1.0,2,129333.59,12,4,1,1,12.5,0.0,239827.83,1.5639991126821733,258667.18,0.30330062981953493,60,0,0,15.522237804928723,202112,1.0,28.0
1800004607,C000183,2021-12-07,2021-12-21,82203.09,Logistics,International,NT14,High,CLEARED,11.316960336497445,14,3,0,10.0,0.8571428571428571,7,142736.72714285713,12,4,1,1,8.0,-2.0,201575.82,0.5759070678265417,999157.09,0.04910473691468435,14,0,0,15.522237804928723,202112,1.0,9.0
1800004989,C000078,2021-12-08,2022-01-07,153853.08,Construction,International,NT30,High,CLEARED,11.943759899735573,30,0,0,17.2,1.0,5,137707.86000000002,12,4,2,1,19.666666666666668,2.4666666666666686,210133.06,1.1172425451967662,688539.3,0.18275667283699126,30,0,0,15.522237804928723,202112,1.0,10.0
1800000933,C000001,2021-12-08,2021-12-22,56097.25,Manufacturing,Midwest,NT14,High,CLEARED,10.934859896728335,14,4,1,11.0,1.0,3,203046.08333333334,12,4,2,1,11.0,0.0,232262.82,0.2762784146291913,609138.25,0.1741615371872048,14,0,0,15.522237804928723,202112,1.0,1.0
1800001211,C000146,2021-12-08,2022-01-07,147164.17,Construction,International,NT30,Medium,CLEARED,11.899310840430903,30,0,0,-0.2,0.4,5,153037.06600000002,12,4,2,1,1.0,1.2,236408.5,0.9616243557622831,765185.3300000001,0.07361277379733225,30,0,0,15.522237804928723,202112,1.0,1.0
1800002162,C000173,2021-12-08,2021-12-22,176437.48,Manufacturing,West,NT14,High,CLEARED,12.080727539355198,14,4,4,2.5,1.0,2,93720.775,12,4,2,1,2.5,0.0,130024.52,1.8825866516788836,187441.55,0.2783106146666994,14,0,0,15.522237804928723,202112,1.0,6.0
1800002127,C000192,2021-12-08,2022-02-06,90024.32,Logistics,Midwest,NT60,High,CLEARED,11.407846243078934,60,3,1,2.6666666666666665,0.7777777777777778,9,148788.84999999998,12,4,2,1,2.3333333333333335,-0.33333333333333304,228572.97,0.6050474884374738,1339099.65,0.06614257935084711,60,0,0,15.522237804928723,202112,1.0,7.0
1800001197,C000168,2021-12-09,2022-02-07,97820.11,Construction,South,NT60,High,CLEARED,11.490895681401692,60,0,3,2.5,0.6666666666666666,6,136327.65,12,4,3,1,5.0,2.5,245921.07,0.7175368313031143,817965.9,1.2238555987139395,60,0,0,15.522237804928723,202112,1.0,2.0
1800001384,C000060,2021-12-09,2022-02-07,38692.16,Logistics,International,NT60,High,CLEARED,10.563418119210732,60,3,0,4.125,0.875,8,87062.3275,12,4,3,1,4.0,-0.125,239218.79,0.44441908585547524,696498.62,0.03382866700836173,60,0,0,15.522237804928723,202112,0.0,0.0
1800000919,C000097,2021-12-09,2022-02-07,51923.77,Construction,West,NT60,High,CLEARED,10.857551219268927,60,0,4,1.3636363636363635,0.6363636363636364,11,105825.07727272729,12,4,3,1,3.6666666666666665,2.3030303030303028,233980.6,0.49065657534257745,1164075.85,0.03502360501875563,60,0,0,15.522237804928723,202112,1.0,4.0
1800000989,C000046,2021-12-09,2022-02-07,141685.54,Construction,International,NT60,Medium,CLEARED,11.861372431752736,60,0,0,0.8571428571428571,0.42857142857142855,7,120543.75857142857,12,4,3,1,1.3333333333333333,0.47619047619047616,235285.11,1.1753867780391452,843806.3099999999,0.8804982848728132,60,0,0,15.522237804928723,202112,0.0,0.0
1800002629,C000092,2021-12-09,2022-01-23,224345.27,Retail,Northeast,NT45,High,CLEARED,12.32094598545803,45,5,2,2.0,0.6666666666666666,6,127958.96166666667,12,4,3,1,1.3333333333333333,-0.6666666666666667,244604.99,1.753259537885434,767753.77,0.33313640722977816,45,0,0,15.522237804928723,202112,0.0,0.0
1800002843,C000048,2021-12-10,2021-12-24,90879.54,Manufacturing,International,NT14,High,CLEARED,11.417301175838734,14,4,0,1.4,0.6,5,158882.822,12,4,4,1,0.3333333333333333,-1.0666666666666667,223638.39,0.5719909733224653,794414.11,0.07514976589795018,14,0,0,15.522237804928723,202112,1.0,3.0
1800003490,C000009,2021-12-10,2022-01-24,173960.24,Manufacturing,International,NT45,High,CLEARED,12.06658779476159,45,4,0,13.714285714285714,1.0,7,134034.4057142857,12,4,4,1,14.333333333333334,0.6190476190476204,206735.83,1.297877504458237,938240.84,0.9371214766549011,45,0,0,15.522237804928723,202112,1.0,11.0
1800002257,C000035,2021-12-10,2022-03-10,182893.17,Healthcare,International,NT90,High,CLEARED,12.116662958529211,90,2,0,0.9090909090909091,0.5454545454545454,11,81347.92090909091,12,4,4,1,0.6666666666666666,-0.24242424242424243,213894.73,2.2482832745582937,894827.13,0.11575459357835609,90,0,0,15.522237804928723,202112,1.0,2.0
1800001460,C000183,2021-12-10,2021-12-24,175673.4,Logistics,International,NT14,High,CLEARED,12.076387560656814,14,3,0,9.875,0.875,8,135170.0225,12,4,4,1,6.0,-3.875,201575.82,1.299647634518963,1081360.18,0.1049400465348457,14,0,0,15.522237804928723,202112,1.0,14.0
1800002296,C000046,2021-12-10,2022-02-08,167893.29,Construction,International,NT60,Medium,CLEARED,12.03108983414904,60,0,0,0.75,0.375,8,123186.48125,12,4,4,1,0.3333333333333333,-0.4166666666666667,235285.11,1.3629197643795838,985491.85,1.0433651442952743,60,0,0,15.522237804928723,202112,0.0,0.0
1800001386,C000030,2021-12-10,2022-01-09,215130.67,Healthcare,Midwest,NT30,High,CLEARED,12.279005538262705,30,2,1,34.285714285714285,1.0,7,148819.3114285714,12,4,4,1,27.333333333333332,-6.9523809523809526,245918.44,1.4455830223569874,1041735.1799999999,0.16331651235937303,30,0,0,15.522237804928723,202112,1.0,36.0
1800000327,C000174,2021-12-10,2022-01-24,59708.74,Retail,South,NT45,High,CLEARED,10.997250435152058,45,5,3,3.25,1.0,4,130616.5875,12,4,4,1,3.6666666666666665,0.4166666666666665,233163.08,0.45712984195058687,522466.35,0.07645751281855627,45,0,0,15.522237804928723,202112,1.0,5.0
1800000216,C000104,2021-12-12,2021-12-26,213968.05,Manufacturing,Midwest,NT14,High,CLEARED,12.273586657376391,14,4,1,6.666666666666667,0.6666666666666666,3,69157.76,12,4,6,1,6.666666666666667,0.0,114655.72,3.0939123823559354,207473.28,1.164098340302826,14,0,0,15.522237804928723,202112,1.0,17.0
1800004413,C000168,2021-12-13,2022-02-11,47915.78,Construction,South,NT60,High,CLEARED,10.77722103520608,60,0,3,2.4285714285714284,0.7142857142857143,7,130826.57285714286,12,4,0,1,4.0,1.5714285714285716,245921.07,0.36625418639011526,915786.01,0.5994881381726662,60,0,1,15.522237804928723,202112,1.0,3.0
1800001282,C000136,2021-12-13,2022-02-11,35669.51,Construction,Midwest,NT60,High,CLEARED,10.48207957597991,60,0,1,13.545454545454545,0.9090909090909091,11,141985.01545454544,12,4,0,1,13.0,-0.545454545454545,230104.42,0.25122024240240415,1561835.17,0.2130170429710905,60,0,1,15.522237804928723,202112,1.0,28.0
1800000427,C000163,2021-12-14,2022-03-14,151052.79,Retail,West,NT90,Medium,CLEARED,11.925391277529505,90,5,4,0.8333333333333334,0.5,6,84426.61333333333,12,4,1,1,1.6666666666666667,0.8333333333333334,139397.65,1.7891608349089294,506559.68,0.1341214390239173,90,0,0,15.522237804928723,202112,0.0,0.0
1800004123,C000026,2021-12-14,2022-01-28,145287.29,Manufacturing,Midwest,NT45,High,CLEARED,11.886475254431803,45,4,1,1.875,0.625,8,130253.35250000001,12,4,1,1,2.0,0.125,236806.85,1.1154207336045343,1042026.8200000001,0.2795601289752748,45,0,0,15.522237804928723,202112,1.0,5.0
1800001669,C000094,2021-12-15,2021-12-29,123564.45,Healthcare,West,NT14,High,CLEARED,11.72452625418539,14,2,4,6.333333333333333,0.8333333333333334,6,125253.00666666667,12,4,2,1,2.6666666666666665,-3.6666666666666665,233379.26,0.9865188332671295,751518.04,0.11151103087387026,14,0,0,15.522237804928723,202112,1.0,8.0
1800004246,C000088,2021-12-15,2022-01-14,12782.42,Logistics,West,NT30,Medium,CLEARED,9.455904297765327,30,3,4,1.6666666666666667,0.5,6,85872.285,12,4,2,1,4.0,2.333333333333333,171827.66,0.148853847315231,515233.71,0.006467558624099284,30,0,0,15.522237804928723,202112,1.0,8.0
1800000147,C000038,2021-12-15,2022-02-13,2914.08,Energy,Midwest,NT60,Medium,CLEARED,7.977652542661866,60,1,1,1.25,0.5,4,163146.61,12,4,2,1,1.6666666666666667,0.41666666666666674,243122.55,0.017861725720197313,652586.44,0.006879309719645371,60,0,0,15.522237804928723,202112,1.0,5.0
1800000139,C000186,2021-12-15,2021-12-29,29340.56,Retail,International,NT14,High,CLEARED,10.286760220017664,14,5,0,16.375,1.0,8,146490.30375,12,4,2,1,16.0,-0.375,245546.85,0.20029011647127534,1171922.43,0.0958049654498101,14,0,0,15.522237804928723,202112,1.0,10.0
1800004380,C000190,2021-12-15,2021-12-29,34738.85,Manufacturing,Northeast,NT14,Medium,CLEARED,10.455642721996483,14,4,2,0.0,0.3333333333333333,3,133923.62666666668,12,4,2,1,0.0,0.0,147133.18,0.2593929903531087,401770.88,0.02375756621295257,14,0,0,15.522237804928723,202112,0.0,0.0
1800001874,C000092,2021-12-16,2022-01-30,243580.64,Retail,Northeast,NT45,High,CLEARED,12.403207442519331,45,5,2,1.7142857142857142,0.5714285714285714,7,141728.4342857143,12,4,3,1,1.3333333333333333,-0.38095238095238093,244604.99,1.7186434128592645,992099.04,0.3616995325122299,45,0,0,15.522237804928723,202112,1.0,6.0
1800000072,C000191,2021-12-16,2022-03-16,113437.17,Energy,Midwest,NT90,High,CLEARED,11.639013209759952,90,1,1,22.375,1.0,8,142353.03875,12,4,3,1,37.666666666666664,15.291666666666664,200312.13,0.7968721356150186,1138824.31,1.4705099908764918,90,0,0,15.522237804928723,202112,1.0,29.0
1800003031,C000028,2021-12-16,2022-03-16,175630.71,Manufacturing,Northeast,NT90,High,CLEARED,12.076144524745995,90,4,2,24.77777777777778,1.0,9,67188.90999999999,12,4,3,1,21.0,-3.7777777777777786,154383.21,2.613983617236833,604700.19,0.17980200135823005,90,0,0,15.522237804928723,202112,1.0,37.0
1800001668,C000135,2021-12-17,2022-03-17,220524.96,Healthcare,West,NT90,Low,CLEARED,12.303770699365423,90,2,4,0.6,0.2,5,121891.072,12,4,4,1,1.0,0.4,185849.3,1.8091969853214516,609455.36,0.3501293132855098,90,0,0,15.522237804928723,202112,0.0,0.0
1800001963,C000195,2021-12-17,2022-02-15,65597.14,Logistics,Midwest,NT60,High,CLEARED,11.091302620871671,60,3,1,10.3,0.8,10,108467.28300000001,12,4,4,1,2.3333333333333335,-7.966666666666667,220702.53,0.6047642956079207,1084672.83,0.23637068979433698,60,0,0,15.522237804928723,202112,1.0,3.0
1800002851,C000133,2021-12-17,2022-01-16,162633.61,Construction,Northeast,NT30,High,CLEARED,11.999261307074264,30,0,2,7.8,0.8,5,106931.08399999999,12,4,4,1,13.0,5.2,217498.99,1.5209198664814807,534655.4199999999,0.7525753140508101,30,0,0,15.522237804928723,202112,0.0,-3.0
1800002387,C000105,2021-12-18,2022-01-01,11919.06,Manufacturing,South,NT14,High,CLEARED,9.385977974163719,14,4,3,31.142857142857142,1.0,7,119173.54142857144,12,4,5,1,33.0,1.8571428571428577,237963.87,0.10001431405933237,834214.79,0.007067350431404754,14,0,0,15.522237804928723,202112,1.0,25.0
1800001731,C000176,2021-12-18,2022-01-01,63135.67,Healthcare,International,NT14,Medium,CLEARED,11.0530570207782,14,2,0,0.4,0.4,5,95576.146,12,4,5,1,-0.3333333333333333,-0.7333333333333334,123522.27,0.6605797852531112,477880.73,0.04568056015529793,14,0,0,15.522237804928723,202112,1.0,2.0
1800004965,C000112,2021-12-18,2022-01-01,100315.77,Logistics,International,NT14,High,CLEARED,11.516088158378718,14,3,0,7.625,0.75,8,191080.6675,12,4,5,1,5.666666666666667,-1.958333333333333,242663.76,0.5249917289513342,1528645.34,1.3434243955105343,14,0,0,15.522237804928723,202112,1.0,15.0
1800004967,C000060,2021-12-18,2022-02-16,241297.28,Logistics,International,NT60,High,CLEARED,12.393789123531358,60,3,0,3.6666666666666665,0.7777777777777778,9,81687.86444444445,12,4,5,1,4.0,0.3333333333333335,239218.79,2.953893845077872,735190.78,0.21096690738235913,60,0,0,15.522237804928723,202112,0.0,0.0
1800002710,C000018,2021-12-19,2022-02-02,249207.47,Manufacturing,Northeast,NT45,High,CLEARED,12.426045054081875,45,4,2,12.142857142857142,1.0,7,138235.37285714285,12,4,6,1,12.0,-0.14285714285714235,241978.76,1.802776415682978,967647.61,0.2461658740007516,45,0,0,15.522237804928723,202112,1.0,19.0
1800004732,C000188,2021-12-19,2022-02-02,106294.38,Construction,International,NT45,Medium,CLEARED,11.573977101485262,45,0,0,1.5,0.375,8,142587.69375,12,4,6,1,1.3333333333333333,-0.16666666666666674,242705.68,0.7454667173898378,1140701.55,0.06367138137142,45,0,0,15.522237804928723,202112,1.0,3.0
1800002499,C000105,2021-12-19,2022-01-02,135115.89,Manufacturing,South,NT14,High,CLEARED,11.81389553463894,14,4,3,30.375,1.0,8,105766.73125,12,4,6,1,29.666666666666668,-0.7083333333333321,237963.87,1.2774895130362651,846133.85,0.0801163299355098,14,0,0,15.522237804928723,202112,1.0,14.0
1800000527,C000171,2021-12-19,2022-02-17,165024.49,Energy,International,NT60,Medium,CLEARED,12.013855225799647,60,1,0,1.75,0.5,4,209229.53,12,4,6,1,1.3333333333333333,-0.41666666666666674,247678.48,0.7887246604243674,836918.12,0.899706008806215,60,0,0,15.522237804928723,202112,1.0,4.0
1800004939,C000060,2021-12-19,2022-02-17,99148.28,Logistics,International,NT60,High,CLEARED,11.504381872196916,60,3,0,3.3,0.7,10,97648.80600000001,12,4,6,1,1.0,-2.3,241297.28,1.0153557842786116,976488.06,0.08668562697383166,60,0,0,15.522237804928723,202112,1.0,4.0
1800002473,C000009,2021-12-20,2022-02-03,32925.57,Manufacturing,International,NT45,High,CLEARED,10.402035209605229,45,4,0,13.375,1.0,8,139025.135,12,4,0,1,15.333333333333334,1.958333333333334,206735.83,0.23683177865642782,1112201.08,0.1773696034111261,45,0,1,15.522237804928723,202112,1.0,28.0
1800003487,C000174,2021-12-20,2022-02-03,107403.64,Retail,South,NT45,High,CLEARED,11.584358663103195,45,5,3,3.6,1.0,5,116435.018,12,4,0,1,4.0,0.3999999999999999,233163.08,0.9224341769758648,582175.09,0.1375312086984184,45,0,1,15.522237804928723,202112,1.0,3.0
1800002141,C000186,2021-12-20,2022-01-03,199430.48,Retail,International,NT14,High,CLEARED,12.203225997670009,14,5,0,15.666666666666666,1.0,9,133473.66555555555,12,4,0,1,18.0,2.333333333333334,245546.85,1.4941560132473575,1201262.99,0.6511951457654197,14,0,1,15.522237804928723,202112,0.0,-1.0
1800002154,C000139,2021-12-20,2022-03-20,243387.7,Retail,West,NT90,Medium,CLEARED,12.402415032821049,90,5,4,1.6,0.4,5,110488.146,12,4,0,1,3.0,1.4,209795.58,2.2028399318058973,552440.73,0.4854368951402918,90,0,1,15.522237804928723,202112,0.0,0.0
1800004595,C000107,2021-12-21,2022-02-19,25240.16,Retail,Midwest,NT60,High,CLEARED,10.136231274394639,60,5,1,30.166666666666668,1.0,6,156848.975,12,4,1,1,20.666666666666668,-9.5,228668.29,0.1609201462744656,941093.8500000001,0.020495614766087362,60,0,0,15.522237804928723,202112,1.0,5.0
1800004974,C000027,2021-12-21,2022-01-04,163862.01,Logistics,South,NT14,High,CLEARED,12.006786052866772,14,3,3,10.0,1.0,11,148053.11454545453,12,4,1,1,9.0,-1.0,248894.88,1.1067785402764485,1628584.26,0.09984004585201138,14,0,0,15.522237804928723,202112,1.0,2.0
1800004185,C000113,2021-12-21,2022-02-19,245331.65,Healthcare,South,NT60,High,CLEARED,12.410370323712938,60,2,3,1.6,0.6,5,96918.732,12,4,1,1,2.0,0.3999999999999999,240063.73,2.531313038639424,484593.66000000003,0.19026940440159437,60,0,0,15.522237804928723,202112,1.0,6.0
1800001997,C000136,2021-12-21,2022-02-19,216731.95,Construction,Midwest,NT60,High,CLEARED,12.28642122949571,60,0,1,14.75,0.9166666666666666,12,133125.38999999998,12,4,1,1,17.333333333333332,2.583333333333332,230104.42,1.6280286577939793,1597504.68,1.2943154841868656,60,0,0,15.522237804928723,202112,1.0,10.0
1800000672,C000183,2021-12-21,2022-01-04,79943.15,Logistics,International,NT14,High,CLEARED,11.289083544853284,14,3,0,10.333333333333334,0.8888888888888888,9,139670.39777777778,12,4,1,1,12.333333333333334,2.0,201575.82,0.5723700316740942,1257033.58,0.04775474193100464,14,0,0,15.522237804928723,202112,1.0,5.0
1800000357,C000178,2021-12-22,2022-01-05,5092.4,Retail,West,NT14,Medium,CLEARED,8.535700862971977,14,5,4,2.2857142857142856,0.42857142857142855,7,96666.32571428572,12,4,2,1,3.6666666666666665,1.380952380952381,182230.15,0.052680185807946,676664.28,0.00456362888685318,14,0,0,15.522237804928723,202112,1.0,3.0
1800001588,C000107,2021-12-22,2022-02-20,116048.77,Retail,Midwest,NT60,High,CLEARED,11.661774429796267,60,5,1,26.571428571428573,1.0,7,138047.7157142857,12,4,2,1,14.0,-12.571428571428573,228668.29,0.8406424503262594,966334.01,0.09423438219085284,60,0,0,15.522237804928723,202112,1.0,8.0
1800003640,C000052,2021-12-23,2022-01-06,133837.75,Construction,South,NT14,High,CLEARED,11.80439099610723,14,0,3,26.428571428571427,0.8571428571428571,7,109074.63142857143,12,4,3,1,16.0,-10.428571428571427,189563.4,1.227029129020206,763522.42,0.12912779433255106,14,0,0,15.522237804928723,202112,1.0,50.0
1800000498,C000182,2021-12-23,2022-01-06,19363.93,Retail,West,NT14,High,CLEARED,9.871218977173406,14,5,4,18.428571428571427,1.0,7,126407.2342857143,12,4,3,1,15.333333333333334,-3.095238095238093,249682.11,0.15318688134756844,884850.64,0.016786212661486177,14,0,0,15.522237804928723,202112,1.0,2.0
1800003269,C000169,2021-12-24,2022-01-23,216206.29,Healthcare,South,NT30,Medium,CLEARED,12.283992902397689,30,2,3,2.0,0.5,4,90369.7825,12,4,4,1,2.0,0.0,207611.44,2.3924622149002075,361479.13,0.30443254263293906,30,0,0,15.522237804928723,202112,1.0,6.0
1800001697,C000064,2021-12-24,2022-03-24,240204.86,Construction,West,NT90,High,CLEARED,12.389251584666821,90,0,4,3.0,0.6666666666666666,3,101109.26333333335,12,4,4,1,3.0,0.0,137881.82,2.3756958767279444,303327.79000000004,0.6836061721501235,90,0,0,15.522237804928723,202112,1.0,4.0
1800003221,C000049,2021-12-24,2022-02-22,231110.38,Construction,International,NT60,High,CLEARED,12.350655037802143,60,0,0,17.666666666666668,1.0,3,153648.26666666666,12,4,4,1,17.666666666666668,0.0,239827.83,1.50415221085041,460944.8,0.34653326359995756,60,0,0,15.522237804928723,202112,1.0,26.0
1800001763,C000119,2021-12-25,2022-02-08,42084.3,Logistics,International,NT45,High,CLEARED,10.647453790050827,45,3,0,4.25,1.0,8,111927.50875000001,12,4,5,1,3.6666666666666665,-0.5833333333333335,208866.21,0.375996039490158,895420.0700000001,0.03711816756593469,45,1,0,15.522237804928723,202112,1.0,6.0
1800000423,C000197,2021-12-25,2022-01-24,136823.12,Healthcare,West,NT30,High,CLEARED,11.826451584418258,30,2,4,27.714285714285715,0.8571428571428571,7,77162.36285714286,12,4,5,1,15.333333333333334,-12.380952380952381,244520.22,1.7731846840060108,540136.54,0.10079436331758769,30,1,0,15.522237804928723,202112,1.0,22.0
1800002054,C000122,2021-12-25,2022-01-08,225444.56,Manufacturing,Midwest,NT14,High,CLEARED,12.32583398970986,14,4,1,11.0,1.0,3,159262.54666666666,12,4,5,1,11.0,0.0,213345.39,1.4155529012847632,477787.64,0.16114866711039316,14,1,0,15.522237804928723,202112,1.0,17.0
1800004533,C000152,2021-12-26,2022-01-09,151188.19,Construction,West,NT14,High,CLEARED,11.926287245462706,14,0,4,2.142857142857143,0.7142857142857143,7,144480.26428571428,12,4,6,1,0.6666666666666666,-1.4761904761904763,241179.08,1.046427972342441,1011361.85,0.11346735710542576,14,1,0,15.522237804928723,202112,0.0,-1.0
1800001154,C000030,2021-12-26,2022-01-25,65425.85,Healthcare,Midwest,NT30,High,CLEARED,11.088688003651225,30,2,1,34.5,1.0,8,157108.23125,12,4,6,1,32.333333333333336,-2.1666666666666643,245918.44,0.4164380788928269,1256865.85,0.049668053560877605,30,1,0,15.522237804928723,202112,1.0,4.0
1800000700,C000137,2021-12-26,2022-01-09,159848.2,Logistics,Northeast,NT14,High,CLEARED,11.981986149783566,14,3,2,17.25,1.0,4,120468.80500000001,12,4,6,1,16.666666666666668,-0.5833333333333321,215412.97,1.3268845822783748,481875.22000000003,0.28238740936163054,14,1,0,15.522237804928723,202112,1.0,50.0
1800003970,C000151,2021-12-26,2022-02-24,16685.17,Energy,International,NT60,High,CLEARED,9.72233551159183,60,1,0,13.142857142857142,1.0,7,155042.83571428573,12,4,6,1,14.0,0.8571428571428577,230077.27,0.10761651722332771,1085299.85,0.07525449154461145,60,1,0,15.522237804928723,202112,1.0,18.0
1800003695,C000135,2021-12-27,2022-03-27,95348.84,Healthcare,West,NT90,Low,CLEARED,11.46530793299884,90,2,4,0.5,0.16666666666666666,6,138330.05333333332,12,4,0,1,1.0,0.5,220524.96,0.689285066421816,829980.32,0.15138614636533634,90,1,1,15.522237804928723,202112,1.0,4.0
1800002408,C000063,2021-12-27,2022-01-10,115347.08,Manufacturing,Midwest,NT14,High,CLEARED,11.655709618469873,14,4,1,10.5,1.0,10,117420.089,12,4,0,1,8.666666666666666,-1.833333333333334,234352.78,0.9823453634071082,1174200.8900000001,0.21496596453793662,14,1,1,15.522237804928723,202112,1.0,6.0
1800001683,C000108,2021-12-27,2022-01-10,229388.81,Retail,Northeast,NT14,High,CLEARED,12.343178062464121,14,5,2,33.0,1.0,4,158849.8975,12,4,0,1,28.666666666666668,-4.333333333333332,231539.59,1.4440601700734494,635399.59,0.1946554245497226,14,1,1,15.522237804928723,202112,1.0,13.0
1800003069,C000182,2021-12-27,2022-01-10,135200.17,Retail,West,NT14,High,CLEARED,11.81451909639971,14,5,4,16.375,1.0,8,113026.82125,12,4,0,1,10.333333333333334,-6.041666666666666,249682.11,1.1961777612143545,904214.57,0.11720238636935187,14,1,1,15.522237804928723,202112,1.0,9.0
1800001585,C000169,2021-12-28,2022-01-27,101693.66,Healthcare,South,NT30,High,CLEARED,11.52973007328346,30,2,3,2.8,0.6,5,115537.084,12,4,1,1,2.0,-0.7999999999999998,216206.29,0.880181985551929,577685.42,0.14319129884449527,30,1,0,15.522237804928723,202112,1.0,1.0
1800004634,C000123,2021-12-28,2022-03-28,249060.7,Healthcare,Midwest,NT90,Medium,CLEARED,12.425455935916343,90,2,1,0.5,0.5,4,89261.175,12,4,1,1,0.3333333333333333,-0.16666666666666669,147120.79,2.790246711406163,357044.7,0.22948605155615495,90,1,0,15.522237804928723,202112,1.0,5.0
1800001264,C000171,2021-12-28,2022-02-26,137041.97,Energy,International,NT60,High,CLEARED,11.828049805267534,60,1,0,2.2,0.6,5,200388.522,12,4,1,1,2.6666666666666665,0.46666666666666634,247678.48,0.6838813352792732,1001942.61,0.7471465833200942,60,1,0,15.522237804928723,202112,0.0,-2.0
1800001094,C000043,2021-12-28,2022-02-26,83722.09,Healthcare,Midwest,NT60,High,CLEARED,11.335270084622255,60,2,1,2.2,0.6,5,78163.8,12,4,1,1,1.0,-1.2000000000000002,125519.4,1.0711107955345056,390819.0,0.043678749253822605,60,1,0,15.522237804928723,202112,1.0,4.0
1800002019,C000185,2021-12-29,2022-01-28,2173.66,Logistics,South,NT30,High,CLEARED,7.6846276094641714,30,3,3,6.0,0.6,5,177801.63999999998,12,4,2,1,1.0,-5.0,232341.99,0.012225196572989991,889008.2,0.017132427899738654,30,1,0,15.522237804928723,202112,1.0,11.0
1800002823,C000074,2021-12-29,2022-03-29,37315.09,Retail,Northeast,NT90,High,CLEARED,10.527179879912008,90,5,2,2.75,0.6666666666666666,12,103051.8875,12,4,2,1,3.6666666666666665,0.9166666666666665,241463.48,0.3621000149075387,1236622.65,0.20013571544765635,90,1,0,15.522237804928723,202112,0.0,0.0
1800001996,C000034,2021-12-29,2022-01-28,118163.61,Logistics,Midwest,NT30,Medium,CLEARED,11.679833931339259,30,3,1,1.5,0.5,4,114115.54250000001,12,4,2,1,1.0,-0.5,165843.04,1.0354734106443038,456462.17000000004,0.25261493687267345,30,1,0,15.522237804928723,202112,1.0,5.0
1800001904,C000098,2021-12-30,2022-01-29,148916.85,Manufacturing,West,NT30,High,CLEARED,11.911150090600673,30,4,4,10.142857142857142,1.0,7,134838.9457142857,12,4,3,1,9.666666666666666,-0.4761904761904763,247663.32,1.104405327490059,943872.62,0.16548520377963666,30,1,0,15.522237804928723,202112,1.0,11.0
1800003793,C000131,2021-12-30,2022-02-13,105833.01,Energy,Northeast,NT45,High,CLEARED,11.569627202327121,45,1,2,2.6666666666666665,0.5833333333333334,12,160744.04166666666,12,4,3,1,1.3333333333333333,-1.3333333333333333,249492.9,0.658394606124592,1928928.5,0.05614262858570736,45,1,0,15.522237804928723,202112,1.0,3.0
1800002006,C000185,2021-12-30,2022-01-29,35203.95,Logistics,South,NT30,High,CLEARED,10.46894197669942,30,3,3,6.833333333333333,0.6666666666666666,6,148530.31,12,4,3,1,2.6666666666666665,-4.166666666666666,232341.99,0.23701525971365708,891181.86,0.2774716998799281,30,1,0,15.522237804928723,202112,1.0,17.0
1800004828,C000197,2021-12-30,2022-01-29,100857.69,Healthcare,West,NT30,High,CLEARED,11.521475707245752,30,2,4,27.0,0.875,8,84619.95749999999,12,4,3,1,12.333333333333334,-14.666666666666666,244520.22,1.1918901046481856,676959.6599999999,0.07429947986299854,30,1,0,15.522237804928723,202112,1.0,13.0
1800002877,C000032,2021-12-30,2022-03-30,91428.05,Manufacturing,International,NT90,Medium,CLEARED,11.423318540641842,90,4,0,1.5,0.5,4,120600.72,12,4,3,1,0.0,-1.5,230177.65,0.7581053413279788,482402.88,0.190703988683084,90,1,0,15.522237804928723,202112,1.0,3.0
1800000087,C000148,2021-12-30,2022-02-13,147029.81,Construction,Northeast,NT45,High,CLEARED,11.898397435636307,45,0,2,13.083333333333334,0.9166666666666666,12,121019.6725,12,4,3,1,21.0,7.916666666666666,248646.7,1.214924870995664,1452236.07,0.11416863030545486,45,1,0,15.522237804928723,202112,1.0,24.0
1800002300,C000153,2021-12-31,2022-03-01,72367.27,Manufacturing,South,NT60,High,CLEARED,11.189523222641462,60,4,3,1.4545454545454546,0.7272727272727273,11,136113.4927272727,12,4,4,1,2.3333333333333335,0.8787878787878789,230985.56,0.5316685991226494,1497248.42,0.09579108892182646,60,1,0,15.522237804928723,202112,1.0,3.0
1800003409,C000145,2021-12-31,2022-01-14,180939.05,Logistics,West,NT14,High,CLEARED,12.10592103991439,14,3,4,2.0,0.8,10,57520.079000000005,12,4,4,1,3.3333333333333335,1.3333333333333335,171625.69,3.145667619823679,575200.79,0.14743555792111349,14,1,0,15.522237804928723,202112,0.0,-3.0
1800002052,C000172,2021-12-31,2022-02-14,248872.63,Logistics,Northeast,NT45,High,CLEARED,12.424700536579875,45,3,2,14.428571428571429,1.0,7,119008.21285714286,12,4,4,1,13.333333333333334,-1.095238095238095,180787.49,2.0912223116798336,833057.49,0.2776838977521276,45,1,0,15.522237804928723,202112,1.0,8.0
1800003977,C000143,2021-12-31,2022-03-31,14957.56,Healthcare,Midwest,NT90,High,CLEARED,9.613038990211004,90,2,1,2.3333333333333335,0.6666666666666666,6,116959.23333333334,12,4,4,1,1.0,-1.3333333333333335,228688.21,0.1278869532033526,701755.4,0.01551676818805872,90,1,0,15.522237804928723,202112,0.0,-3.0
1800001085,C000158,2021-12-31,2022-02-14,109234.39,Logistics,International,NT45,Medium,CLEARED,11.60126037403807,45,3,0,1.6666666666666667,0.5,6,194519.47833333336,12,4,4,1,2.0,0.33333333333333326,246168.57,0.5615601632079913,1167116.87,0.1269862898100347,45,1,0,15.522237804928723,202112,1.0,6.0
1800004929,C000179,2022-01-01,2022-02-15,131977.84,Retail,International,NT45,High,CLEARED,11.7903968856883,45,5,0,1.375,0.625,8,139453.97125,1,1,5,0,1.3333333333333333,-0.04166666666666674,208943.23,0.946389972383092,1115631.77,0.06852586077623583,45,0,0,16.655760980659196,202201,0.0,0.0
1800003589,C000050,2022-01-01,2022-02-15,194107.77,Retail,Northeast,NT45,High,CLEARED,12.1761739510318,45,5,2,4.0,1.0,1,42329.42,1,1,5,0,4.0,0.0,42329.42,4.585646814910292,42329.42,0.6359755075682478,45,0,0,16.655760980659196,202201,0.0,-1.0
1800003987,C000136,2022-01-01,2022-03-02,36256.03,Construction,Midwest,NT60,High,CLEARED,10.498388572515111,60,0,1,14.384615384615385,0.9230769230769231,13,139556.66384615385,1,1,5,0,16.333333333333332,1.9487179487179471,230104.42,0.25979433013652686,1814236.6300000001,0.21651971951594362,60,0,0,16.655760980659196,202201,1.0,10.0
1800000022,C000153,2022-01-01,2022-03-02,225232.23,Manufacturing,South,NT60,High,CLEARED,12.324891722088568,60,4,3,1.5833333333333333,0.75,12,130801.3075,1,1,5,0,2.3333333333333335,0.7500000000000002,230985.56,1.7219417321191535,1569615.69,0.29813533897287087,60,0,0,16.655760980659196,202201,1.0,8.0
1800002857,C000038,2022-01-02,2022-03-03,184395.02,Energy,Midwest,NT60,High,CLEARED,12.124841006357602,60,1,1,2.0,0.6,5,131100.104,1,1,6,0,2.6666666666666665,0.6666666666666665,243122.55,1.4065207759102922,655500.52,0.4353039221092772,60,0,0,16.655760980659196,202201,1.0,4.0
1800001153,C000173,2022-01-02,2022-01-16,108183.43,Manufacturing,West,NT14,High,CLEARED,11.59159273485505,14,4,4,3.6666666666666665,1.0,3,121293.01000000001,1,1,6,0,3.6666666666666665,0.0,176437.48,0.8919180915701571,363879.03,0.17064739816082072,14,0,0,16.655760980659196,202201,1.0,3.0
1800001826,C000036,2022-01-02,2022-02-01,106420.35,Energy,South,NT30,High,CLEARED,11.575161493655315,30,1,3,9.6,1.0,5,174276.122,1,1,6,0,6.666666666666667,-2.9333333333333327,248636.81,0.610642173917549,871380.61,0.1194996044073043,30,0,0,16.655760980659196,202201,1.0,8.0
1800002330,C000130,2022-01-02,2022-03-03,162260.46,Energy,South,NT60,High,CLEARED,11.996964263813172,60,1,3,2.3333333333333335,0.6666666666666666,6,90990.19,1,1,6,0,4.333333333333333,1.9999999999999996,133653.65,1.7832742189020596,545941.14,0.2684379551001818,60,0,0,16.655760980659196,202201,0.0,0.0
1800002531,C000024,2022-01-03,2022-02-17,184244.03,Construction,International,NT45,High,CLEARED,12.124021835467962,45,0,0,29.875,1.0,8,161322.09875,1,1,0,0,36.0,6.125,249295.78,1.1420879806772288,1290576.79,0.5293812371498776,45,0,1,16.655760980659196,202201,1.0,29.0
1800004891,C000055,2022-01-03,2022-04-03,218048.21,Logistics,Midwest,NT90,High,CLEARED,12.292476050242106,90,3,1,15.5,0.875,8,146364.44375,1,1,0,0,12.666666666666666,-2.833333333333334,241415.98,1.489762160900502,1170915.55,0.11592676050266659,90,0,1,16.655760980659196,202201,1.0,12.0
1800000029,C000085,2022-01-03,2022-03-04,4700.22,Manufacturing,West,NT60,High,CLEARED,8.455577328482612,60,4,4,15.444444444444445,1.0,9,115787.9911111111,1,1,0,0,20.0,4.555555555555555,247874.28,0.04059332884953182,1042091.9199999999,0.003535826081367496,60,0,1,16.655760980659196,202201,1.0,22.0
1800002568,C000007,2022-01-03,2022-04-03,161225.77,Energy,Midwest,NT90,High,CLEARED,11.990567162264586,90,1,1,8.9,0.9,10,67831.115,1,1,0,0,12.666666666666666,3.7666666666666657,200066.13,2.3768704082190006,678311.15,0.17045082068255443,90,0,1,16.655760980659196,202201,0.0,0.0
1800000928,C000093,2022-01-03,2022-02-02,245348.3,Manufacturing,Northeast,NT30,High,CLEARED,12.410438188446932,30,4,2,2.0,0.875,8,137403.75375,1,1,0,0,2.3333333333333335,0.3333333333333335,221717.28,1.785601144830441,1099230.03,0.17484886514532302,30,0,1,16.655760980659196,202201,1.0,2.0
1800003944,C000124,2022-01-04,2022-04-04,142243.73,Retail,Midwest,NT90,Medium,CLEARED,11.865304303850634,90,5,1,1.1666666666666667,0.5,6,180516.07833333334,1,1,1,0,0.3333333333333333,-0.8333333333333335,213277.73,0.7879837148762936,1083096.47,0.152164349533826,90,0,0,16.655760980659196,202201,0.0,-1.0
1800000136,C000153,2022-01-04,2022-03-05,111069.0,Manufacturing,South,NT60,High,CLEARED,11.617915912161166,60,4,3,2.076923076923077,0.7692307692307693,13,138065.22461538462,1,1,1,0,4.666666666666667,2.58974358974359,230985.56,0.8044676007981779,1794847.92,0.14701978471010918,60,0,0,16.655760980659196,202201,1.0,3.0
1800003239,C000084,2022-01-04,2022-03-05,28980.56,Logistics,West,NT60,High,CLEARED,10.274415044653622,60,3,4,16.625,1.0,8,124779.22750000001,1,1,1,0,21.0,4.375,217639.26,0.2322546835770401,998233.8200000001,0.06753034396864434,60,0,0,16.655760980659196,202201,1.0,2.0
1800002725,C000111,2022-01-04,2022-01-18,232498.75,Energy,International,NT14,High,CLEARED,12.356644428740152,14,1,0,11.142857142857142,1.0,7,125275.96142857142,1,1,1,0,12.333333333333334,1.1904761904761916,244079.76,1.855892761458181,876931.73,0.21352625275309145,14,0,0,16.655760980659196,202201,1.0,10.0
1800004641,C000057,2022-01-04,2022-02-03,84872.68,Manufacturing,Midwest,NT30,Medium,CLEARED,11.34891931245729,30,4,1,1.3333333333333333,0.4444444444444444,9,112437.14555555556,1,1,1,0,0.6666666666666666,-0.6666666666666666,180629.37,0.7548455590956293,1011934.31,0.0659582321861937,30,0,0,16.655760980659196,202201,1.0,7.0
1800002760,C000090,2022-01-05,2022-03-06,236832.41,Logistics,Northeast,NT60,High,CLEARED,12.375112261566823,60,3,2,31.0,1.0,3,127208.96,1,1,2,0,31.0,0.0,154382.34,1.8617588729598922,381626.88,0.25530747226366357,60,0,0,16.655760980659196,202201,1.0,23.0
1800002555,C000192,2022-01-05,2022-03-06,129649.06,Logistics,Midwest,NT60,High,CLEARED,11.772594253751123,60,3,1,3.1,0.8,10,142912.397,1,1,2,0,5.0,1.9,228572.97,0.9071925369777403,1429123.97,0.09525562913235819,60,0,0,16.655760980659196,202201,1.0,4.0
1800003328,C000153,2022-01-05,2022-03-06,139777.73,Manufacturing,South,NT60,High,CLEARED,11.847815951283735,60,4,3,2.142857142857143,0.7857142857142857,14,136136.92285714284,1,1,2,0,4.666666666666667,2.523809523809524,230985.56,1.0267437155655244,1905916.92,0.18502094888643789,60,0,0,16.655760980659196,202201,0.0,0.0
1800001134,C000088,2022-01-05,2022-02-04,247684.45,Logistics,West,NT30,High,CLEARED,12.419914873340376,30,3,4,2.5714285714285716,0.5714285714285714,7,75430.87571428572,1,1,2,0,5.0,2.4285714285714284,171827.66,3.283595048507325,528016.13,0.1253216292887253,30,0,0,16.655760980659196,202201,1.0,1.0
1800004320,C000098,2022-01-05,2022-02-04,182235.49,Manufacturing,West,NT30,High,CLEARED,12.11306051817946,30,4,4,10.25,1.0,8,136598.68375,1,1,2,0,9.666666666666666,-0.5833333333333339,247663.32,1.3340940410049889,1092789.47,0.20251084547203313,30,0,0,16.655760980659196,202201,1.0,13.0
1800000164,C000029,2022-01-05,2022-02-19,230369.45,Construction,International,NT45,High,CLEARED,12.347443944370138,45,0,0,2.5714285714285716,0.5714285714285714,7,80434.20857142856,1,1,2,0,2.0,-0.5714285714285716,131887.55,2.864073061593232,563039.46,0.11933102032171673,45,0,0,16.655760980659196,202201,1.0,3.0
1800001860,C000053,2022-01-06,2022-02-20,10656.85,Manufacturing,South,NT45,Medium,CLEARED,9.274051988822617,45,4,3,0.0,0.25,4,163008.2175,1,1,3,0,0.3333333333333333,0.3333333333333333,212160.26,0.06537615197221576,652032.87,0.017593533016883014,45,0,0,16.655760980659196,202201,0.0,0.0
1800001885,C000011,2022-01-06,2022-02-20,40584.14,Retail,Northeast,NT45,Medium,CLEARED,10.611157268739653,45,5,2,0.4,0.4,5,126397.17199999999,1,1,3,0,-0.3333333333333333,-0.7333333333333334,241143.99,0.3210842407138666,631985.86,0.08850755479292031,45,0,0,16.655760980659196,202201,1.0,2.0
1800001720,C000033,2022-01-06,2022-01-20,56002.92,Energy,Northeast,NT14,High,CLEARED,10.9331769672674,14,1,2,3.6666666666666665,0.8888888888888888,9,90793.30111111111,1,1,3,0,3.6666666666666665,0.0,232938.48,0.6168177532334097,817139.71,0.032441218722220576,14,0,0,16.655760980659196,202201,1.0,6.0
1800004352,C000120,2022-01-06,2022-02-05,1609.22,Manufacturing,South,NT30,High,CLEARED,7.3841260946060325,30,4,3,3.4,0.8,5,160900.782,1,1,3,0,3.3333333333333335,-0.06666666666666643,225243.15,0.010001318700862499,804503.91,0.0019099744290693073,30,0,0,16.655760980659196,202201,1.0,1.0
1800002055,C000124,2022-01-06,2022-04-06,90453.47,Retail,Midwest,NT90,Medium,CLEARED,11.412601909171157,90,5,1,0.8571428571428571,0.42857142857142855,7,175048.6,1,1,3,0,0.0,-0.8571428571428571,213277.73,0.5167334671628336,1225340.2,0.09676203953332384,90,0,0,16.655760980659196,202201,0.0,0.0
1800003945,C000150,2022-01-07,2022-02-06,233825.5,Healthcare,Midwest,NT30,High,CLEARED,12.362334666336169,30,2,1,10.0,1.0,6,124197.67666666668,1,1,4,0,7.333333333333333,-2.666666666666667,226903.36,1.8826881973610723,745186.06,0.2301059319534053,30,0,0,16.655760980659196,202201,1.0,2.0
1800001841,C000170,2022-01-07,2022-01-21,131117.94,Logistics,Midwest,NT14,High,CLEARED,11.783860129187353,14,3,1,10.666666666666666,1.0,9,110707.19,1,1,4,0,9.666666666666666,-1.0,248555.31,1.1843669774293792,996364.71,0.16575840916353987,14,0,0,16.655760980659196,202201,1.0,11.0
1800004502,C000021,2022-01-08,2022-04-08,138925.06,Logistics,South,NT90,Medium,CLEARED,11.841697128135209,90,3,3,0.8333333333333334,0.5,6,119548.34166666667,1,1,5,0,1.0,0.16666666666666663,240270.45,1.1620827028062077,717290.05,0.5081832743851963,90,0,0,16.655760980659196,202201,0.0,0.0
1800002017,C000180,2022-01-08,2022-03-09,45029.24,Manufacturing,Midwest,NT60,High,CLEARED,10.715089543061561,60,4,1,15.875,1.0,8,92703.99625,1,1,5,0,20.666666666666668,4.791666666666668,189417.68,0.4857313796760946,741631.97,0.02627137178326769,60,0,0,16.655760980659196,202201,1.0,19.0
1800003933,C000110,2022-01-08,2022-02-07,144085.42,Logistics,South,NT30,High,CLEARED,11.878168537435702,30,3,3,20.5,1.0,2,17904.92,1,1,5,0,20.5,0.0,20052.8,8.04725293383048,35809.84,0.08435559811530642,30,0,0,16.655760980659196,202201,1.0,18.0
1800001131,C000077,2022-01-08,2022-02-22,179093.86,Manufacturing,International,NT45,Medium,CLEARED,12.095670888586168,45,4,0,0.14285714285714285,0.42857142857142855,7,95972.26000000001,1,1,5,0,0.3333333333333333,0.19047619047619047,178821.18,1.8661002668896196,671805.8200000001,0.20588569319554345,45,0,0,16.655760980659196,202201,1.0,5.0
1800003278,C000166,2022-01-08,2022-03-09,133358.6,Logistics,West,NT60,High,CLEARED,11.800804518020058,60,3,4,28.833333333333332,1.0,6,134247.23666666666,1,1,5,0,31.0,2.166666666666668,236797.87,0.9933805962138861,805483.4199999999,0.06795012463521709,60,0,0,16.655760980659196,202201,1.0,2.0
1800000795,C000008,2022-01-08,2022-03-09,143602.72,Construction,South,NT60,High,CLEARED,11.874812840553204,60,0,3,2.0,0.7142857142857143,7,69068.40857142858,1,1,5,0,2.6666666666666665,0.6666666666666665,115314.55,2.079137524234255,483478.86,0.08612688324768489,60,0,0,16.655760980659196,202201,0.0,-1.0
1800004029,C000150,2022-01-08,2022-02-07,23196.17,Healthcare,Midwest,NT30,High,CLEARED,10.051785567455278,30,2,1,8.857142857142858,1.0,7,139858.7942857143,1,1,5,0,7.666666666666667,-1.1904761904761907,233825.5,0.16585421115967208,979011.56,0.022827178026347088,30,0,0,16.655760980659196,202201,1.0,13.0
1800000725,C000036,2022-01-08,2022-02-07,99851.65,Energy,South,NT30,High,CLEARED,11.5114508783015,30,1,3,9.333333333333334,1.0,6,162966.82666666666,1,1,5,0,6.666666666666667,-2.666666666666667,248636.81,0.6127115072580824,977800.96,0.11212359924033895,30,0,0,16.655760980659196,202201,1.0,9.0
1800001670,C000023,2022-01-09,2022-02-23,77954.21,Manufacturing,International,NT45,High,CLEARED,11.263889709968867,45,4,0,1.8571428571428572,0.8571428571428571,7,106711.43571428572,1,1,6,0,2.0,0.1428571428571428,249683.32,0.7305141148013257,746980.05,0.0426066763685128,45,0,0,16.655760980659196,202201,1.0,6.0
1800004866,C000133,2022-01-09,2022-02-08,15629.33,Construction,Northeast,NT30,High,CLEARED,9.656968536436404,30,0,2,6.0,0.6666666666666666,6,116214.83833333333,1,1,6,0,10.333333333333334,4.333333333333334,217498.99,0.13448652705751013,697289.03,0.07232359862855993,30,0,0,16.655760980659196,202201,1.0,7.0
1800002384,C000054,2022-01-10,2022-04-10,227922.65,Construction,Midwest,NT90,High,CLEARED,12.336765983434574,90,0,1,2.111111111111111,0.6666666666666666,9,129469.00111111111,1,1,0,0,2.3333333333333335,0.22222222222222232,212118.91,1.7604418667322177,1165221.01,0.21075958055151472,90,0,1,16.655760980659196,202201,1.0,3.0
1800004310,C000070,2022-01-10,2022-04-10,235907.14,Energy,Midwest,NT90,Medium,CLEARED,12.371197770947115,90,1,1,1.0,0.3333333333333333,6,167107.28,1,1,0,0,0.3333333333333333,-0.6666666666666667,243557.77,1.4117107285810648,1002643.6799999999,0.13402102197281723,90,0,1,16.655760980659196,202201,0.0,0.0
1800000765,C000010,2022-01-10,2022-02-24,16468.96,Manufacturing,South,NT45,High,CLEARED,9.70929339451057,45,4,3,11.923076923076923,0.8461538461538461,13,129220.30692307692,1,1,0,0,15.0,3.0769230769230766,241660.56,0.1274486989866364,1679863.99,0.020813953038684017,45,0,1,16.655760980659196,202201,1.0,8.0
1800001587,C000174,2022-01-10,2022-02-24,187271.53,Retail,South,NT45,High,CLEARED,12.14032021456878,45,5,3,3.5,1.0,6,114929.78833333333,1,1,0,0,4.0,0.5,233163.08,1.6294429208975167,689578.73,0.23980267219716317,45,0,1,16.655760980659196,202201,1.0,4.0
1800003094,C000134,2022-01-11,2022-04-11,123359.97,Construction,West,NT90,High,CLEARED,11.722870051930963,90,0,4,1.6,0.6,5,94801.49399999999,1,1,1,0,3.0,1.4,170508.18,1.3012449993667823,474007.47,0.07749011394630047,90,0,0,16.655760980659196,202201,0.0,0.0
1800004846,C000143,2022-01-11,2022-04-11,248806.66,Healthcare,Midwest,NT90,High,CLEARED,12.424435427154577,90,2,1,1.5714285714285714,0.5714285714285714,7,102387.56571428571,1,1,1,0,-0.6666666666666666,-2.238095238095238,228688.21,2.4300476162730478,716712.96,0.2581086264648206,90,0,0,16.655760980659196,202201,0.0,0.0
1800004191,C000009,2022-01-12,2022-02-26,53238.7,Manufacturing,International,NT45,High,CLEARED,10.882559637632164,45,4,0,15.0,1.0,9,127236.29444444443,1,1,2,0,17.666666666666668,2.666666666666668,206735.83,0.4184238485760505,1145126.65,0.28679616192290425,45,0,0,16.655760980659196,202201,1.0,7.0
1800002783,C000097,2022-01-12,2022-03-13,217323.44,Construction,West,NT60,High,CLEARED,12.289146631158026,60,0,4,1.5833333333333333,0.6666666666666666,12,101333.30166666665,1,1,2,0,3.3333333333333335,1.7500000000000002,233980.6,2.1446398807262788,1215999.6199999999,0.14658893843565746,60,0,0,16.655760980659196,202201,1.0,3.0
1800001376,C000076,2022-01-12,2022-02-26,34153.41,Retail,International,NT45,High,CLEARED,10.438646992825563,45,5,0,10.2,1.0,5,147805.75400000002,1,1,2,0,12.666666666666666,2.466666666666667,245278.82,0.23106955633134554,739028.77,0.04035299520537311,45,0,0,16.655760980659196,202201,0.0,0.0
1800001745,C000029,2022-01-12,2022-02-26,216148.63,Construction,International,NT45,High,CLEARED,12.283726178320082,45,0,0,2.625,0.625,8,99176.11375,1,1,2,0,3.0,0.375,230369.45,2.1794424264784222,793408.91,0.1119646574623555,45,0,0,16.655760980659196,202201,1.0,2.0
1800001056,C000086,2022-01-13,2022-01-27,185174.17,Manufacturing,West,NT14,Low,CLEARED,12.12905752093156,14,4,4,0.0,0.0,1,51314.93,1,1,3,0,0.0,0.0,51314.93,3.608582726313765,51314.93,0.1144453291640416,14,0,0,16.655760980659196,202201,1.0,1.0
1800004510,C000058,2022-01-13,2022-03-14,123420.45,Energy,Midwest,NT60,Medium,CLEARED,11.723360200307098,60,1,1,0.25,0.5,8,159613.18125,1,1,3,0,0.3333333333333333,0.08333333333333331,242563.82,0.7732472282892989,1276905.45,0.0959086156947311,60,0,0,16.655760980659196,202201,1.0,5.0
1800002671,C000190,2022-01-14,2022-01-28,86744.72,Manufacturing,Northeast,NT14,Medium,CLEARED,11.370736359416195,14,4,2,0.0,0.25,4,109127.4325,1,1,4,0,0.3333333333333333,0.3333333333333333,147133.18,0.7948938045436009,436509.73,0.05932388173540664,14,0,0,16.655760980659196,202201,1.0,1.0
1800000502,C000040,2022-01-14,2022-01-28,86784.18,Construction,West,NT14,High,CLEARED,11.371191148743975,14,0,4,40.0,1.0,4,87853.7175,1,1,4,0,41.333333333333336,1.3333333333333357,213889.25,0.9878259277986727,351414.87,0.5838263798238029,14,0,0,16.655760980659196,202201,1.0,8.0
1800003008,C000119,2022-01-14,2022-02-28,221992.37,Logistics,International,NT45,High,CLEARED,12.310402795543588,45,3,0,4.444444444444445,1.0,9,104167.15222222223,1,1,4,0,3.3333333333333335,-1.1111111111111112,208866.21,2.1311168181541382,937504.37,0.19579629429547293,45,0,0,16.655760980659196,202201,1.0,2.0
1800001920,C000028,2022-01-14,2022-04-14,192125.61,Manufacturing,Northeast,NT90,High,CLEARED,12.165909860766748,90,4,2,26.0,1.0,10,78033.09,1,1,4,0,28.333333333333332,2.333333333333332,175630.71,2.462104345733329,780330.9,0.1966886610557503,90,0,0,16.655760980659196,202201,1.0,42.0
1800001834,C000080,2022-01-14,2022-02-28,97636.69,Healthcare,West,NT45,High,CLEARED,11.489018865890285,45,2,4,14.285714285714286,1.0,7,120005.1357142857,1,1,4,0,19.0,4.7142857142857135,213986.05,0.8136042630080297,840035.95,0.07139934964717039,45,0,0,16.655760980659196,202201,1.0,21.0
1800003088,C000178,2022-01-15,2022-01-29,64728.69,Retail,West,NT14,Medium,CLEARED,11.077975262404035,14,5,4,2.375,0.5,8,85219.585,1,1,5,0,3.6666666666666665,1.2916666666666665,182230.15,0.7595518095986973,681756.68,0.05800756411361335,14,0,0,16.655760980659196,202201,0.0,0.0
1800000982,C000008,2022-01-15,2022-03-16,24982.16,Construction,South,NT60,High,CLEARED,10.125957276879927,60,0,3,1.625,0.625,8,78385.1975,1,1,5,0,2.3333333333333335,0.7083333333333335,143602.72,0.3187101748388145,627081.58,0.014983250857608987,60,0,0,16.655760980659196,202201,1.0,3.0
1800001452,C000063,2022-01-16,2022-01-30,109186.41,Manufacturing,Midwest,NT14,High,CLEARED,11.600821042605896,14,4,1,10.090909090909092,1.0,11,117231.63363636364,1,1,6,0,8.666666666666666,-1.4242424242424256,234352.78,0.9313732702785767,1289547.97,0.2034846650655102,14,0,0,16.655760980659196,202201,1.0,2.0
1800001533,C000182,2022-01-16,2022-01-30,26883.31,Retail,West,NT14,High,CLEARED,10.199298124045544,14,5,4,15.555555555555555,1.0,9,115490.52666666667,1,1,6,0,10.333333333333334,-5.222222222222221,249682.11,0.23277502299034167,1039414.74,0.023304616299721078,14,0,0,16.655760980659196,202201,1.0,9.0
1800001254,C000107,2022-01-16,2022-03-17,185887.04,Retail,Midwest,NT60,High,CLEARED,12.132899835975572,60,5,1,24.25,1.0,8,135297.8475,1,1,6,0,9.0,-15.25,228668.29,1.3739098103537826,1082382.78,0.15094473100995684,60,0,0,16.655760980659196,202201,1.0,23.0
1800002060,C000190,2022-01-16,2022-01-30,182065.04,Manufacturing,Northeast,NT14,Medium,CLEARED,12.112124757385057,14,4,2,0.2,0.4,5,104650.88999999998,1,1,6,0,0.6666666666666666,0.4666666666666666,147133.18,1.7397371393592547,523254.44999999995,0.12451253403218179,14,0,0,16.655760980659196,202201,1.0,5.0
1800002846,C000136,2022-01-17,2022-03-18,65170.99,Construction,Midwest,NT60,High,CLEARED,11.084785054382706,60,0,1,14.071428571428571,0.9285714285714286,14,132178.04714285716,1,1,0,0,16.0,1.9285714285714288,230104.42,0.4930545685060971,1850492.6600000001,0.3891988305221605,60,0,1,16.655760980659196,202201,1.0,6.0
1800001088,C000157,2022-01-17,2022-02-16,63673.23,Healthcare,South,NT30,High,CLEARED,11.061535207116512,30,2,3,2.0,0.6666666666666666,3,193160.55000000002,1,1,0,0,2.0,0.0,246583.33,0.3296388936560804,579481.65,0.0484932113976129,30,0,1,16.655760980659196,202201,0.0,-1.0
1800002327,C000020,2022-01-17,2022-01-31,207665.89,Healthcare,West,NT14,Medium,CLEARED,12.243690584542314,14,2,4,1.8333333333333333,0.5,6,149738.76833333334,1,1,0,0,3.0,1.1666666666666667,226804.35,1.3868545354781814,898432.61,0.10422709591841536,14,0,1,16.655760980659196,202201,1.0,7.0
1800000179,C000101,2022-01-18,2022-02-01,131466.67,Manufacturing,West,NT14,High,CLEARED,11.786516244859227,14,4,4,14.4,1.0,5,117305.296,1,1,1,0,19.333333333333332,4.933333333333332,201372.23,1.1207223755694713,586526.48,0.32511350945516454,14,0,0,16.655760980659196,202201,0.0,0.0
1800004281,C000052,2022-01-18,2022-02-01,143858.17,Construction,South,NT14,High,CLEARED,11.87659011390658,14,0,3,29.375,0.875,8,112170.02124999999,1,1,1,0,33.0,3.625,189563.4,1.2825010497178633,897360.1699999999,0.13879558038608067,14,0,0,16.655760980659196,202201,1.0,26.0
1800002181,C000067,2022-01-18,2022-02-01,161206.28,Manufacturing,West,NT14,High,CLEARED,11.990446269325247,14,4,4,1.7777777777777777,0.5555555555555556,9,125136.92222222223,1,1,1,0,1.6666666666666667,-0.11111111111111094,248221.29,1.2882391314829098,1126232.3,0.09815622779317082,14,0,0,16.655760980659196,202201,1.0,4.0
1800000064,C000074,2022-01-18,2022-04-18,113975.14,Retail,Northeast,NT90,High,CLEARED,11.643744407225084,90,5,2,2.5384615384615383,0.6153846153846154,13,97995.21076923076,1,1,1,0,2.6666666666666665,0.1282051282051282,241463.48,1.1630684714623496,1273937.74,0.611294149019788,90,0,0,16.655760980659196,202201,0.0,0.0
1800001187,C000172,2022-01-18,2022-03-04,239657.19,Logistics,Northeast,NT45,High,CLEARED,12.386968978842138,45,3,2,13.625,1.0,8,135241.265,1,1,1,0,12.333333333333334,-1.291666666666666,248872.63,1.7720714901624144,1081930.12,0.26740161279897356,45,0,0,16.655760980659196,202201,0.0,-4.0
1800000836,C000004,2022-01-19,2022-04-19,56449.86,Manufacturing,West,NT90,High,CLEARED,10.941125804182754,90,4,4,9.75,1.0,4,213465.4125,1,1,2,0,9.0,-0.75,240848.93,0.2644449952752884,853861.65,0.04707811086089457,90,0,0,16.655760980659196,202201,1.0,1.0
1800002110,C000064,2022-01-19,2022-04-19,26221.33,Construction,West,NT90,High,CLEARED,10.174366616832573,90,0,4,3.25,0.75,4,135883.1625,1,1,2,0,4.333333333333333,1.083333333333333,240204.86,0.1929696771665879,543532.65,0.07462406476698764,90,0,0,16.655760980659196,202201,1.0,3.0
1800000555,C000059,2022-01-19,2022-02-02,93264.51,Retail,South,NT14,High,CLEARED,11.443205650752995,14,5,3,16.714285714285715,1.0,7,100907.54000000001,1,1,2,0,19.0,2.2857142857142847,188404.5,0.92425709714061,706352.78,0.07216542579887018,14,0,0,16.655760980659196,202201,1.0,13.0
1800004001,C000139,2022-01-19,2022-04-19,199994.63,Retail,West,NT90,Medium,CLEARED,12.206050795291459,90,5,4,1.3333333333333333,0.3333333333333333,6,132638.07166666666,1,1,2,0,3.0,1.6666666666666667,243387.7,1.50782220735693,795828.4299999999,0.39888939429532166,90,0,0,16.655760980659196,202201,0.0,-1.0
1800002929,C000015,2022-01-19,2022-02-02,117830.29,Construction,Northeast,NT14,High,CLEARED,11.677009134623356,14,0,2,2.4,0.6,5,110961.254,1,1,2,0,0.0,-2.4,234147.69,1.0619048158918607,554806.27,0.1775563695632876,14,0,0,16.655760980659196,202201,1.0,1.0
1800003012,C000034,2022-01-20,2022-02-19,158594.33,Logistics,Midwest,NT30,High,CLEARED,11.974111142604349,30,3,1,2.2,0.6,5,114925.156,1,1,3,0,1.3333333333333333,-0.8666666666666669,165843.04,1.37997924492702,574625.78,0.3390493626702327,30,0,0,16.655760980659196,202201,1.0,1.0
1800002256,C000103,2022-01-20,2022-03-06,145060.04,Retail,West,NT45,High,CLEARED,11.884909898338828,45,5,4,23.0,1.0,5,84037.82800000001,1,1,3,0,22.333333333333332,-0.6666666666666679,144905.48,1.7261279051619467,420189.14,0.14999513027801425,45,0,0,16.655760980659196,202201,1.0,5.0
1800003596,C000043,2022-01-20,2022-03-21,181418.09,Healthcare,Midwest,NT60,High,CLEARED,12.108565048171348,60,2,1,2.5,0.6666666666666666,6,79090.18166666666,1,1,3,0,2.3333333333333335,-0.16666666666666652,125519.4,2.29381303945671,474541.08999999997,0.09464784339733304,60,0,0,16.655760980659196,202201,1.0,2.0
1800001023,C000071,2022-01-20,2022-04-20,178465.14,Energy,Midwest,NT90,High,CLEARED,12.0921541703313,90,1,1,3.0,1.0,1,80845.61,1,1,3,0,3.0,0.0,80845.61,2.207480900941931,80845.61,0.14708900363339597,90,0,0,16.655760980659196,202201,0.0,0.0
1800001058,C000020,2022-01-21,2022-02-04,27531.18,Healthcare,West,NT14,High,CLEARED,10.223110781343753,14,2,4,2.5714285714285716,0.5714285714285714,7,158014.07142857142,1,1,4,0,3.6666666666666665,1.095238095238095,226804.35,0.17423245759758288,1106098.5,0.013817844320062186,14,0,0,16.655760980659196,202201,1.0,3.0
1800003614,C000132,2022-01-21,2022-02-04,30295.06,Healthcare,West,NT14,High,CLEARED,10.318772950039136,14,2,4,1.7142857142857142,0.5714285714285714,7,164401.77714285714,1,1,4,0,2.6666666666666665,0.9523809523809523,249747.76,0.18427452869730884,1150812.44,0.0257788336512986,14,0,0,16.655760980659196,202201,0.0,-1.0
1800002366,C000184,2022-01-21,2022-02-20,55392.88,Retail,International,NT30,High,CLEARED,10.92222439731911,30,5,0,34.142857142857146,1.0,7,105477.21857142857,1,1,4,0,26.333333333333332,-7.809523809523814,205830.12,0.5251643980589823,738340.53,0.04289350436547063,30,0,0,16.655760980659196,202201,1.0,12.0
1800004248,C000137,2022-01-22,2022-02-05,42424.41,Logistics,Northeast,NT14,High,CLEARED,10.655502754168872,14,3,2,23.8,1.0,5,128344.68400000001,1,1,5,0,27.333333333333332,3.5333333333333314,215412.97,0.3305505820560515,641723.42,0.07494685103489218,14,0,0,16.655760980659196,202201,1.0,25.0
1800000460,C000118,2022-01-22,2022-03-08,125261.95,Healthcare,Northeast,NT45,High,CLEARED,11.738170406815975,45,2,2,2.4,0.8,5,115034.58800000002,1,1,5,0,2.0,-0.3999999999999999,191691.09,1.0889068425228765,575172.9400000001,0.16883742349530131,45,0,0,16.655760980659196,202201,0.0,0.0
1800004609,C000141,2022-01-22,2022-04-22,215978.76,Healthcare,Northeast,NT90,High,CLEARED,12.282939978572132,90,2,2,13.5,0.75,4,146887.1975,1,1,5,0,10.0,-3.5,196309.7,1.470371575439718,587548.79,0.19424355846600996,90,0,0,16.655760980659196,202201,1.0,10.0
1800003108,C000087,2022-01-22,2022-03-23,236206.27,Construction,South,NT60,High,CLEARED,12.372464961272582,60,0,3,8.0,0.6666666666666666,6,143401.05333333334,1,1,5,0,9.0,1.0,190662.41,1.6471724893885018,860406.3200000001,0.12843813214304975,60,0,0,16.655760980659196,202201,1.0,11.0
1800000027,C000040,2022-01-22,2022-02-05,165603.35,Construction,West,NT14,High,CLEARED,12.017356788704237,14,0,4,33.6,1.0,5,87639.81,1,1,5,0,36.666666666666664,3.066666666666663,213889.25,1.8895904726402306,438199.05,1.114069457327294,14,0,0,16.655760980659196,202201,1.0,16.0
1800001822,C000111,2022-01-22,2022-02-05,44046.86,Energy,International,NT14,High,CLEARED,10.693032049026447,14,1,0,11.0,1.0,8,138678.81,1,1,5,0,10.333333333333334,-0.6666666666666661,244079.76,0.3176178105364475,1109430.48,0.040452522696745825,14,0,0,16.655760980659196,202201,1.0,13.0
1800004705,C000190,2022-01-22,2022-02-05,21898.46,Manufacturing,Northeast,NT14,Medium,CLEARED,9.994217257966344,14,4,2,1.0,0.5,6,117553.24833333334,1,1,5,0,2.0,1.0,182065.04,0.18628545200133345,705319.49,0.014976146689130276,14,0,0,16.655760980659196,202201,1.0,6.0
1800002899,C000045,2022-01-22,2022-04-22,33688.0,Energy,International,NT90,High,CLEARED,10.42492665356173,90,1,0,16.75,1.0,4,216940.215,1,1,5,0,19.333333333333332,2.583333333333332,241835.25,0.15528702227938698,867760.86,0.050924420015933385,90,0,0,16.655760980659196,202201,1.0,31.0
1800000142,C000006,2022-01-23,2022-03-09,169943.08,Energy,South,NT45,High,CLEARED,12.043224720742913,45,1,3,2.5,0.6666666666666666,6,140485.495,1,1,6,0,3.6666666666666665,1.1666666666666665,249161.14,1.2096841741562,842912.97,0.7122601284098667,45,0,0,16.655760980659196,202201,1.0,1.0
1800002863,C000160,2022-01-23,2022-04-23,42726.31,Logistics,International,NT90,High,CLEARED,10.662593573227916,90,3,0,2.2,0.8,5,101300.896,1,1,6,0,1.6666666666666667,-0.5333333333333334,173635.01,0.42177622989632785,506504.48,0.024628208742492993,90,0,0,16.655760980659196,202201,0.0,0.0
1800001176,C000148,2022-01-23,2022-03-09,174494.05,Construction,Northeast,NT45,High,CLEARED,12.069651653460097,45,0,2,13.923076923076923,0.9230769230769231,13,123020.45230769229,1,1,6,0,23.0,9.076923076923077,248646.7,1.4184149604942489,1599265.88,0.1354946094601602,45,0,0,16.655760980659196,202201,1.0,26.0
1800001316,C000192,2022-01-23,2022-03-24,237613.27,Logistics,Midwest,NT60,High,CLEARED,12.37840392358972,60,3,1,3.1818181818181817,0.8181818181818182,11,141706.6390909091,1,1,6,0,5.333333333333333,2.1515151515151514,228572.97,1.676797018998975,1558773.03,0.17457898672035796,60,0,0,16.655760980659196,202201,0.0,0.0
1800002718,C000068,2022-01-24,2022-03-10,71838.95,Manufacturing,Northeast,NT45,High,CLEARED,11.182196006984748,45,4,2,1.5,0.8333333333333334,6,121248.09666666668,1,1,0,0,0.3333333333333333,-1.1666666666666667,232651.41,0.5924954863208985,727488.5800000001,0.05372885056550479,45,0,1,16.655760980659196,202201,1.0,6.0
1800002305,C000028,2022-01-24,2022-04-24,9044.29,Manufacturing,Northeast,NT90,High,CLEARED,9.109999459228082,90,4,2,27.454545454545453,1.0,11,88405.13727272727,1,1,0,0,31.666666666666668,4.212121212121215,192125.61,0.1023050275019497,972456.51,0.009259095080035985,90,0,1,16.655760980659196,202201,0.0,-2.0
1800001409,C000165,2022-01-24,2022-03-25,125396.05,Retail,South,NT60,High,CLEARED,11.739240382183354,60,5,3,2.2857142857142856,0.5714285714285714,7,53252.682857142856,1,1,0,0,1.0,-1.2857142857142856,105475.84,2.3547367620217554,372768.77999999997,0.12896798735794165,60,0,1,16.655760980659196,202201,0.0,-2.0
1800002988,C000032,2022-01-24,2022-04-24,192268.27,Manufacturing,International,NT90,High,CLEARED,12.166652116415012,90,4,0,1.8,0.6,5,114766.18600000002,1,1,0,0,1.3333333333333333,-0.4666666666666668,230177.65,1.6753041701673346,573830.93,0.4010402276565686,90,0,1,16.655760980659196,202201,1.0,5.0
1800002507,C000082,2022-01-24,2022-02-07,145890.73,Logistics,Northeast,NT14,High,CLEARED,11.890620050245,14,3,2,11.285714285714286,0.8571428571428571,7,108980.44428571429,1,1,0,0,12.333333333333334,1.0476190476190474,218077.95,1.33868723839589,762863.11,0.298926215036063,14,0,1,16.655760980659196,202201,1.0,7.0
1800000713,C000026,2022-01-25,2022-03-11,80970.76,Manufacturing,Midwest,NT45,High,CLEARED,11.301855730889525,45,4,1,2.2222222222222223,0.6666666666666666,9,131923.79,1,1,1,0,2.0,-0.22222222222222232,236806.85,0.6137692072066758,1187314.11,0.15580300320025253,45,1,0,16.655760980659196,202201,1.0,1.0
1800003583,C000099,2022-01-25,2022-03-11,121183.13,Logistics,West,NT45,High,CLEARED,11.705066403449823,45,3,4,1.6,0.6,10,126415.03400000001,1,1,1,0,1.6666666666666667,0.06666666666666665,245026.79,0.958613276961979,1264150.34,0.0717490418097239,45,1,0,16.655760980659196,202201,1.0,1.0
1800003980,C000070,2022-01-25,2022-04-25,30428.59,Energy,Midwest,NT90,Medium,CLEARED,10.323170769254405,90,1,1,0.8571428571428571,0.2857142857142857,7,176935.83142857143,1,1,1,0,1.0,0.1428571428571429,243557.77,0.1719752847929163,1238550.82,0.017286762617663234,90,1,0,16.655760980659196,202201,0.0,0.0
1800002038,C000122,2022-01-25,2022-02-08,62956.96,Manufacturing,Midwest,NT14,High,CLEARED,11.050222481041567,14,4,1,12.5,1.0,4,175808.05,1,1,1,0,15.666666666666666,3.166666666666666,225444.56,0.35810055341606944,703232.2,0.04500188511677699,14,1,0,16.655760980659196,202201,1.0,15.0
1800004073,C000200,2022-01-25,2022-03-11,196587.51,Healthcare,Northeast,NT45,High,CLEARED,12.18886804144713,45,2,2,1.3333333333333333,0.6666666666666666,3,113925.51666666668,1,1,1,0,1.3333333333333333,0.0,230600.01,1.7255792710178623,341776.55000000005,0.1032723833814449,45,1,0,16.655760980659196,202201,0.0,0.0
1800003508,C000004,2022-01-26,2022-04-26,141095.95,Manufacturing,West,NT90,High,CLEARED,11.857202521732013,90,4,4,8.0,1.0,5,182062.302,1,1,2,0,3.3333333333333335,-4.666666666666666,240848.93,0.7749871799379974,910311.51,0.11767134189745089,90,1,0,16.655760980659196,202201,0.0,-3.0
1800000478,C000128,2022-01-26,2022-03-12,212989.15,Retail,Northeast,NT45,Medium,CLEARED,12.269001199490814,45,5,2,0.0,0.4,5,157404.56,1,1,2,0,-1.6666666666666667,-1.6666666666666667,236385.24,1.353132018538726,787022.7999999999,0.14887724239858208,45,1,0,16.655760980659196,202201,0.0,0.0
1800004392,C000055,2022-01-26,2022-04-26,24532.65,Logistics,Midwest,NT90,High,CLEARED,10.107800923574251,90,3,1,15.11111111111111,0.8888888888888888,9,154329.30666666667,1,1,2,0,16.333333333333332,1.2222222222222214,241415.98,0.1589630027496182,1388963.76,0.013042944223416206,90,1,0,16.655760980659196,202201,1.0,19.0
1800001276,C000078,2022-01-26,2022-02-25,202864.98,Construction,International,NT30,High,CLEARED,12.220300842953556,30,0,0,16.0,1.0,6,140398.73,1,1,2,0,18.0,2.0,210133.06,1.4449203351055953,842392.38,0.24097618832162984,30,1,0,16.655760980659196,202201,1.0,22.0
1800004358,C000187,2022-01-26,2022-03-12,104872.04,Manufacturing,West,NT45,High,CLEARED,11.560505754679491,45,4,4,30.0,1.0,2,118728.525,1,1,2,0,30.0,0.0,168236.65,0.8832927049333764,237457.05,0.3408127499641629,45,1,0,16.655760980659196,202201,1.0,24.0
1800000381,C000083,2022-01-26,2022-02-09,83797.13,Manufacturing,South,NT14,Medium,CLEARED,11.336165971185391,14,4,3,1.3333333333333333,0.3333333333333333,3,107614.22000000002,1,1,2,0,1.3333333333333333,0.0,237730.96,0.7786808286116834,322842.66000000003,0.06747036445913063,14,1,0,16.655760980659196,202201,1.0,8.0
1800004238,C000155,2022-01-26,2022-03-27,111868.82,Energy,West,NT60,High,CLEARED,11.625091152829222,60,1,4,27.555555555555557,0.8888888888888888,9,92374.49555555555,1,1,2,0,22.333333333333332,-5.222222222222225,249366.55,1.2110357878243594,831370.46,0.05743824993115116,60,1,0,16.655760980659196,202201,1.0,21.0
1800003047,C000167,2022-01-27,2022-02-10,174562.41,Construction,Northeast,NT14,High,CLEARED,12.070043335706526,14,0,2,2.0,0.5714285714285714,7,138971.14428571428,1,1,3,0,1.3333333333333333,-0.6666666666666667,233711.12,1.2561054375512137,972798.01,0.2503082817386727,14,1,0,16.655760980659196,202201,1.0,2.0
1800004195,C000117,2022-01-27,2022-03-28,170376.46,Construction,International,NT60,High,CLEARED,12.045771607632673,60,0,0,4.0,1.0,5,171777.024,1,1,3,0,3.6666666666666665,-0.3333333333333335,249320.04,0.991846616227325,858885.12,0.21593177154395082,60,1,0,16.655760980659196,202201,0.0,-5.0
1800002734,C000057,2022-01-27,2022-02-26,239220.63,Manufacturing,Midwest,NT30,Medium,CLEARED,12.385145723391796,30,4,1,1.9,0.5,10,109680.699,1,1,3,0,2.0,0.10000000000000009,180629.37,2.181064053940794,1096806.99,0.18590870298036466,30,1,0,16.655760980659196,202201,1.0,3.0
1800002292,C000154,2022-01-28,2022-03-29,202267.89,Manufacturing,South,NT60,High,CLEARED,12.217353229817643,60,4,3,11.0,1.0,8,133419.47875,1,1,4,0,13.333333333333334,2.333333333333334,240470.24,1.516029682434957,1067355.83,0.180438720357031,60,1,0,16.655760980659196,202201,1.0,14.0
1800004995,C000195,2022-01-28,2022-03-29,171872.9,Logistics,Midwest,NT60,High,CLEARED,12.054516347382492,60,3,1,9.636363636363637,0.8181818181818182,11,104569.99727272727,1,1,4,0,3.3333333333333335,-6.303030303030303,220702.53,1.6436158026450087,1150269.97,0.61932145105645,60,1,0,16.655760980659196,202201,1.0,20.0
1800000951,C000132,2022-01-28,2022-02-11,43147.16,Healthcare,West,NT14,Medium,CLEARED,10.672395053655682,14,2,4,1.375,0.5,8,147638.4375,1,1,4,0,2.0,0.625,249747.76,0.2922488257842745,1181107.5,0.036715010967661554,14,1,0,16.655760980659196,202201,1.0,2.0
1800002802,C000046,2022-01-28,2022-03-29,153581.75,Construction,International,NT60,Medium,CLEARED,11.941994788701566,60,0,0,0.6666666666666666,0.3333333333333333,9,128153.90444444443,1,1,4,0,-1.3333333333333333,-2.0,235285.11,1.1984164717086612,1153385.14,0.954426735874142,60,1,0,16.655760980659196,202201,1.0,6.0
1800003936,C000075,2022-01-28,2022-03-14,123179.18,Retail,International,NT45,High,CLEARED,11.721403440516148,45,5,0,13.285714285714286,1.0,7,113619.34142857142,1,1,4,0,12.666666666666666,-0.6190476190476204,240982.94,1.0841391830935625,795335.39,0.07230395946349376,45,1,0,16.655760980659196,202201,1.0,19.0
1800003243,C000129,2022-01-28,2022-02-11,205213.36,Construction,South,NT14,High,CLEARED,12.231810370337053,14,0,3,2.2,0.8,5,119600.91799999999,1,1,4,0,3.6666666666666665,1.4666666666666663,215231.84,1.7158175993264533,598004.59,0.1455451143742742,14,1,0,16.655760980659196,202201,1.0,2.0
1800002635,C000191,2022-01-29,2022-04-29,200772.75,Energy,Midwest,NT90,High,CLEARED,12.209933931162547,90,1,1,23.11111111111111,1.0,9,139140.16444444444,1,1,5,0,36.333333333333336,13.222222222222225,200312.13,1.442953232099737,1252261.48,2.6026595583330243,90,1,0,16.655760980659196,202201,1.0,5.0
1800002994,C000098,2022-01-29,2022-02-28,115747.82,Manufacturing,West,NT30,High,CLEARED,11.659177777512069,30,4,4,10.555555555555555,1.0,9,141669.44,1,1,5,0,12.666666666666666,2.1111111111111107,247663.32,0.8170274407804534,1275024.96,0.12862581756026067,30,1,0,16.655760980659196,202201,1.0,17.0
1800004691,C000073,2022-01-29,2022-02-28,140396.43,Energy,Midwest,NT30,High,CLEARED,11.852232465563008,30,1,1,28.5,1.0,2,171305.845,1,1,5,0,28.5,0.0,191484.1,0.8195659056467104,342611.69,0.155941945735799,30,1,0,16.655760980659196,202201,1.0,45.0
1800000926,C000184,2022-01-29,2022-02-28,124822.05,Retail,International,NT30,High,CLEARED,11.73465241337617,30,5,0,31.375,1.0,8,99216.67625,1,1,5,0,19.333333333333332,-12.041666666666668,205830.12,1.2580753026384512,793733.41,0.09665601692098325,30,1,0,16.655760980659196,202201,1.0,8.0
1800003198,C000082,2022-01-29,2022-02-12,111958.44,Logistics,Northeast,NT14,High,CLEARED,11.62589194183053,14,3,2,10.75,0.875,8,113594.23000000001,1,1,5,0,7.333333333333333,-3.416666666666667,218077.95,0.9855997087175994,908753.8400000001,0.22939985776027136,14,1,0,16.655760980659196,202201,1.0,12.0
1800001360,C000147,2022-01-29,2022-03-15,34042.25,Energy,International,NT45,High,CLEARED,10.435387054040469,45,1,0,15.666666666666666,0.8333333333333334,6,153624.74333333332,1,1,5,0,15.333333333333334,-0.33333333333333215,208092.46,0.22159353539901766,921748.46,0.03518663877569092,45,1,0,16.655760980659196,202201,1.0,28.0
1800002072,C000187,2022-01-29,2022-03-15,163738.34,Manufacturing,West,NT45,High,CLEARED,12.00603105214181,45,4,4,28.0,1.0,3,114109.69666666666,1,1,5,0,28.0,0.0,168236.65,1.434920473746476,342329.08999999997,0.5321162240189767,45,1,0,16.655760980659196,202201,1.0,31.0
1800001664,C000092,2022-01-30,2022-03-16,141338.02,Retail,Northeast,NT45,High,CLEARED,11.858916680585601,45,5,2,2.25,0.625,8,154459.96,1,1,6,0,2.3333333333333335,0.08333333333333348,244604.99,0.9150463330432042,1235679.68,0.20987667886989786,45,1,0,16.655760980659196,202201,0.0,0.0
1800002078,C000197,2022-01-30,2022-03-01,174102.82,Healthcare,West,NT30,High,CLEARED,12.067407066928553,30,2,4,25.444444444444443,0.8888888888888888,9,86424.15,1,1,6,0,10.333333333333334,-15.111111111111109,244520.22,2.0145158500257163,777817.35,0.12825743846286047,30,1,0,16.655760980659196,202201,1.0,31.0
1800000161,C000101,2022-01-30,2022-02-13,215579.33,Manufacturing,West,NT14,High,CLEARED,12.281088880088692,14,4,4,12.0,0.8333333333333334,6,119665.52500000001,1,1,6,0,12.0,0.0,201372.23,1.8015157665501402,717993.15,0.533121836449444,14,1,0,16.655760980659196,202201,1.0,10.0
1800002107,C000113,2022-01-30,2022-03-31,38136.98,Healthcare,South,NT60,High,CLEARED,10.548965914983086,60,2,3,2.3333333333333335,0.6666666666666666,6,121654.21833333334,1,1,6,0,4.0,1.6666666666666665,245331.65,0.3134867045506341,729925.31,0.029577514643037366,60,1,0,16.655760980659196,202201,0.0,-2.0
1800002596,C000132,2022-01-30,2022-02-13,112851.64,Healthcare,West,NT14,High,CLEARED,11.633838175857738,14,2,4,1.4444444444444444,0.5555555555555556,9,136028.29555555555,1,1,6,0,0.6666666666666666,-0.7777777777777778,249747.76,0.8296188637746333,1224254.66,0.09602831797779027,14,1,0,16.655760980659196,202201,1.0,5.0
1800002574,C000075,2022-01-30,2022-03-16,202981.98,Retail,International,NT45,High,CLEARED,12.220877412144425,45,5,0,14.0,1.0,8,114814.32125,1,1,6,0,12.0,-2.0,240982.94,1.7679151676385494,918514.57,0.11914676533599025,45,1,0,16.655760980659196,202201,1.0,8.0
1800003268,C000007,2022-01-30,2022-04-30,165364.99,Energy,Midwest,NT90,High,CLEARED,12.015916417695706,90,1,1,8.090909090909092,0.8181818181818182,11,76321.53818181818,1,1,6,0,10.666666666666666,2.5757575757575744,200066.13,2.1666883810184308,839536.9199999999,0.17482687946016576,90,1,0,16.655760980659196,202201,0.0,-5.0
1800004773,C000099,2022-01-30,2022-03-16,191918.48,Logistics,West,NT45,High,CLEARED,12.16483118804763,45,3,4,1.5454545454545454,0.6363636363636364,11,125939.40636363636,1,1,6,0,2.3333333333333335,0.7878787878787881,245026.79,1.5238953838313025,1385333.47,0.11362940572321131,45,1,0,16.655760980659196,202201,0.0,-1.0
1800001092,C000200,2022-01-31,2022-03-17,27636.12,Healthcare,Northeast,NT45,Medium,CLEARED,10.226915075636532,45,2,2,1.0,0.5,4,134591.015,1,1,0,0,1.0,0.0,230600.01,0.20533406334739354,538364.06,0.014517951724479427,45,1,1,16.655760980659196,202201,1.0,3.0
1800004403,C000092,2022-01-31,2022-03-17,206005.39,Retail,Northeast,NT45,High,CLEARED,12.235662466708101,45,5,2,2.0,0.5555555555555556,9,153001.96666666667,1,1,0,0,2.0,0.0,244604.99,1.3464231505520954,1377017.7,0.3059030194600015,45,1,1,16.655760980659196,202201,0.0,0.0
1800004912,C000196,2022-01-31,2022-02-14,176784.75,Healthcare,Midwest,NT14,High,CLEARED,12.082693826389852,14,2,1,2.6,0.8,5,143799.83000000002,1,1,0,0,2.3333333333333335,-0.2666666666666666,200091.52,1.229380799685229,718999.15,0.7380657252455283,14,1,1,16.655760980659196,202201,1.0,2.0
1800001358,C000122,2022-01-31,2022-02-14,1270.49,Manufacturing,Midwest,NT14,High,CLEARED,7.1479447201045465,14,4,1,13.0,1.0,5,153237.832,1,1,0,0,17.333333333333332,4.333333333333332,225444.56,0.008290968251234461,766189.16,0.0009081512992688021,14,1,1,16.655760980659196,202201,1.0,24.0
1800003531,C000137,2022-01-31,2022-02-14,2526.68,Logistics,Northeast,NT14,High,CLEARED,7.835057164976054,14,3,2,24.0,1.0,6,114024.63833333335,1,1,0,0,30.0,6.0,215412.97,0.022159070503812016,684147.8300000001,0.0044636262371790525,14,1,1,16.655760980659196,202201,1.0,53.0
1800004688,C000051,2022-02-01,2022-04-02,48787.09,Energy,Midwest,NT60,High,CLEARED,10.79524150467734,60,1,1,15.5,1.0,6,146490.025,2,1,1,0,16.0,0.5,240179.13,0.33304035547812894,878940.15,0.05170003708021932,60,0,0,16.497031888469166,202202,1.0,12.0
1800000450,C000034,2022-02-01,2022-03-03,151668.61,Logistics,Midwest,NT30,High,CLEARED,11.929459815670079,30,3,1,2.0,0.6666666666666666,6,122203.35166666667,2,1,1,0,2.0,0.0,165843.04,1.2411166136728027,733220.11,0.3242432787955287,30,0,0,16.497031888469166,202202,0.0,0.0
1800004660,C000036,2022-02-01,2022-03-03,54025.25,Energy,South,NT30,High,CLEARED,10.897225318543793,30,1,3,9.285714285714286,1.0,7,153950.37285714285,2,1,1,0,7.333333333333333,-1.9523809523809534,248636.81,0.3509263991853553,1077652.6099999999,0.0606650514023466,30,0,0,16.497031888469166,202202,1.0,11.0
1800000518,C000062,2022-02-02,2022-03-04,63400.72,Retail,South,NT30,High,CLEARED,11.057246269394863,30,5,3,1.4285714285714286,0.5714285714285714,7,133334.23285714287,2,1,2,0,-1.0,-2.428571428571429,180971.81,0.4755021920584257,933339.63,0.03516374443924143,30,0,0,16.497031888469166,202202,1.0,5.0
1800003577,C000081,2022-02-02,2022-03-04,28945.59,Retail,South,NT30,High,CLEARED,10.273207686771554,30,5,3,1.4444444444444444,0.5555555555555556,9,141422.67444444445,2,1,2,0,1.6666666666666667,0.22222222222222232,245372.05,0.20467432194807483,1272804.07,0.021528648196987736,30,0,0,16.497031888469166,202202,0.0,0.0
1800000384,C000130,2022-02-03,2022-04-04,203563.71,Energy,South,NT60,High,CLEARED,12.223739218576174,60,1,3,2.0,0.5714285714285714,7,101171.65714285713,2,1,3,0,2.3333333333333335,0.3333333333333335,162260.46,2.0120626245408086,708201.6,0.33676858826239264,60,0,0,16.497031888469166,202202,1.0,4.0
1800001030,C000163,2022-02-03,2022-05-04,189146.71,Retail,West,NT90,Medium,CLEARED,12.150283523194338,90,5,4,0.7142857142857143,0.42857142857142855,7,93944.63857142857,2,1,3,0,1.6666666666666667,0.9523809523809524,151052.79,2.0133848283016893,657612.47,0.1679454509369841,90,0,0,16.497031888469166,202202,1.0,1.0
1800004862,C000112,2022-02-03,2022-02-17,178620.65,Logistics,International,NT14,High,CLEARED,12.093025160682615,14,3,0,8.444444444444445,0.7777777777777778,9,180995.6788888889,2,1,3,0,7.333333333333333,-1.1111111111111116,242663.76,0.9868779801624605,1628961.11,2.392079916766314,14,0,0,16.497031888469166,202202,1.0,17.0
1800004786,C000088,2022-02-04,2022-03-06,127077.29,Logistics,West,NT30,High,CLEARED,11.752558632202266,30,3,4,2.375,0.625,8,96962.57250000001,2,1,4,0,4.666666666666667,2.291666666666667,247684.45,1.310580842932978,775700.5800000001,0.06429766999258871,30,0,0,16.497031888469166,202202,0.0,-1.0
1800003888,C000030,2022-02-04,2022-03-06,30874.3,Healthcare,Midwest,NT30,High,CLEARED,10.337711790482263,30,2,1,31.11111111111111,1.0,9,146921.3,2,1,4,0,22.333333333333332,-8.777777777777779,245918.44,0.210141756164695,1322291.7,0.023438234062753534,30,0,0,16.497031888469166,202202,1.0,28.0
1800003561,C000145,2022-02-04,2022-02-18,157001.2,Logistics,West,NT14,High,CLEARED,11.96401509697112,14,3,4,1.5454545454545454,0.7272727272727273,11,68739.98545454546,2,1,4,0,2.0,0.4545454545454546,180939.05,2.2839865176261576,756139.84,0.1279301483913192,14,0,0,16.497031888469166,202202,1.0,2.0
1800001232,C000196,2022-02-04,2022-02-18,249974.99,Healthcare,Midwest,NT14,High,CLEARED,12.429120152232247,14,2,1,2.5,0.8333333333333334,6,149297.31666666668,2,1,4,0,1.6666666666666667,-0.8333333333333333,200091.52,1.6743434884239377,895783.9,1.0436305862784752,14,0,0,16.497031888469166,202202,1.0,2.0
1800003777,C000183,2022-02-05,2022-02-19,194938.58,Logistics,International,NT14,High,CLEARED,12.1804449433798,14,3,0,9.8,0.9,10,133697.673,2,1,5,0,9.333333333333334,-0.4666666666666668,201575.82,1.458055145058508,1336976.73,0.11644827080614789,14,0,0,16.497031888469166,202202,1.0,6.0
1800003631,C000116,2022-02-05,2022-03-22,27375.8,Manufacturing,Midwest,NT45,High,CLEARED,10.217451218381798,45,4,1,13.571428571428571,1.0,7,160344.73714285714,2,1,5,0,8.666666666666666,-4.904761904761905,207844.11,0.17073089200058916,1122413.16,0.04609418237026416,45,0,0,16.497031888469166,202202,1.0,12.0
1800000321,C000024,2022-02-06,2022-03-23,236656.9,Construction,International,NT45,High,CLEARED,12.374370917409786,45,0,0,29.77777777777778,1.0,9,163868.98,2,1,6,0,32.666666666666664,2.8888888888888857,249295.78,1.4441836398810806,1474820.82,0.6799771070034393,45,0,0,16.497031888469166,202202,1.0,22.0
1800004571,C000120,2022-02-06,2022-03-08,176808.74,Manufacturing,South,NT30,High,CLEARED,12.082829518165992,30,4,3,3.0,0.8333333333333334,6,134352.18833333332,2,1,6,0,3.6666666666666665,0.6666666666666665,225243.15,1.3160093794775432,806113.13,0.209853327845766,30,0,0,16.497031888469166,202202,1.0,7.0
1800002956,C000109,2022-02-06,2022-05-07,103813.07,Healthcare,West,NT90,High,CLEARED,11.55035678966092,90,2,4,32.4,1.0,5,105974.61799999999,2,1,6,0,45.333333333333336,12.933333333333337,158513.24,0.9796031536532646,529873.09,0.23769826502341526,90,0,0,16.497031888469166,202202,1.0,39.0
1800000163,C000085,2022-02-06,2022-04-07,5666.64,Manufacturing,West,NT60,High,CLEARED,8.642528084326258,60,4,4,16.1,1.0,10,104679.214,2,1,6,0,17.0,0.8999999999999986,247874.28,0.05413338315665993,1046792.14,0.0042628331239219245,60,0,0,16.497031888469166,202202,1.0,11.0
1800001787,C000058,2022-02-06,2022-04-07,99969.37,Energy,Midwest,NT60,High,CLEARED,11.51262912106471,60,1,1,0.7777777777777778,0.5555555555555556,9,155591.76666666666,2,1,6,0,2.0,1.2222222222222223,242563.82,0.6425106684094039,1400325.9,0.07768505048048666,60,0,0,16.497031888469166,202202,0.0,-3.0
1800002425,C000001,2022-02-06,2022-02-20,27427.75,Manufacturing,Midwest,NT14,High,CLEARED,10.21934701235008,14,4,1,8.5,1.0,4,166308.875,2,1,6,0,5.333333333333333,-3.166666666666667,232262.82,0.16492054317606322,665235.5,0.08515317776872051,14,0,0,16.497031888469166,202202,1.0,7.0
1800004606,C000140,2022-02-07,2022-04-08,5908.29,Logistics,South,NT60,High,CLEARED,8.684280967819523,60,3,3,16.0,1.0,3,57860.73333333334,2,1,0,0,16.0,0.0,149814.51,0.10211225574972549,173582.2,0.003190864827418168,60,0,1,16.497031888469166,202202,1.0,16.0
1800003857,C000107,2022-02-07,2022-04-08,229510.32,Retail,Midwest,NT60,High,CLEARED,12.343707631885055,60,5,1,24.11111111111111,1.0,9,140918.8688888889,2,1,0,0,12.0,-12.11111111111111,228668.29,1.6286698992805806,1268269.82,0.18636787974249908,60,0,1,16.497031888469166,202202,1.0,37.0
1800003144,C000001,2022-02-08,2022-02-22,99875.55,Manufacturing,Midwest,NT14,High,CLEARED,11.5116902023474,14,4,1,8.2,1.0,5,138532.65,2,1,1,0,4.333333333333333,-3.8666666666666663,232262.82,0.7209531471461782,692663.25,0.31007721974637853,14,0,0,16.497031888469166,202202,1.0,1.0
1800004354,C000140,2022-02-08,2022-04-09,239050.62,Logistics,South,NT60,High,CLEARED,12.384434790856218,60,3,3,16.0,1.0,4,44872.622500000005,2,1,1,0,14.333333333333334,-1.666666666666666,149814.51,5.327315558612603,179490.49000000002,0.12910304256062347,60,0,0,16.497031888469166,202202,1.0,3.0
1800003398,C000135,2022-02-08,2022-05-09,13274.57,Healthcare,West,NT90,Medium,CLEARED,9.493680783041444,90,2,4,1.0,0.2857142857142857,7,132189.87999999998,2,1,1,0,2.3333333333333335,1.3333333333333335,220524.96,0.10042047091653311,925329.1599999999,0.021076145204880343,90,0,0,16.497031888469166,202202,1.0,3.0
1800003067,C000095,2022-02-08,2022-03-10,180529.89,Healthcare,West,NT30,High,CLEARED,12.103657177847095,30,2,4,1.8,0.6,5,98125.428,2,1,1,0,1.0,-0.8,201367.35,1.83978703257223,490627.14,0.09527543385800719,30,0,0,16.497031888469166,202202,0.0,0.0
1800001784,C000040,2022-02-08,2022-02-22,21402.09,Construction,West,NT14,High,CLEARED,9.97129058310971,14,0,4,30.666666666666668,1.0,6,100633.73333333334,2,1,1,0,28.666666666666668,-2.0,213889.25,0.21267311955036944,603802.4,0.1439790607615722,14,0,0,16.497031888469166,202202,1.0,18.0
1800002441,C000016,2022-02-08,2022-04-09,169644.97,Manufacturing,West,NT60,High,CLEARED,12.041469015140954,60,4,4,14.4,1.0,5,177222.21000000002,2,1,1,0,10.666666666666666,-3.7333333333333343,224363.65,0.957244410844442,886111.05,0.5263914398177579,60,0,0,16.497031888469166,202202,1.0,3.0
1800001277,C000119,2022-02-09,2022-03-26,147393.05,Logistics,International,NT45,High,CLEARED,11.900864891572562,45,3,0,4.2,1.0,10,115949.674,2,1,2,0,3.6666666666666665,-0.5333333333333337,221992.37,1.2711812367838136,1159496.74,0.13000002204989006,45,0,0,16.497031888469166,202202,1.0,4.0
1800004409,C000146,2022-02-09,2022-03-11,227786.21,Construction,International,NT30,Medium,CLEARED,12.336167182677109,30,0,0,0.0,0.5,6,152058.25,2,1,2,0,1.0,1.0,236408.5,1.4980194103246618,912349.5,0.11394060626905053,30,0,0,16.497031888469166,202202,1.0,2.0
1800000595,C000014,2022-02-09,2022-03-26,247283.58,Manufacturing,South,NT45,High,CLEARED,12.41829509814855,45,4,3,1.0,0.6,5,164430.864,2,1,2,0,2.0,1.0,216925.77,1.503875695745295,822154.32,0.15265932767121201,45,0,0,16.497031888469166,202202,0.0,0.0
1800003302,C000017,2022-02-09,2022-05-10,164576.01,Logistics,Midwest,NT90,High,CLEARED,12.011133885538118,90,3,1,17.5,1.0,6,132710.045,2,1,2,0,24.666666666666668,7.166666666666668,243868.16,1.2401172043909712,796260.27,0.18586793258393772,90,0,0,16.497031888469166,202202,1.0,7.0
1800002653,C000019,2022-02-09,2022-02-23,2791.32,Logistics,Northeast,NT14,High,CLEARED,7.93462807049519,14,3,2,10.583333333333334,1.0,12,106950.51416666666,2,1,2,0,13.0,2.416666666666666,247674.67,0.026099173264844133,1283406.17,0.001750532543642465,14,0,0,16.497031888469166,202202,1.0,11.0
1800004693,C000001,2022-02-09,2022-02-23,162083.59,Manufacturing,Midwest,NT14,High,CLEARED,11.995873638429995,14,4,1,7.0,1.0,6,132089.80000000002,2,1,2,0,3.0,-4.0,232262.82,1.2270712045896048,792538.8,0.5032105350479864,14,0,0,16.497031888469166,202202,1.0,9.0
1800001213,C000092,2022-02-10,2022-03-27,211533.93,Retail,Northeast,NT45,Medium,CLEARED,12.262145417496408,45,5,2,1.8,0.5,10,158302.309,2,1,3,0,2.0,0.19999999999999996,244604.99,1.336265600522605,1583023.09,0.31411249921781453,45,0,0,16.497031888469166,202202,0.0,-1.0
1800004032,C000004,2022-02-10,2022-05-11,104639.34,Manufacturing,West,NT90,High,CLEARED,11.558284415921221,90,4,4,6.166666666666667,0.8333333333333334,6,175234.57666666666,2,1,3,0,1.6666666666666667,-4.5,240848.93,0.5971386583085496,1051407.46,0.08726722172439115,90,0,0,16.497031888469166,202202,1.0,3.0
1800001612,C000081,2022-02-10,2022-03-12,99354.67,Retail,South,NT30,Medium,CLEARED,11.506461317312725,30,5,3,1.3,0.5,10,130174.96599999999,2,1,3,0,0.3333333333333333,-0.9666666666666668,245372.05,0.7632394541973608,1301749.66,0.0738962908393925,30,0,0,16.497031888469166,202202,1.0,4.0
1800002736,C000120,2022-02-10,2022-03-12,203473.69,Manufacturing,South,NT30,High,CLEARED,12.223296902665393,30,4,3,3.5714285714285716,0.8571428571428571,7,140417.41,2,1,3,0,3.6666666666666665,0.0952380952380949,225243.15,1.4490631183127505,982921.87,0.24150181136723084,30,0,0,16.497031888469166,202202,1.0,8.0
1800004101,C000186,2022-02-11,2022-02-25,34988.87,Retail,International,NT14,High,CLEARED,10.46281387000759,14,5,0,14.0,0.9,10,140069.347,2,1,4,0,10.333333333333334,-3.666666666666666,245546.85,0.24979676674012052,1400693.47,0.11424824480098188,14,0,0,16.497031888469166,202202,1.0,7.0
1800001503,C000197,2022-02-11,2022-03-13,201280.17,Healthcare,West,NT30,High,CLEARED,12.212458065275412,30,2,4,26.0,0.9,10,95192.01699999999,2,1,4,0,22.0,-4.0,244520.22,2.114464808535363,951920.1699999999,0.14827835079046447,30,0,0,16.497031888469166,202202,1.0,31.0
1800000980,C000005,2022-02-11,2022-02-25,227533.57,Logistics,Northeast,NT14,High,CLEARED,12.335057461872948,14,3,2,9.333333333333334,0.9166666666666666,12,133404.18666666668,2,1,4,0,8.333333333333334,-1.0,246455.43,1.7055954215929654,1600850.24,0.3189029210855827,14,0,0,16.497031888469166,202202,1.0,16.0
1800003167,C000114,2022-02-12,2022-03-14,183832.22,Manufacturing,West,NT30,High,CLEARED,12.121784212506942,30,4,4,10.0,1.0,4,117626.0625,2,1,5,0,6.333333333333333,-3.666666666666667,170086.45,1.5628527903839338,470504.25,0.172223308136052,30,0,0,16.497031888469166,202202,1.0,21.0
1800002505,C000025,2022-02-12,2022-05-13,127287.4,Energy,International,NT90,High,CLEARED,11.7542106570628,90,1,0,14.444444444444445,1.0,9,138597.06333333335,2,1,5,0,13.0,-1.4444444444444446,227686.87,0.9183989684822325,1247373.57,0.18660987496179285,90,0,0,16.497031888469166,202202,1.0,10.0
1800000887,C000064,2022-02-13,2022-05-14,118906.19,Construction,West,NT90,High,CLEARED,11.686098551834597,90,0,4,3.2,0.8,5,113950.796,2,1,6,0,4.0,0.7999999999999998,240204.86,1.0434871380801938,569753.98,0.3383986709963125,90,0,0,16.497031888469166,202202,0.0,0.0
1800004936,C000088,2022-02-13,2022-03-15,7464.58,Logistics,West,NT30,High,CLEARED,8.918058402869386,30,3,4,2.0,0.5555555555555556,9,100308.65222222223,2,1,6,0,2.6666666666666665,0.6666666666666665,247684.45,0.07441611301349245,902777.87,0.003776875486353839,30,0,0,16.497031888469166,202202,0.0,0.0
1800002964,C000173,2022-02-13,2022-02-27,5829.45,Manufacturing,West,NT14,High,CLEARED,8.670849463329757,14,4,4,3.5,1.0,4,118015.615,2,1,6,0,3.3333333333333335,-0.16666666666666652,176437.48,0.0493955821015719,472062.46,0.009195312768402669,14,0,0,16.497031888469166,202202,1.0,4.0
1800000788,C000104,2022-02-13,2022-02-27,21385.71,Manufacturing,Midwest,NT14,High,CLEARED,9.970524980054773,14,4,1,9.25,0.75,4,105360.33249999999,2,1,6,0,7.0,-2.25,213968.05,0.20297686513090685,421441.32999999996,0.11634947141499653,14,0,0,16.497031888469166,202202,1.0,25.0
1800002663,C000121,2022-02-13,2022-03-15,188988.0,Logistics,West,NT30,High,CLEARED,12.149444091289832,30,3,4,9.0,1.0,6,183825.4733333333,2,1,6,0,9.0,0.0,238023.15,1.0280838480818457,1102952.8399999999,0.18765534678924153,30,0,0,16.497031888469166,202202,1.0,3.0
1800003568,C000111,2022-02-13,2022-02-27,176611.28,Energy,International,NT14,High,CLEARED,12.081712100408343,14,1,0,11.222222222222221,1.0,9,128164.1488888889,2,1,6,0,12.0,0.7777777777777786,244079.76,1.3780084487832243,1153477.34,0.16219934435056962,14,0,0,16.497031888469166,202202,1.0,17.0
1800001981,C000101,2022-02-13,2022-02-27,32858.09,Manufacturing,West,NT14,High,CLEARED,10.399983697963728,14,4,4,11.714285714285714,0.8571428571428571,7,133367.49714285714,2,1,6,0,6.333333333333333,-5.3809523809523805,215579.33,0.24637254731416244,933572.48,0.08125716543891806,14,0,0,16.497031888469166,202202,1.0,17.0
1800000853,C000181,2022-02-13,2022-04-14,52314.32,Retail,International,NT60,High,CLEARED,10.865044532588946,60,5,0,3.0,1.0,7,154648.82142857142,2,1,6,0,4.0,1.0,236792.42,0.33827816802446653,1082541.75,0.08344241679048811,60,0,0,16.497031888469166,202202,1.0,2.0
1800002445,C000082,2022-02-13,2022-02-27,237416.81,Logistics,Northeast,NT14,High,CLEARED,12.377576779405265,14,3,2,10.88888888888889,0.8888888888888888,9,113412.47555555556,2,1,6,0,11.333333333333334,0.44444444444444464,218077.95,2.0933923612636463,1020712.28,0.48646071206331,14,0,0,16.497031888469166,202202,1.0,15.0
1800001138,C000101,2022-02-14,2022-02-28,173235.51,Manufacturing,West,NT14,High,CLEARED,12.062413049662698,14,4,4,12.375,0.875,8,120803.82125000001,2,1,0,0,9.0,-3.375,215579.33,1.4340234291222804,966430.5700000001,0.4284067179792053,14,0,1,16.497031888469166,202202,1.0,11.0
1800000462,C000046,2022-02-14,2022-04-15,66182.39,Construction,International,NT60,Medium,CLEARED,11.100184804098426,60,0,0,1.2,0.4,10,130696.68899999998,2,1,0,0,2.0,0.8,235285.11,0.5063815350364385,1306966.89,0.4112874248408385,60,0,1,16.497031888469166,202202,1.0,6.0
1800003080,C000102,2022-02-14,2022-03-31,33313.79,Healthcare,Northeast,NT45,High,CLEARED,10.413756721509865,45,2,2,3.5,0.8333333333333334,6,68328.85833333334,2,1,0,0,3.6666666666666665,0.16666666666666652,113175.64,0.4875508066808765,409973.15,0.04704499863986084,45,0,1,16.497031888469166,202202,1.0,4.0
1800000290,C000061,2022-02-14,2022-03-16,103303.79,Energy,International,NT30,High,CLEARED,11.545439023829392,30,1,0,1.8,0.8,5,90179.06999999999,2,1,0,0,1.3333333333333333,-0.4666666666666668,228837.23,1.145540644852514,450895.35,0.08711050101330756,30,0,1,16.497031888469166,202202,0.0,0.0
1800000621,C000043,2022-02-14,2022-04-15,177476.21,Healthcare,Midwest,NT60,High,CLEARED,12.086597485288149,60,2,1,2.4285714285714284,0.7142857142857143,7,93708.45428571428,2,1,0,0,2.0,-0.4285714285714284,181418.09,1.8939188715980773,655959.1799999999,0.09259132058347759,60,0,1,16.497031888469166,202202,1.0,2.0
1800002856,C000175,2022-02-14,2022-05-15,122385.94,Construction,West,NT90,High,CLEARED,11.714942944021177,90,0,4,3.0,0.8,5,103935.64199999999,2,1,0,0,2.3333333333333335,-0.6666666666666665,209031.8,1.1775165635672893,519678.20999999996,0.07671113517398571,90,0,1,16.497031888469166,202202,1.0,4.0
1800000588,C000009,2022-02-14,2022-03-31,100744.82,Manufacturing,International,NT45,High,CLEARED,11.520355990114497,45,4,0,14.2,1.0,10,119836.53499999999,2,1,0,0,15.333333333333334,1.1333333333333346,206735.83,0.8406853552633178,1198365.3499999999,0.5427109923723502,45,0,1,16.497031888469166,202202,1.0,9.0
1800003343,C000019,2022-02-14,2022-02-28,194997.86,Logistics,Northeast,NT14,High,CLEARED,12.18074899137495,14,3,2,10.615384615384615,1.0,13,98938.26846153846,2,1,0,0,10.333333333333334,-0.28205128205128105,247674.67,1.9709043126806287,1286197.49,0.12228984848409971,14,0,1,16.497031888469166,202202,1.0,12.0
1800000268,C000110,2022-02-15,2022-03-17,45885.47,Logistics,South,NT30,High,CLEARED,10.733925581353224,30,3,3,19.666666666666668,1.0,3,59965.08666666667,2,1,1,0,19.666666666666668,0.0,144085.42,0.7652030965129376,179895.26,0.02686389966904319,30,0,0,16.497031888469166,202202,0.0,-2.0
1800000824,C000147,2022-02-15,2022-04-01,105670.12,Energy,International,NT45,High,CLEARED,11.568086908413639,45,1,0,17.428571428571427,0.8571428571428571,7,136541.53,2,1,1,0,19.666666666666668,2.238095238095241,208092.46,0.7739046134901227,955790.71,0.10922240280310239,45,0,0,16.497031888469166,202202,1.0,19.0
1800004215,C000048,2022-02-15,2022-03-01,69709.74,Manufacturing,International,NT14,High,CLEARED,11.152109673830786,14,4,0,1.6666666666666667,0.6666666666666666,6,147548.94166666668,2,1,1,0,1.3333333333333333,-0.3333333333333335,223638.39,0.47245164358741304,885293.65,0.05764411485585176,14,0,0,16.497031888469166,202202,1.0,8.0
1800003784,C000161,2022-02-15,2022-04-16,20442.4,Construction,Midwest,NT60,Medium,CLEARED,9.925415370993399,60,0,1,1.2727272727272727,0.45454545454545453,11,109270.98090909091,2,1,1,0,2.6666666666666665,1.3939393939393938,213210.53,0.18707986173389676,1201980.79,0.01238879671072672,60,0,0,16.497031888469166,202202,1.0,2.0
1800000125,C000141,2022-02-15,2022-05-16,85883.1,Healthcare,Northeast,NT90,High,CLEARED,11.360753991887151,90,2,2,12.8,0.8,5,160705.51,2,1,1,0,13.666666666666666,0.8666666666666654,215978.76,0.5344129146536419,803527.55,0.07724018304435205,90,0,0,16.497031888469166,202202,1.0,9.0
1800004690,C000143,2022-02-16,2022-05-17,206979.98,Healthcare,Midwest,NT90,Medium,CLEARED,12.240382183967936,90,2,1,1.375,0.5,8,120689.9525,2,1,2,0,-2.0,-3.375,248806.66,1.7149727521849842,965519.62,0.2147182006442916,90,0,0,16.497031888469166,202202,1.0,3.0
1800002133,C000050,2022-02-16,2022-04-02,46534.49,Retail,Northeast,NT45,Medium,CLEARED,10.747970526273194,45,5,2,1.5,0.5,2,118218.595,2,1,2,0,1.5,0.0,194107.77,0.39363088353401593,236437.19,0.15246579720729136,45,0,0,16.497031888469166,202202,0.0,-3.0
1800002410,C000142,2022-02-17,2022-04-03,22792.7,Energy,Northeast,NT45,High,CLEARED,10.034239460970817,45,1,2,15.285714285714286,1.0,7,155765.44857142857,2,1,3,0,16.666666666666668,1.3809523809523814,245566.0,0.1463270591073865,1090358.14,0.06101655513122975,45,0,0,16.497031888469166,202202,1.0,16.0
1800001611,C000178,2022-02-17,2022-03-03,205599.66,Retail,West,NT14,Medium,CLEARED,12.233691022674726,14,5,4,2.111111111111111,0.4444444444444444,9,82942.81888888888,2,1,3,0,3.6666666666666665,1.5555555555555554,182230.15,2.4788120629879193,746485.37,0.1842511482804164,14,0,0,16.497031888469166,202202,1.0,7.0
1800003177,C000056,2022-02-17,2022-03-03,144494.64,Logistics,South,NT14,High,CLEARED,11.88100461306903,14,3,3,3.3333333333333335,0.6666666666666666,3,94605.76333333335,2,1,3,0,3.3333333333333335,0.0,123777.42,1.5273344340649577,283817.29000000004,0.4091901919164694,14,0,0,16.497031888469166,202202,0.0,-1.0
1800002738,C000116,2022-02-17,2022-04-03,173853.77,Manufacturing,Midwest,NT45,High,CLEARED,12.065975574505682,45,4,1,12.555555555555555,1.0,9,143729.49777777778,2,1,3,0,11.0,-1.5555555555555554,207844.11,1.209590047192663,1293565.48,0.29272742276528757,45,0,0,16.497031888469166,202202,1.0,13.0
1800001964,C000066,2022-02-17,2022-04-18,97680.46,Retail,Northeast,NT60,High,CLEARED,11.489467055437832,60,5,2,30.6,1.0,5,116254.728,2,1,3,0,33.0,2.3999999999999986,233822.99,0.840227848625649,581273.64,0.061613267564970174,60,0,0,16.497031888469166,202202,1.0,19.0
1800002363,C000161,2022-02-17,2022-04-18,56078.32,Construction,Midwest,NT60,Medium,CLEARED,10.934522396100007,60,0,1,1.3333333333333333,0.5,12,101868.59916666667,2,1,3,0,2.0,0.6666666666666667,213210.53,0.5504966246590921,1222423.19,0.0339853885238074,60,0,0,16.497031888469166,202202,0.0,-1.0
1800000167,C000116,2022-02-17,2022-04-03,143776.52,Manufacturing,Midwest,NT45,High,CLEARED,11.876022383814894,45,4,1,13.375,1.0,8,143723.62,2,1,3,0,12.333333333333334,-1.041666666666666,207844.11,1.0003680675451954,1149788.96,0.24208465628189613,45,0,0,16.497031888469166,202202,1.0,6.0
1800000196,C000109,2022-02-18,2022-05-19,193439.17,Healthcare,West,NT90,High,CLEARED,12.172723544673708,90,2,4,33.5,1.0,6,105614.36,2,1,4,0,48.0,14.5,158513.24,1.8315612573896203,633686.16,0.4429129694032696,90,0,0,16.497031888469166,202202,1.0,35.0
1800003571,C000045,2022-02-19,2022-05-20,124766.55,Energy,International,NT90,High,CLEARED,11.734207685081795,90,1,0,19.6,1.0,5,180289.772,2,1,5,0,24.0,4.399999999999999,241835.25,0.6920334338211932,901448.86,0.1886031879642292,90,0,0,16.497031888469166,202202,1.0,29.0
1800002958,C000020,2022-02-19,2022-03-05,46419.39,Healthcare,West,NT14,High,CLEARED,10.74549408134419,14,2,4,2.625,0.625,8,141703.71,2,1,5,0,3.0,0.375,226804.35,0.32758062580012903,1133629.68,0.02329779923898109,14,0,0,16.497031888469166,202202,0.0,0.0
1800000281,C000178,2022-02-19,2022-03-05,84854.33,Retail,West,NT14,Medium,CLEARED,11.3487030854249,14,5,4,2.6,0.5,10,95208.503,2,1,5,0,3.3333333333333335,0.7333333333333334,205599.66,0.8912473920527876,952085.03,0.07604345133190096,14,0,0,16.497031888469166,202202,0.0,0.0
1800003830,C000165,2022-02-19,2022-04-20,248402.81,Retail,South,NT60,Medium,CLEARED,12.422810967088083,60,5,3,1.75,0.5,8,62270.603749999995,2,1,5,0,-0.3333333333333333,-2.0833333333333335,125396.05,3.9890862628740775,498164.82999999996,0.2554786252019675,60,0,0,16.497031888469166,202202,1.0,1.0
1800002989,C000054,2022-02-19,2022-05-20,62991.63,Construction,Midwest,NT90,High,CLEARED,11.050773014403509,90,0,1,2.2,0.7,10,139314.36599999998,2,1,5,0,3.6666666666666665,1.4666666666666663,227922.65,0.45215458971402855,1393143.66,0.05824822375949126,90,0,0,16.497031888469166,202202,1.0,3.0
1800003983,C000142,2022-02-19,2022-04-05,169841.38,Energy,Northeast,NT45,High,CLEARED,12.042626109467838,45,1,2,15.375,1.0,8,139143.85499999998,2,1,5,0,15.333333333333334,-0.041666666666666075,245566.0,1.2206171806868513,1113150.8399999999,0.4546690794128884,45,0,0,16.497031888469166,202202,1.0,1.0
1800003925,C000090,2022-02-19,2022-04-20,112024.63,Logistics,Northeast,NT60,High,CLEARED,11.62648296338323,60,3,2,29.0,1.0,4,154614.8225,2,1,5,0,28.666666666666668,-0.33333333333333215,236832.41,0.7245400420777898,618459.29,0.12076356068230769,60,0,0,16.497031888469166,202202,1.0,27.0
1800004990,C000105,2022-02-20,2022-03-06,107078.26,Manufacturing,South,NT14,High,CLEARED,11.581324586889453,14,4,3,28.555555555555557,1.0,9,109027.74888888889,2,1,6,0,30.333333333333332,1.777777777777775,237963.87,0.9821193328418104,981249.74,0.06349154941791302,14,0,0,16.497031888469166,202202,1.0,53.0
1800000671,C000001,2022-02-20,2022-03-06,176542.08,Manufacturing,Midwest,NT14,High,CLEARED,12.08132020489309,14,4,1,7.285714285714286,1.0,7,136374.62714285715,2,1,6,0,5.666666666666667,-1.6190476190476186,232262.82,1.2945375815038236,954622.39,0.5480988824055811,14,0,0,16.497031888469166,202202,1.0,15.0
1800003542,C000070,2022-02-20,2022-05-21,157172.92,Energy,Midwest,NT90,Medium,CLEARED,11.96510824190588,90,1,1,0.75,0.25,8,158622.42625,2,1,6,0,1.0,0.25,243557.77,0.9908619084686332,1268979.41,0.0892913854360315,90,0,0,16.497031888469166,202202,1.0,5.0
1800004120,C000048,2022-02-20,2022-03-06,184308.54,Manufacturing,International,NT14,High,CLEARED,12.124371905747426,14,4,0,2.5714285714285716,0.7142857142857143,7,136429.05571428573,2,1,6,0,3.3333333333333335,0.7619047619047619,223638.39,1.3509478537034303,955003.39,0.15240772162791524,14,0,0,16.497031888469166,202202,1.0,2.0
1800000126,C000099,2022-02-20,2022-04-06,93143.22,Logistics,West,NT45,High,CLEARED,11.441904323648272,45,3,4,1.3333333333333333,0.5833333333333334,12,131437.6625,2,1,6,0,1.6666666666666667,0.3333333333333335,245026.79,0.7086493949175336,1577251.95,0.05514741850678647,45,0,0,16.497031888469166,202202,1.0,6.0
1800003569,C000013,2022-02-21,2022-04-22,79310.35,Retail,West,NT60,Medium,CLEARED,11.281136524745634,60,5,4,1.2,0.4,5,115157.13399999999,2,1,0,0,1.6666666666666667,0.4666666666666668,215038.33,0.6887141703266079,575785.6699999999,0.056979271921774696,60,0,1,16.497031888469166,202202,0.0,-1.0
1800002222,C000054,2022-02-21,2022-05-22,85997.92,Construction,Midwest,NT90,High,CLEARED,11.362090017017255,90,0,1,2.272727272727273,0.7272727272727273,11,132375.93545454546,2,1,0,0,3.0,0.7272727272727271,227922.65,0.6496491957144999,1456135.29,0.07952209026835516,90,0,1,16.497031888469166,202202,1.0,3.0
1800003296,C000199,2022-02-21,2022-03-07,222710.12,Construction,West,NT14,High,CLEARED,12.31363078464368,14,0,4,27.166666666666668,1.0,6,139127.32666666666,2,1,0,0,29.0,1.8333333333333321,236483.25,1.6007647479174831,834763.96,0.11839019110763892,14,0,1,16.497031888469166,202202,1.0,21.0
1800001385,C000144,2022-02-22,2022-04-23,103515.76,Construction,Midwest,NT60,Medium,CLEARED,11.54748881094508,60,0,1,1.6666666666666667,0.5,6,143876.20166666666,2,1,1,0,0.3333333333333333,-1.3333333333333335,198075.09,0.7194779873312613,863257.21,0.10219734475842192,60,0,0,16.497031888469166,202202,1.0,2.0
1800001901,C000113,2022-02-22,2022-04-23,31844.34,Healthcare,South,NT60,High,CLEARED,10.36864633946381,60,2,3,1.7142857142857142,0.5714285714285714,7,109723.18428571429,2,1,1,0,1.6666666666666667,-0.04761904761904745,245331.65,0.29022435146503545,768062.29,0.024697195022989768,60,0,0,16.497031888469166,202202,0.0,-2.0
1800004071,C000071,2022-02-22,2022-05-23,231290.48,Energy,Midwest,NT90,Medium,CLEARED,12.351434012262237,90,1,1,1.5,0.5,2,129655.375,2,1,1,0,1.5,0.0,178465.14,1.7838865531027928,259310.75,0.19062706729779216,90,0,0,16.497031888469166,202202,1.0,3.0
1800003130,C000117,2022-02-22,2022-04-23,88728.69,Construction,International,NT60,High,CLEARED,11.393349836078212,60,0,0,2.5,0.8333333333333334,6,171543.59666666665,2,1,1,0,0.0,-2.5,249320.04,0.5172369690511522,1029261.58,0.11245299508203208,60,0,0,16.497031888469166,202202,0.0,0.0
1800004969,C000004,2022-02-22,2022-05-23,23207.89,Manufacturing,West,NT90,High,CLEARED,10.052290673911168,90,4,4,5.714285714285714,0.8571428571428571,7,165149.54285714286,2,1,1,0,0.3333333333333333,-5.380952380952381,240848.93,0.14052651674655384,1156046.8,0.01935493937925526,90,0,0,16.497031888469166,202202,1.0,33.0
1800003030,C000089,2022-02-23,2022-04-24,15884.01,Logistics,International,NT60,High,CLEARED,9.673131176228127,60,3,0,12.222222222222221,0.7777777777777778,9,142136.9788888889,2,1,2,0,1.6666666666666667,-10.555555555555555,216198.26,0.11175142545007112,1279232.81,0.018006132056735197,60,0,0,16.497031888469166,202202,1.0,2.0
1800001499,C000075,2022-02-23,2022-04-09,180351.69,Retail,International,NT45,High,CLEARED,12.102669601662647,45,5,0,13.333333333333334,1.0,9,124610.72777777778,2,1,2,0,13.0,-0.3333333333333339,240982.94,1.4473207340673495,1121496.55,0.10586319281336826,45,0,0,16.497031888469166,202202,1.0,23.0
1800000981,C000190,2022-02-23,2022-03-09,27647.09,Manufacturing,Northeast,NT14,High,CLEARED,10.227311926806816,14,4,2,1.7142857142857142,0.5714285714285714,7,103888.27857142857,2,1,2,0,4.0,2.2857142857142856,182065.04,0.26612328532319646,727217.95,0.01890757959087474,14,0,0,16.497031888469166,202202,1.0,4.0
1800003184,C000129,2022-02-23,2022-03-09,217576.84,Construction,South,NT14,High,CLEARED,12.290311950542765,14,0,3,2.1666666666666665,0.8333333333333334,6,133869.65833333333,2,1,2,0,2.3333333333333335,0.16666666666666696,215231.84,1.6252886778737952,803217.95,0.15431376428412438,14,0,0,16.497031888469166,202202,1.0,3.0
1800002729,C000179,2022-02-24,2022-04-10,27509.77,Retail,International,NT45,High,CLEARED,10.222332843348795,45,5,0,1.2222222222222223,0.5555555555555556,9,138623.29,2,1,3,0,0.0,-1.2222222222222223,208943.23,0.198449842014282,1247609.61,0.014283690875727844,45,0,0,16.497031888469166,202202,1.0,3.0
1800000949,C000026,2022-02-24,2022-04-10,42890.18,Manufacturing,Midwest,NT45,High,CLEARED,10.666421489373088,45,4,1,2.1,0.7,10,126828.48700000001,2,1,3,0,1.6666666666666667,-0.43333333333333335,236806.85,0.33817465629783944,1268284.87,0.08252879004469524,45,0,0,16.497031888469166,202202,0.0,0.0
1800001354,C000099,2022-02-24,2022-04-10,175160.9,Logistics,West,NT45,High,CLEARED,12.073465968081898,45,3,4,1.6923076923076923,0.6153846153846154,13,128491.93615384615,2,1,3,0,2.0,0.3076923076923077,245026.79,1.3632053904945138,1670395.17,0.10370772513904258,45,0,0,16.497031888469166,202202,1.0,1.0
1800004761,C000090,2022-02-24,2022-04-25,216871.28,Logistics,Northeast,NT60,High,CLEARED,12.287063887817869,60,3,2,28.6,1.0,5,146096.78399999999,2,1,3,0,26.0,-2.6000000000000014,236832.41,1.4844356875097267,730483.9199999999,0.23378919423817549,60,0,0,16.497031888469166,202202,1.0,34.0
1800002969,C000034,2022-02-25,2022-03-27,68029.59,Logistics,Midwest,NT30,High,CLEARED,11.12771273594592,30,3,1,1.7142857142857142,0.5714285714285714,7,126412.67428571428,2,1,4,0,2.0,0.2857142857142858,165843.04,0.538154820190272,884888.72,0.14543640451847956,30,1,0,16.497031888469166,202202,1.0,2.0
1800004983,C000094,2022-02-25,2022-03-11,128650.65,Healthcare,West,NT14,High,CLEARED,11.764863643123174,14,2,4,6.571428571428571,0.8571428571428571,7,125011.78428571428,2,1,4,0,5.0,-1.5714285714285712,233379.26,1.0291081815612606,875082.49,0.1161010841232529,14,1,0,16.497031888469166,202202,1.0,23.0
1800003837,C000116,2022-02-25,2022-04-11,160923.01,Manufacturing,Midwest,NT45,High,CLEARED,11.988687544967762,45,4,1,12.6,1.0,10,146741.925,2,1,4,0,10.333333333333334,-2.2666666666666657,207844.11,1.0966396277001274,1467419.25,0.27095517100913374,45,1,0,16.497031888469166,202202,1.0,19.0
1800004785,C000162,2022-02-25,2022-04-11,174922.06,Construction,International,NT45,Medium,CLEARED,12.072101499085255,45,0,0,-0.25,0.25,4,167250.10249999998,2,1,4,0,0.6666666666666666,0.9166666666666666,206600.61,1.045871167702274,669000.4099999999,0.17408667376035963,45,1,0,16.497031888469166,202202,0.0,0.0
1800001586,C000093,2022-02-26,2022-03-28,113598.09,Manufacturing,Northeast,NT30,High,CLEARED,11.640430774673723,30,4,2,2.0,0.8888888888888888,9,149397.59222222224,2,1,5,0,2.6666666666666665,0.6666666666666665,245348.3,0.7603743026261622,1344578.33,0.08095632665551898,30,1,0,16.497031888469166,202202,1.0,7.0
1800003301,C000046,2022-02-26,2022-04-27,224396.65,Construction,International,NT60,Medium,CLEARED,12.321174980205075,60,0,0,1.6363636363636365,0.45454545454545453,11,124831.75272727273,2,1,5,0,4.0,2.3636363636363633,235285.11,1.797592720581698,1373149.28,1.3945026814747994,60,1,0,16.497031888469166,202202,0.0,-2.0
1800002268,C000019,2022-02-26,2022-03-12,34209.59,Logistics,Northeast,NT14,High,CLEARED,10.440290524242108,14,3,2,10.714285714285714,1.0,14,105799.66785714286,2,1,5,0,11.666666666666666,0.9523809523809526,247674.67,0.32334307557743813,1481195.35,0.02145400763784368,14,1,0,16.497031888469166,202202,1.0,22.0
1800004268,C000082,2022-02-26,2022-03-12,230188.06,Logistics,Northeast,NT14,High,CLEARED,12.346656250248357,14,3,2,11.3,0.9,10,125812.90900000001,2,1,5,0,11.333333333333334,0.033333333333333215,237416.81,1.829606054176841,1258129.09,0.4716491960955584,14,1,0,16.497031888469166,202202,1.0,14.0
1800004810,C000178,2022-02-26,2022-03-12,184057.86,Retail,West,NT14,Medium,CLEARED,12.123010876741157,14,5,4,2.3636363636363638,0.45454545454545453,11,94267.21454545454,2,1,5,0,2.3333333333333335,-0.030303030303030276,205599.66,1.9525119193083769,1036939.36,0.16494614852493492,14,1,0,16.497031888469166,202202,1.0,5.0
1800003181,C000161,2022-02-26,2022-04-27,87634.62,Construction,Midwest,NT60,Medium,CLEARED,11.380942815281132,60,0,1,1.1538461538461537,0.46153846153846156,13,98346.27,2,1,5,0,0.3333333333333333,-0.8205128205128205,213210.53,0.8910822952410904,1278501.51,0.053109590459133264,60,1,0,16.497031888469166,202202,1.0,4.0
1800002598,C000086,2022-02-26,2022-03-12,216958.3,Manufacturing,West,NT14,Medium,CLEARED,12.287465057327783,14,4,4,0.5,0.5,2,118244.55,2,1,5,0,0.5,0.0,185174.17,1.834827059682666,236489.1,0.1340892418114842,14,1,0,16.497031888469166,202202,0.0,-4.0
1800001873,C000169,2022-02-27,2022-03-29,34461.99,Healthcare,South,NT30,High,CLEARED,10.447641273584255,30,2,3,2.5,0.6666666666666666,6,113229.84666666668,2,1,6,0,2.3333333333333335,-0.16666666666666652,216206.29,0.30435429362941224,679379.0800000001,0.048524727194065066,30,1,0,16.497031888469166,202202,1.0,3.0
1800002974,C000134,2022-02-28,2022-05-29,78582.59,Construction,West,NT90,Medium,CLEARED,11.271918177994053,90,0,4,1.3333333333333333,0.5,6,99561.23999999999,2,1,0,0,2.0,0.6666666666666667,170508.18,0.7892889843477241,597367.44,0.049362640516979785,90,1,1,16.497031888469166,202202,0.0,-5.0
1800001647,C000123,2022-02-28,2022-05-29,164559.24,Healthcare,Midwest,NT90,High,CLEARED,12.01103198276039,90,2,1,1.4,0.6,5,121221.08,2,1,0,0,2.0,0.6000000000000001,249060.7,1.357513396184888,606105.4,0.15162588973162636,90,1,1,16.497031888469166,202202,1.0,1.0
1800004009,C000033,2022-02-28,2022-03-14,243987.46,Energy,Northeast,NT14,High,CLEARED,12.404876208074924,14,1,2,3.9,0.9,10,87314.263,2,1,0,0,4.0,0.10000000000000009,232938.48,2.7943597256269572,873142.63,0.1413363902335636,14,1,1,16.497031888469166,202202,0.0,-3.0
1800003841,C000134,2022-03-01,2022-05-30,100287.46,Construction,West,NT90,Medium,CLEARED,11.515805912495217,90,0,4,0.42857142857142855,0.42857142857142855,7,96564.29000000001,3,1,1,1,-1.0,-1.4285714285714286,170508.18,1.0385563855955446,675950.03,0.06299682711324468,90,0,0,16.392042677798404,202203,0.0,0.0
1800002074,C000111,2022-03-01,2022-03-15,172747.69,Energy,International,NT14,High,CLEARED,12.059593158388429,14,1,0,11.8,1.0,10,133008.86200000002,3,1,1,1,13.333333333333334,1.5333333333333332,244079.76,1.298768273049355,1330088.62,0.15865103325266344,14,0,0,16.392042677798404,202203,1.0,16.0
1800001749,C000053,2022-03-03,2022-04-17,211594.86,Manufacturing,South,NT45,Low,CLEARED,12.262433413557488,45,4,3,0.0,0.2,5,132537.944,3,1,3,1,0.0,0.0,212160.26,1.5964851544701795,662689.72,0.3493247212462161,45,0,0,16.392042677798404,202203,1.0,1.0
1800001216,C000113,2022-03-03,2022-05-02,176791.1,Healthcare,South,NT60,Medium,CLEARED,12.082729744929436,60,2,3,1.25,0.5,8,99988.32875,3,1,3,1,0.6666666666666666,-0.5833333333333334,245331.65,1.768117361397542,799906.63,0.13711209825761458,60,0,0,16.392042677798404,202203,1.0,1.0
1800001572,C000087,2022-03-03,2022-05-02,40246.23,Construction,South,NT60,High,CLEARED,10.602796460602736,60,0,3,8.428571428571429,0.7142857142857143,7,156658.94142857144,3,1,3,1,8.333333333333334,-0.0952380952380949,236206.27,0.25690349770651455,1096612.59,0.021884053319158606,60,0,0,16.392042677798404,202203,1.0,15.0
1800000590,C000106,2022-03-04,2022-04-03,49469.17,Healthcare,Northeast,NT30,High,CLEARED,10.809125140641967,30,2,2,10.625,1.0,8,121123.0525,3,1,4,1,11.333333333333334,0.7083333333333339,242710.29,0.4084207669716712,968984.42,0.18116631903781236,30,0,0,16.392042677798404,202203,1.0,19.0
1800002780,C000116,2022-03-04,2022-04-18,123592.75,Manufacturing,Midwest,NT45,High,CLEARED,11.724755256384165,45,4,1,13.181818181818182,1.0,11,148031.11454545453,3,1,4,1,12.666666666666666,-0.5151515151515156,207844.11,0.8349106225370581,1628342.26,0.2081001014816906,45,0,0,16.392042677798404,202203,1.0,12.0
1800002310,C000181,2022-03-04,2022-05-03,185860.77,Retail,International,NT60,High,CLEARED,12.132758504363089,60,5,0,2.875,1.0,8,141857.00875,3,1,4,1,3.0,0.125,236792.42,1.3101980059903102,1134856.07,0.2964517523183145,60,0,0,16.392042677798404,202203,1.0,4.0
1800001526,C000002,2022-03-04,2022-06-02,87259.5,Construction,South,NT90,High,CLEARED,11.376653176663476,90,0,3,3.6,0.8,5,134651.11800000002,3,1,4,1,4.666666666666667,1.0666666666666669,226364.41,0.6480414072759499,673255.5900000001,0.7792681338948573,90,0,0,16.392042677798404,202203,0.0,-1.0
1800004367,C000121,2022-03-04,2022-04-03,145685.38,Logistics,West,NT30,High,CLEARED,11.889211508060875,30,3,4,8.142857142857142,1.0,7,184562.97714285713,3,1,4,1,8.333333333333334,0.19047619047619158,238023.15,0.7893532183718258,1291940.8399999999,0.14465807620601537,30,0,0,16.392042677798404,202203,1.0,20.0
1800004437,C000102,2022-03-04,2022-04-18,36447.47,Healthcare,Northeast,NT45,High,CLEARED,10.503654761247175,45,2,2,3.5714285714285716,0.8571428571428571,7,63326.705714285716,3,1,4,1,4.333333333333333,0.7619047619047614,113175.64,0.575546597425135,443286.94,0.051470312341416836,45,0,0,16.392042677798404,202203,0.0,-2.0
1800003761,C000005,2022-03-05,2022-03-19,151538.74,Logistics,Northeast,NT14,High,CLEARED,11.92860317976527,14,3,2,9.846153846153847,0.9230769230769231,13,140644.90846153846,3,1,5,1,11.333333333333334,1.4871794871794872,246455.43,1.0774562809107349,1828383.81,0.21239128293740847,14,0,0,16.392042677798404,202203,1.0,4.0
1800000830,C000024,2022-03-05,2022-04-19,135285.77,Construction,International,NT45,High,CLEARED,11.81515202667274,45,0,0,29.0,1.0,10,171147.772,3,1,5,1,28.333333333333332,-0.6666666666666679,249295.78,0.7904617654035251,1711477.72,0.38871136444081145,45,0,0,16.392042677798404,202203,1.0,36.0
1800004686,C000158,2022-03-05,2022-04-19,102060.62,Logistics,International,NT45,High,CLEARED,11.53333202750786,45,3,0,2.2857142857142856,0.5714285714285714,7,182335.89428571428,3,1,5,1,4.0,1.7142857142857144,246168.57,0.5597395970761215,1276351.26,0.1186466960589227,45,0,0,16.392042677798404,202203,1.0,5.0
1800002791,C000197,2022-03-05,2022-04-04,135651.22,Healthcare,West,NT30,High,CLEARED,11.817849683600047,30,2,4,26.454545454545453,0.9090909090909091,11,104836.39454545455,3,1,5,1,25.0,-1.4545454545454533,244520.22,1.2939325182647796,1153200.34,0.09993105224580479,30,0,0,16.392042677798404,202203,1.0,8.0
1800003059,C000142,2022-03-06,2022-04-20,1179.24,Energy,Northeast,NT45,High,CLEARED,7.073473086609312,45,1,2,13.777777777777779,1.0,9,142554.6911111111,3,1,6,1,13.0,-0.7777777777777786,245566.0,0.008272193575733453,1282992.22,0.003156851205559296,45,0,0,16.392042677798404,202203,1.0,5.0
1800000020,C000199,2022-03-07,2022-03-21,217554.16,Construction,West,NT14,High,CLEARED,12.290207706552902,14,0,4,26.285714285714285,1.0,7,151067.7257142857,3,1,0,1,31.666666666666668,5.380952380952383,236483.25,1.440110115985065,1057474.08,0.11564934085016816,14,0,1,16.392042677798404,202203,1.0,29.0
1800002281,C000024,2022-03-07,2022-04-21,126469.47,Construction,International,NT45,High,CLEARED,11.747764121163472,45,0,0,29.636363636363637,1.0,11,167887.59,3,1,0,1,29.0,-0.6363636363636367,249295.78,0.7532985016939013,1846763.49,0.3633798310332733,45,0,1,16.392042677798404,202203,1.0,11.0
1800001757,C000097,2022-03-07,2022-05-06,224632.92,Construction,West,NT60,High,CLEARED,12.32222733392624,60,0,4,1.6923076923076923,0.6923076923076923,13,110255.62000000001,3,1,0,1,3.0,1.3076923076923077,233980.6,2.0373829470098666,1433323.06,0.15151932658760586,60,0,1,16.392042677798404,202203,0.0,-3.0
1800002160,C000047,2022-03-07,2022-04-06,66141.6,Construction,South,NT30,High,CLEARED,11.099568296316516,30,0,3,3.5,1.0,4,132299.105,3,1,0,1,4.0,0.5,248675.38,0.4999398899939648,529196.42,0.048396370117119024,30,0,1,16.392042677798404,202203,1.0,2.0
1800001794,C000168,2022-03-07,2022-05-06,111998.04,Construction,South,NT60,High,CLEARED,11.626245578811925,60,0,3,2.5,0.75,8,120462.72375,3,1,0,1,3.0,0.5,245921.07,0.9297319246444483,963701.79,1.4012397685812021,60,0,1,16.392042677798404,202203,1.0,1.0
1800003968,C000003,2022-03-07,2022-04-06,148643.41,Construction,International,NT30,High,CLEARED,11.909312222606474,30,0,0,3.625,0.75,8,103780.31,3,1,0,1,4.0,0.375,158187.08,1.4322891307609316,830242.48,0.12988447231715877,30,0,1,16.392042677798404,202203,1.0,1.0
1800004181,C000196,2022-03-08,2022-03-22,140138.82,Healthcare,Midwest,NT14,High,CLEARED,11.850395917493843,14,2,1,2.4285714285714284,0.8571428571428571,7,163679.8414285714,3,1,1,1,2.3333333333333335,-0.0952380952380949,249974.99,0.8561764159647935,1145758.89,0.5850711660273442,14,0,0,16.392042677798404,202203,0.0,-4.0
1800001049,C000110,2022-03-08,2022-04-07,22337.84,Logistics,South,NT30,High,CLEARED,10.014082146476484,30,3,3,14.25,0.75,4,56445.1825,3,1,1,1,8.0,-6.25,144085.42,0.3957439591943918,225780.73,0.013077810744515415,30,0,0,16.392042677798404,202203,1.0,3.0
1800003719,C000146,2022-03-08,2022-04-07,101645.16,Construction,International,NT30,High,CLEARED,11.529253041658233,30,0,0,0.2857142857142857,0.5714285714285714,7,162876.53,3,1,1,1,2.3333333333333335,2.047619047619048,236408.5,0.6240626565411236,1140135.71,0.05084377651621073,30,0,0,16.392042677798404,202203,1.0,6.0
1800003233,C000176,2022-03-08,2022-03-22,12174.51,Healthcare,International,NT14,Medium,CLEARED,9.407181836190508,14,2,0,0.6666666666666666,0.5,6,90169.40000000001,3,1,1,1,0.3333333333333333,-0.3333333333333333,123522.27,0.1350181990786231,541016.4,0.008808624924963595,14,0,0,16.392042677798404,202203,0.0,0.0
1800004423,C000111,2022-03-08,2022-03-22,204892.34,Energy,International,NT14,High,CLEARED,12.230244830038414,14,1,0,12.181818181818182,1.0,11,136621.48272727273,3,1,1,1,15.333333333333334,3.1515151515151523,244079.76,1.4997080686718303,1502836.31,0.18817259696240235,14,0,0,16.392042677798404,202203,1.0,14.0
1800001677,C000034,2022-03-08,2022-04-07,51164.63,Logistics,Midwest,NT30,High,CLEARED,10.842823296549712,30,3,1,1.75,0.625,8,119114.78874999999,3,1,1,1,1.0,-0.75,165843.04,0.4295405342772771,952918.3099999999,0.10938181202794746,30,0,0,16.392042677798404,202203,0.0,0.0
1800004122,C000043,2022-03-08,2022-05-07,82496.69,Healthcare,Midwest,NT60,High,CLEARED,11.320525571930766,60,2,1,2.375,0.75,8,104179.42375,3,1,1,1,2.6666666666666665,0.2916666666666665,181418.09,0.7918712451123536,833435.39,0.043039444390128516,60,0,0,16.392042677798404,202203,0.0,-3.0
1800000024,C000035,2022-03-08,2022-06-06,214743.13,Healthcare,International,NT90,High,CLEARED,12.277202505363489,90,2,0,1.0,0.5833333333333334,12,89810.02500000001,3,1,1,1,2.0,1.0,213894.73,2.3910819532674665,1077720.3,0.13591269557465752,90,0,0,16.392042677798404,202203,0.0,0.0
1800000673,C000035,2022-03-08,2022-06-06,87851.99,Healthcare,International,NT90,High,CLEARED,11.383420128323477,90,2,0,0.9230769230769231,0.5384615384615384,13,99420.26384615386,3,1,1,1,1.3333333333333333,0.41025641025641013,214743.13,0.8836426961805797,1292463.4300000002,0.05560224800904158,90,0,0,16.392042677798404,202203,0.0,0.0
1800003872,C000102,2022-03-08,2022-04-22,45799.25,Healthcare,Northeast,NT45,High,CLEARED,10.732044828602662,45,2,2,2.875,0.75,8,59966.801250000004,3,1,1,1,2.6666666666666665,-0.20833333333333348,113175.64,0.7637434221155827,479734.41000000003,0.06467668956178947,45,0,0,16.392042677798404,202203,1.0,5.0
1800002612,C000046,2022-03-08,2022-05-07,96980.01,Construction,International,NT60,Medium,CLEARED,11.48227046512357,60,0,0,1.3333333333333333,0.4166666666666667,12,133128.82749999998,3,1,1,1,3.3333333333333335,2.0,235285.11,0.7284673937355904,1597545.93,0.6026778207003217,60,0,0,16.392042677798404,202203,0.0,0.0
1800004839,C000078,2022-03-08,2022-04-07,215622.24,Construction,International,NT30,High,CLEARED,12.281287904415608,30,0,0,16.857142857142858,1.0,7,149322.48,3,1,1,1,15.333333333333334,-1.5238095238095237,210133.06,1.444003876710325,1045257.36,0.2561300896417492,30,0,0,16.392042677798404,202203,1.0,6.0
1800000603,C000037,2022-03-08,2022-05-07,50565.41,Logistics,South,NT60,High,CLEARED,10.831042800848117,60,3,3,3.3333333333333335,1.0,6,141911.82833333334,3,1,1,1,4.0,0.6666666666666665,201308.93,0.3563156827296179,851470.97,0.025679163551742268,60,0,0,16.392042677798404,202203,1.0,2.0
1800004051,C000157,2022-03-08,2022-04-07,24825.28,Healthcare,South,NT30,Medium,CLEARED,10.11965804851064,30,2,3,1.25,0.5,4,160788.72,3,1,1,1,0.3333333333333333,-0.9166666666666667,246583.33,0.15439690047908833,643154.88,0.01890680826219954,30,0,0,16.392042677798404,202203,1.0,1.0
1800004138,C000077,2022-03-09,2022-04-23,113657.9,Manufacturing,International,NT45,Medium,CLEARED,11.6409571368173,45,4,0,0.75,0.5,8,106362.45999999999,3,1,2,1,0.3333333333333333,-0.4166666666666667,179093.86,1.0685903654353237,850899.6799999999,0.1306607358211485,45,0,0,16.392042677798404,202203,1.0,5.0
1800002129,C000190,2022-03-09,2022-03-23,155829.95,Manufacturing,Northeast,NT14,High,CLEARED,11.956527044808166,14,4,2,2.0,0.625,8,94358.13,3,1,2,1,5.0,3.0,182065.04,1.6514734872342214,754865.04,0.1065706076938669,14,0,0,16.392042677798404,202203,0.0,0.0
1800003894,C000150,2022-03-09,2022-04-08,64080.6,Healthcare,Midwest,NT30,High,CLEARED,11.067912550219539,30,2,1,9.375,1.0,8,125275.96625,3,1,2,1,8.666666666666666,-0.7083333333333339,233825.5,0.5115155118590036,1002207.73,0.06306124089602454,30,0,0,16.392042677798404,202203,1.0,12.0
1800004326,C000098,2022-03-10,2022-04-09,106534.22,Manufacturing,West,NT30,High,CLEARED,11.576230913686379,30,4,4,11.2,1.0,10,139077.278,3,1,3,1,13.666666666666666,2.466666666666667,247663.32,0.7660073703772087,1390772.78,0.11838712077380527,30,0,0,16.392042677798404,202203,1.0,13.0
1800003109,C000124,2022-03-10,2022-06-08,240186.1,Retail,Midwest,NT90,Medium,CLEARED,12.389173481940214,90,5,1,0.75,0.375,8,164474.20875,3,1,3,1,-0.3333333333333333,-1.0833333333333333,213277.73,1.4603268307256716,1315793.67,0.2569375934782256,90,0,0,16.392042677798404,202203,1.0,2.0
1800002709,C000198,2022-03-10,2022-06-08,40203.75,Construction,West,NT90,High,CLEARED,10.601740426830844,90,0,4,9.5,1.0,4,203198.905,3,1,3,1,7.333333333333333,-2.166666666666667,249539.5,0.19785416658618313,812795.62,0.0274078790193263,90,0,0,16.392042677798404,202203,1.0,3.0
1800004014,C000001,2022-03-10,2022-03-24,191292.74,Manufacturing,Midwest,NT14,High,CLEARED,12.161565431421932,14,4,1,8.25,1.0,8,141395.55875,3,1,3,1,8.333333333333334,0.08333333333333393,232262.82,1.352890725077318,1131164.47,0.5938943112390055,14,0,0,16.392042677798404,202203,1.0,7.0
1800002232,C000162,2022-03-10,2022-04-24,180668.21,Construction,International,NT45,Low,CLEARED,12.104423069145362,45,0,0,-0.2,0.2,5,168784.494,3,1,3,1,0.6666666666666666,0.8666666666666667,206600.61,1.0704076287955693,843922.47,0.17980538151184672,45,0,0,16.392042677798404,202203,1.0,1.0
1800001523,C000025,2022-03-11,2022-06-09,2588.09,Energy,International,NT90,High,CLEARED,7.859061741603885,90,1,0,14.0,1.0,10,137466.097,3,1,4,1,16.0,2.0,227686.87,0.01882711487764143,1374660.97,0.0037942730489417373,90,0,0,16.392042677798404,202203,1.0,6.0
1800003162,C000033,2022-03-11,2022-03-25,145956.77,Energy,Northeast,NT14,High,CLEARED,11.891072612275272,14,1,2,3.272727272727273,0.8181818181818182,11,101557.2809090909,3,1,4,1,2.3333333333333335,-0.9393939393939394,243987.46,1.4371866664159052,1117130.0899999999,0.08454943955705957,14,0,0,16.392042677798404,202203,1.0,3.0
1800003279,C000116,2022-03-11,2022-04-25,47417.93,Manufacturing,Midwest,NT45,High,CLEARED,10.766776795045965,45,4,1,13.083333333333334,1.0,12,145994.58416666667,3,1,4,1,14.666666666666666,1.5833333333333321,207844.11,0.3247923905579123,1751935.01,0.07984024989371709,45,0,0,16.392042677798404,202203,1.0,8.0
1800001208,C000123,2022-03-12,2022-06-10,160138.04,Healthcare,Midwest,NT90,High,CLEARED,11.983797716854067,90,2,1,1.3333333333333333,0.6666666666666666,6,128444.10666666667,3,1,5,1,2.0,0.6666666666666667,249060.7,1.2467527250244672,770664.64,0.14755216902362198,90,0,0,16.392042677798404,202203,0.0,0.0
1800000598,C000081,2022-03-12,2022-04-11,243795.62,Retail,South,NT30,High,CLEARED,12.404089632110399,30,5,3,1.5454545454545454,0.5454545454545454,11,127373.12090909091,3,1,5,1,1.6666666666666667,0.12121212121212133,245372.05,1.9140272159461529,1401104.33,0.1813260719490087,30,0,0,16.392042677798404,202203,1.0,4.0
1800004321,C000071,2022-03-12,2022-06-10,111610.87,Energy,Midwest,NT90,High,CLEARED,11.622782685280479,90,1,1,2.0,0.6666666666666666,3,163533.74333333332,3,1,5,1,2.0,0.0,231290.48,0.6824944364693093,490601.23,0.09198845030999603,90,0,0,16.392042677798404,202203,1.0,2.0
1800001962,C000023,2022-03-12,2022-04-26,249369.81,Manufacturing,International,NT45,High,CLEARED,12.426696264480098,45,4,0,2.375,0.875,8,103116.7825,3,1,5,1,2.3333333333333335,-0.04166666666666652,249683.32,2.418324194706133,824934.26,0.13629563805146028,45,0,0,16.392042677798404,202203,1.0,2.0
1800002180,C000168,2022-03-12,2022-05-11,14586.96,Construction,South,NT60,High,CLEARED,9.587951809945102,60,0,3,2.3333333333333335,0.7777777777777778,9,119522.20333333334,3,1,5,1,2.0,-0.3333333333333335,245921.07,0.12204393487726031,1075699.83,0.18250166212465194,60,0,0,16.392042677798404,202203,1.0,4.0
1800001880,C000158,2022-03-13,2022-04-27,53636.24,Logistics,International,NT45,High,CLEARED,10.889998881933103,45,3,0,2.625,0.625,8,172301.485,3,1,6,1,3.6666666666666665,1.0416666666666665,246168.57,0.3112929641900649,1378411.88,0.06235277294046844,45,0,0,16.392042677798404,202203,1.0,1.0
1800000298,C000161,2022-03-13,2022-05-12,202347.34,Construction,Midwest,NT60,Medium,CLEARED,12.21774594666275,60,0,1,1.3571428571428572,0.5,14,97581.15214285713,3,1,6,1,1.6666666666666667,0.30952380952380953,213210.53,2.0736313884034385,1366136.13,0.12262943980238626,60,0,0,16.392042677798404,202203,0.0,-2.0
1800000271,C000120,2022-03-13,2022-04-12,122081.46,Manufacturing,South,NT30,High,CLEARED,11.7124519970361,30,4,3,4.125,0.875,8,148299.445,3,1,6,1,5.333333333333333,1.208333333333333,225243.15,0.8232091495689684,1186395.56,0.14489781811277977,30,0,0,16.392042677798404,202203,1.0,5.0
1800001420,C000027,2022-03-13,2022-03-27,190918.76,Logistics,South,NT14,High,CLEARED,12.159608514048019,14,3,3,9.333333333333334,1.0,12,149370.5225,3,1,6,1,4.0,-5.333333333333334,248894.88,1.2781555343357658,1792446.27,0.11632554581998082,14,0,0,16.392042677798404,202203,1.0,22.0
1800003546,C000175,2022-03-14,2022-06-12,196213.27,Construction,West,NT90,High,CLEARED,12.18696255537478,90,0,4,3.1666666666666665,0.8333333333333334,6,107010.69166666665,3,1,0,1,2.6666666666666665,-0.5,209031.8,1.8335856627410207,642064.1499999999,0.12298588120416246,90,0,1,16.392042677798404,202203,1.0,4.0
1800001238,C000065,2022-03-14,2022-04-13,90400.75,Healthcare,Northeast,NT30,High,CLEARED,11.412018904599975,30,2,2,28.333333333333332,0.8333333333333334,6,137780.41666666666,3,1,0,1,19.0,-9.333333333333332,199356.63,0.6561219089553729,826682.5,0.2261413533332021,30,0,1,16.392042677798404,202203,1.0,35.0
1800003592,C000101,2022-03-14,2022-03-28,205712.49,Manufacturing,West,NT14,High,CLEARED,12.234239654433834,14,4,4,12.222222222222221,0.8888888888888888,9,126629.56444444445,3,1,0,1,12.666666666666666,0.44444444444444464,215579.33,1.6245218160744066,1139666.08,0.5087214087240548,14,0,1,16.392042677798404,202203,1.0,7.0
1800003451,C000068,2022-03-15,2022-04-29,136331.79,Manufacturing,Northeast,NT45,High,CLEARED,11.822854161018814,45,4,2,2.142857142857143,0.8571428571428571,7,114189.64714285715,3,1,1,1,1.3333333333333333,-0.8095238095238095,232651.41,1.1939067455865056,799327.53,0.10196349434725564,45,0,0,16.392042677798404,202203,0.0,-1.0
1800002905,C000044,2022-03-15,2022-06-13,243770.4,Manufacturing,West,NT90,High,CLEARED,12.403986179878144,90,4,4,22.833333333333332,0.8333333333333334,6,131883.92666666667,3,1,1,1,26.666666666666668,3.8333333333333357,213705.7,1.8483708072790674,791303.56,0.38781109670863667,90,0,0,16.392042677798404,202203,1.0,33.0
1800001459,C000039,2022-03-16,2022-04-15,177267.25,Manufacturing,West,NT30,High,CLEARED,12.085419401012354,30,4,4,1.8,0.6,5,125767.478,3,1,2,1,2.3333333333333335,0.5333333333333334,228581.02,1.4094840162096596,628837.39,0.1861807013457155,30,0,0,16.392042677798404,202203,1.0,2.0
1800003479,C000094,2022-03-17,2022-03-31,45177.4,Healthcare,West,NT14,High,CLEARED,10.718374375494951,14,2,4,8.625,0.875,8,125466.6425,3,1,3,1,14.333333333333334,5.708333333333334,233379.26,0.36007498965312634,1003733.14,0.040770451745637086,14,0,0,16.392042677798404,202203,1.0,12.0
1800001406,C000131,2022-03-18,2022-05-02,224580.23,Energy,Northeast,NT45,High,CLEARED,12.321992747001726,45,1,2,2.6923076923076925,0.6153846153846154,13,156520.11615384615,3,1,4,1,0.6666666666666666,-2.025641025641026,249492.9,1.4348330139191596,2034761.51,0.1191360279801428,45,0,0,16.392042677798404,202203,0.0,0.0
1800000401,C000015,2022-03-19,2022-04-02,136214.64,Construction,Northeast,NT14,High,CLEARED,11.82199449723565,14,0,2,2.1666666666666665,0.6666666666666666,6,112106.09333333334,3,1,5,1,0.0,-2.1666666666666665,234147.69,1.2150511711703569,672636.56,0.20525941979579426,14,0,0,16.392042677798404,202203,1.0,2.0
1800004642,C000132,2022-03-19,2022-04-02,17750.17,Healthcare,West,NT14,High,CLEARED,9.78420670822419,14,2,4,1.8,0.6,10,133710.63,3,1,5,1,2.0,0.19999999999999996,249747.76,0.13275062723135772,1337106.3,0.015104069102760343,14,0,0,16.392042677798404,202203,0.0,0.0
1800002329,C000176,2022-03-19,2022-04-02,176452.64,Healthcare,International,NT14,Medium,CLEARED,12.080813457964032,14,2,0,0.5714285714285714,0.42857142857142855,7,79027.27285714286,3,1,5,1,-0.3333333333333333,-0.9047619047619047,123522.27,2.2328068984358405,553190.91,0.12766880332593494,14,0,0,16.392042677798404,202203,1.0,7.0
1800003463,C000065,2022-03-19,2022-04-18,206487.87,Healthcare,Northeast,NT30,High,CLEARED,12.238001791625575,30,2,2,29.285714285714285,0.8571428571428571,7,131011.89285714286,3,1,5,1,32.333333333333336,3.047619047619051,199356.63,1.5761001959200542,917083.25,0.5165382628870921,30,0,0,16.392042677798404,202203,1.0,38.0
1800003209,C000161,2022-03-19,2022-05-18,22184.67,Construction,Midwest,NT60,Medium,CLEARED,10.007201863942964,60,0,1,1.1333333333333333,0.4666666666666667,15,104565.56466666666,3,1,5,1,0.3333333333333333,-0.8,213210.53,0.2121603806254968,1568483.47,0.013444672187441675,60,0,0,16.392042677798404,202203,1.0,5.0
1800002721,C000074,2022-03-20,2022-06-18,87675.72,Retail,Northeast,NT90,High,CLEARED,11.381411692722994,90,5,2,2.357142857142857,0.5714285714285714,14,99136.63428571427,3,1,6,1,2.0,-0.3571428571428572,241463.48,0.8843927437289869,1387912.88,0.4702398667560066,90,0,0,16.392042677798404,202203,1.0,1.0
1800001702,C000071,2022-03-20,2022-06-18,232282.46,Energy,Midwest,NT90,High,CLEARED,12.35571371519044,90,1,1,2.0,0.75,4,150553.025,3,1,6,1,1.6666666666666667,-0.33333333333333326,231290.48,1.5428614602728838,602212.1,0.1914446462929071,90,0,0,16.392042677798404,202203,0.0,0.0
1800000245,C000197,2022-03-20,2022-04-19,24531.98,Healthcare,West,NT30,High,CLEARED,10.107773613771233,30,2,4,24.916666666666668,0.9166666666666666,12,107404.29666666668,3,1,6,1,23.333333333333332,-1.5833333333333357,244520.22,0.2284078082661435,1288851.56,0.01807213068244457,30,0,0,16.392042677798404,202203,1.0,27.0
1800003918,C000119,2022-03-21,2022-05-05,55378.24,Logistics,International,NT45,High,CLEARED,10.92196007326495,45,3,0,4.181818181818182,1.0,11,118808.16272727273,3,1,0,1,4.0,-0.18181818181818166,221992.37,0.4661147746819569,1306889.79,0.048843364195829485,45,0,1,16.392042677798404,202203,1.0,6.0
1800001580,C000118,2022-03-21,2022-05-05,89579.95,Healthcare,Northeast,NT45,High,CLEARED,11.402897964750828,45,2,2,2.0,0.6666666666666666,6,116739.14833333333,3,1,0,1,2.3333333333333335,0.3333333333333335,191691.09,0.7673514093508391,700434.89,0.12074255553931515,45,0,1,16.392042677798404,202203,1.0,3.0
1800001095,C000185,2022-03-21,2022-04-20,155427.85,Logistics,South,NT30,High,CLEARED,11.953943349620518,30,3,3,8.285714285714286,0.7142857142857143,7,132340.83,3,1,0,1,9.0,0.7142857142857135,232341.99,1.1744512256723796,926385.8099999999,1.2250565561018718,30,0,1,16.392042677798404,202203,1.0,19.0
1800004254,C000192,2022-03-21,2022-05-20,166922.64,Logistics,Midwest,NT60,High,CLEARED,12.025291741321306,60,3,1,2.9166666666666665,0.75,12,149698.85833333334,3,1,0,1,3.6666666666666665,0.75,237613.27,1.1150561992150576,1796386.3,0.1226412369641102,60,0,1,16.392042677798404,202203,1.0,6.0
1800002862,C000186,2022-03-21,2022-04-04,37067.24,Retail,International,NT14,High,CLEARED,10.520515817272868,14,5,0,13.363636363636363,0.9090909090909091,11,130516.57636363637,3,1,0,1,5.333333333333333,-8.030303030303031,245546.85,0.2840040785066702,1435682.34,0.12103469216401522,14,0,1,16.392042677798404,202203,1.0,7.0
1800004940,C000069,2022-03-21,2022-05-05,147994.29,Retail,South,NT45,High,CLEARED,11.904935727915523,45,5,3,1.3076923076923077,0.6153846153846154,13,137191.9676923077,3,1,0,1,0.6666666666666666,-0.6410256410256411,243662.1,1.0787387373284099,1783495.58,0.11376393038304357,45,0,1,16.392042677798404,202203,1.0,3.0
1800002982,C000041,2022-03-21,2022-04-04,194137.57,Manufacturing,South,NT14,High,CLEARED,12.176327461420607,14,4,3,21.0,1.0,3,167439.10333333333,3,1,0,1,21.0,0.0,233510.12,1.1594518014917703,502317.31,0.2304283234731431,14,0,1,16.392042677798404,202203,1.0,12.0
1800003724,C000169,2022-03-22,2022-04-21,14228.7,Healthcare,South,NT30,High,CLEARED,9.563086608641004,30,2,3,2.5714285714285716,0.7142857142857143,7,101977.29571428572,3,1,1,1,3.3333333333333335,0.7619047619047619,216206.29,0.13952811653159716,713841.0700000001,0.02003493663094307,30,0,0,16.392042677798404,202203,1.0,4.0
1800001180,C000053,2022-03-22,2022-05-06,212445.82,Manufacturing,South,NT45,Medium,CLEARED,12.266446977203115,45,4,3,0.16666666666666666,0.3333333333333333,6,145714.09666666668,3,1,1,1,0.3333333333333333,0.16666666666666666,212160.26,1.4579634013446743,874284.5800000001,0.3507295822376017,45,0,0,16.392042677798404,202203,1.0,1.0
1800001032,C000067,2022-03-22,2022-04-05,247131.01,Manufacturing,West,NT14,High,CLEARED,12.417677926282035,14,4,4,2.0,0.6,10,128743.85800000001,3,1,1,1,2.0,0.0,248221.29,1.9195557274662376,1287438.58,0.1504745827043238,14,0,0,16.392042677798404,202203,0.0,-4.0
1800004456,C000122,2022-03-22,2022-04-05,52144.9,Manufacturing,Midwest,NT14,High,CLEARED,10.861800837971044,14,4,1,14.833333333333334,1.0,6,127909.94166666667,3,1,1,1,18.666666666666668,3.833333333333334,225444.56,0.40766885920321677,767459.65,0.03727338167576428,14,0,0,16.392042677798404,202203,1.0,7.0
1800004419,C000136,2022-03-22,2022-05-21,138227.09,Construction,Midwest,NT60,High,CLEARED,11.83666042581248,60,0,1,13.533333333333333,0.9333333333333333,15,127710.91,3,1,1,1,8.666666666666666,-4.866666666666667,230104.42,1.082343630626389,1915663.6500000001,0.8254872570522778,60,0,0,16.392042677798404,202203,1.0,20.0
1800001175,C000003,2022-03-22,2022-04-21,110103.32,Construction,International,NT30,High,CLEARED,11.60918355899824,30,0,0,3.3333333333333335,0.7777777777777778,9,108765.0988888889,3,1,1,1,4.333333333333333,0.9999999999999996,158187.08,1.0123037732212077,978885.89,0.0962081778032896,30,0,0,16.392042677798404,202203,0.0,-3.0
1800004230,C000036,2022-03-22,2022-04-21,58849.69,Energy,South,NT30,High,CLEARED,10.982758837343564,30,1,3,9.5,1.0,8,141459.73249999998,3,1,1,1,9.333333333333334,-0.16666666666666607,248636.81,0.4160172577733385,1131677.8599999999,0.06608242384555671,30,0,0,16.392042677798404,202203,1.0,13.0
1800004633,C000020,2022-03-23,2022-04-06,12835.31,Healthcare,West,NT14,High,CLEARED,9.460033152763923,14,2,4,2.3333333333333335,0.5555555555555556,9,131116.56333333335,3,1,2,1,3.3333333333333335,1.0,226804.35,0.09789236137442994,1180049.07,0.006442016483846219,14,0,0,16.392042677798404,202203,1.0,3.0
1800002669,C000186,2022-03-23,2022-04-06,64190.63,Retail,International,NT14,High,CLEARED,11.06962810734687,14,5,0,12.833333333333334,0.9166666666666666,12,122729.13166666667,3,1,2,1,4.333333333333333,-8.5,245546.85,0.5230268407206063,1472749.58,0.2095999902303004,14,0,0,16.392042677798404,202203,0.0,-4.0
1800002600,C000128,2022-03-23,2022-05-07,207760.53,Retail,Northeast,NT45,Medium,CLEARED,12.244146210575975,45,5,2,0.0,0.3333333333333333,6,166668.65833333333,3,1,2,1,-1.6666666666666667,-1.6666666666666667,236385.24,1.2465482837480093,1000011.95,0.14522249037412416,45,0,0,16.392042677798404,202203,1.0,3.0
1800000226,C000017,2022-03-24,2022-06-22,119431.63,Logistics,Midwest,NT90,High,CLEARED,11.690507725687697,90,3,1,16.0,1.0,7,137262.32571428572,3,1,3,1,19.333333333333332,3.333333333333332,243868.16,0.8700976715825094,960836.28,0.13488302549824724,90,0,0,16.392042677798404,202203,1.0,18.0
1800002978,C000169,2022-03-24,2022-04-23,198064.75,Healthcare,South,NT30,High,CLEARED,12.196354325260469,30,2,3,2.75,0.75,8,91008.72125,3,1,3,1,2.6666666666666665,-0.08333333333333348,216206.29,2.1763271396366313,728069.77,0.2788880723519071,30,0,0,16.392042677798404,202203,0.0,-5.0
1800001456,C000035,2022-03-25,2022-06-23,185681.68,Healthcare,International,NT90,Medium,CLEARED,12.131794474278022,90,2,0,0.8571428571428571,0.5,14,98593.95857142858,3,1,4,1,0.6666666666666666,-0.19047619047619047,214743.13,1.8832967322787713,1380315.4200000002,0.11751946452317694,90,1,0,16.392042677798404,202203,0.0,-1.0
1800004375,C000051,2022-03-25,2022-05-24,211474.74,Energy,Midwest,NT60,High,CLEARED,12.261865566397681,60,1,1,15.0,1.0,7,132532.46285714285,3,1,4,1,13.666666666666666,-1.333333333333334,240179.13,1.595644836299083,927727.24,0.22410133294545218,60,1,0,16.392042677798404,202203,1.0,22.0
1800004087,C000200,2022-03-25,2022-05-09,55945.03,Healthcare,Northeast,NT45,High,CLEARED,10.932142755011657,45,2,2,1.4,0.6,5,113200.03600000001,3,1,4,1,2.0,0.6000000000000001,230600.01,0.49421388876590105,566000.18,0.029389337025767487,45,1,0,16.392042677798404,202203,1.0,2.0
1800000088,C000035,2022-03-26,2022-06-24,140835.02,Healthcare,International,NT90,Medium,CLEARED,11.855351513852371,90,2,0,0.7333333333333333,0.4666666666666667,15,104399.80666666667,3,1,5,1,-0.3333333333333333,-1.0666666666666667,214743.13,1.3489969425869306,1565997.1,0.08913564405767394,90,1,0,16.392042677798404,202203,1.0,4.0
1800000124,C000147,2022-03-26,2022-05-10,105538.29,Energy,International,NT45,High,CLEARED,11.566838579629849,45,1,0,17.625,0.875,8,132682.60375,3,1,5,1,26.0,8.375,208092.46,0.7954191960149861,1061460.83,0.10908614111094633,45,1,0,16.392042677798404,202203,1.0,7.0
1800003610,C000129,2022-03-26,2022-04-09,48943.86,Construction,South,NT14,High,CLEARED,10.798449637337981,14,0,3,2.2857142857142856,0.8571428571428571,7,145827.82714285713,3,1,5,1,2.3333333333333335,0.047619047619047894,217576.84,0.33562771220648574,1020794.7899999999,0.03471284570175385,14,1,0,16.392042677798404,202203,0.0,0.0
1800002111,C000123,2022-03-26,2022-06-24,64717.13,Healthcare,Midwest,NT90,High,CLEARED,11.077796657619022,90,2,1,1.1428571428571428,0.5714285714285714,7,132971.81142857144,3,1,5,1,2.0,0.8571428571428572,249060.7,0.48669811522244427,930802.68,0.05963075921551004,90,1,0,16.392042677798404,202203,0.0,-2.0
1800002972,C000146,2022-03-26,2022-04-25,38520.24,Construction,International,NT30,High,CLEARED,10.558965056463515,30,0,0,1.0,0.625,8,155222.60875,3,1,5,1,3.0,2.0,236408.5,0.2481612718031322,1241780.87,0.01926815279656012,30,1,0,16.392042677798404,202203,0.0,0.0
1800000520,C000051,2022-03-27,2022-05-26,138159.51,Energy,Midwest,NT60,High,CLEARED,11.83617140418607,60,1,1,15.875,1.0,8,142400.2475,3,1,6,1,13.666666666666666,-2.208333333333334,240179.13,0.9702195917882798,1139201.98,0.14640864601649603,60,1,0,16.392042677798404,202203,1.0,20.0
1800004861,C000112,2022-03-27,2022-04-10,172026.26,Logistics,International,NT14,High,CLEARED,12.055408231609729,14,3,0,9.3,0.8,10,180758.176,3,1,6,1,14.333333333333334,5.033333333333333,242663.76,0.9516928296510361,1807581.76,2.303768134884854,14,1,0,16.392042677798404,202203,1.0,9.0
1800003421,C000159,2022-03-27,2022-05-26,226883.45,Healthcare,Northeast,NT60,High,CLEARED,12.332196136026356,60,2,2,2.3333333333333335,0.8333333333333334,6,116054.77333333333,3,1,6,1,0.6666666666666666,-1.666666666666667,211262.67,1.9549687055813187,696328.64,0.6832771955126042,60,1,0,16.392042677798404,202203,0.0,0.0
1800003347,C000133,2022-03-27,2022-04-26,153383.42,Construction,Northeast,NT30,High,CLEARED,11.940702598220108,30,0,2,6.142857142857143,0.7142857142857143,7,101845.48,3,1,6,1,6.0,-0.14285714285714324,217498.99,1.5060405233496863,712918.36,0.7097707262151245,30,1,0,16.392042677798404,202203,1.0,19.0
1800004263,C000084,2022-03-27,2022-05-26,79919.0,Logistics,West,NT60,High,CLEARED,11.288781413322436,60,3,4,15.0,1.0,9,114134.93111111112,3,1,6,1,12.666666666666666,-2.333333333333334,217639.26,0.700215080711779,1027214.38,0.18622682100104646,60,1,0,16.392042677798404,202203,1.0,3.0
1800000297,C000116,2022-03-27,2022-05-11,78057.51,Manufacturing,Midwest,NT45,High,CLEARED,11.265213952671314,45,4,1,12.692307692307692,1.0,13,138411.7646153846,3,1,6,1,13.0,0.3076923076923084,207844.11,0.5639514113334542,1799352.94,0.13142984319394202,45,1,0,16.392042677798404,202203,0.0,-1.0
1800001538,C000157,2022-03-27,2022-04-26,249242.86,Healthcare,South,NT30,High,CLEARED,12.42618705361896,30,2,3,1.2,0.6,5,133596.032,3,1,6,1,-0.6666666666666666,-1.8666666666666667,246583.33,1.8656456802549344,667980.16,0.18982210733342153,30,1,0,16.392042677798404,202203,1.0,1.0
1800003270,C000034,2022-03-27,2022-04-26,5750.5,Logistics,Midwest,NT30,High,CLEARED,8.657215969336065,30,3,1,1.5555555555555556,0.5555555555555556,9,111564.7711111111,3,1,6,1,0.6666666666666666,-0.888888888888889,165843.04,0.05154404874163085,1004082.94,0.012293651103637648,30,1,0,16.392042677798404,202203,0.0,0.0
1800002193,C000073,2022-03-28,2022-04-27,59515.0,Energy,Midwest,NT30,High,CLEARED,10.994000462947588,30,1,1,34.0,1.0,3,161002.70666666667,3,1,0,1,34.0,0.0,191484.1,0.3696521706508785,483008.12,0.06610484967791616,30,1,1,16.392042677798404,202203,1.0,41.0
1800004768,C000135,2022-03-28,2022-06-26,53386.24,Healthcare,West,NT90,Medium,CLEARED,10.885327045084011,90,2,4,1.25,0.375,8,117325.46625,3,1,0,1,2.3333333333333335,1.0833333333333335,220524.96,0.45502687273573905,938603.73,0.08476177730672942,90,1,1,16.392042677798404,202203,1.0,2.0
1800003153,C000083,2022-03-28,2022-04-11,205663.04,Manufacturing,South,NT14,Medium,CLEARED,12.23399924266298,14,4,3,3.0,0.5,4,101659.94750000001,3,1,0,1,4.0,1.0,237730.96,2.023048851171205,406639.79000000004,0.16559230924224683,14,1,1,16.392042677798404,202203,0.0,0.0
1800002050,C000116,2022-03-29,2022-05-13,85120.95,Manufacturing,Midwest,NT45,High,CLEARED,11.351840213147655,45,4,1,11.714285714285714,0.9285714285714286,14,134100.74642857144,3,1,1,1,6.333333333333333,-5.3809523809523805,207844.11,0.6347537375218082,1877410.45,0.14332295651013438,45,1,0,16.392042677798404,202203,1.0,11.0
1800002231,C000043,2022-03-29,2022-05-28,179497.17,Healthcare,Midwest,NT60,High,CLEARED,12.097920291872429,60,2,1,1.7777777777777777,0.6666666666666666,9,101770.2311111111,3,1,1,1,0.3333333333333333,-1.4444444444444444,181418.09,1.7637492618448305,915932.08,0.09364567798296447,60,1,0,16.392042677798404,202203,0.0,-1.0
1800004817,C000005,2022-03-29,2022-04-12,236244.53,Logistics,Northeast,NT14,High,CLEARED,12.372626924542072,14,3,2,9.428571428571429,0.9285714285714286,14,141423.0392857143,3,1,1,1,11.333333333333334,1.904761904761905,246455.43,1.6704812114999144,1979922.55,0.3311118913463652,14,1,0,16.392042677798404,202203,1.0,9.0
1800002849,C000199,2022-03-29,2022-04-12,240816.02,Construction,West,NT14,High,CLEARED,12.391792670982138,14,0,4,26.625,1.0,8,159378.53,3,1,1,1,28.333333333333332,1.7083333333333321,236483.25,1.5109690119491,1275028.24,0.12801508359647507,14,1,0,16.392042677798404,202203,1.0,32.0
1800004831,C000105,2022-03-30,2022-04-13,236863.63,Manufacturing,South,NT14,High,CLEARED,12.375244075496411,14,4,3,31.0,1.0,10,108832.8,3,1,2,1,30.666666666666668,-0.33333333333333215,237963.87,2.176399302416183,1088328.0,0.1404471726515846,14,1,0,16.392042677798404,202203,1.0,37.0
1800000092,C000162,2022-03-30,2022-05-14,187820.78,Construction,International,NT45,Medium,CLEARED,12.14324881347268,45,0,0,0.0,0.3333333333333333,6,170765.1133333333,3,1,2,1,0.3333333333333333,0.3333333333333333,206600.61,1.0998779336934825,1024590.6799999999,0.186923792535237,45,1,0,16.392042677798404,202203,0.0,-3.0
1800004418,C000138,2022-03-30,2022-04-29,133491.82,Construction,Northeast,NT30,High,CLEARED,11.80180297260456,30,0,2,4.125,0.875,8,178663.14375,3,1,2,1,4.666666666666667,0.541666666666667,248495.46,0.7471704415253805,1429305.15,0.3757807287834149,30,1,0,16.392042677798404,202203,1.0,3.0
1800000230,C000112,2022-03-30,2022-04-13,224882.58,Logistics,International,NT14,High,CLEARED,12.323338125055264,14,3,0,9.272727272727273,0.8181818181818182,11,179964.36545454545,3,1,2,1,13.666666666666666,4.393939393939393,242663.76,1.2495950486197767,1979608.02,3.0116176559014534,14,1,0,16.392042677798404,202203,0.0,-1.0
1800003325,C000028,2022-03-31,2022-06-29,233324.46,Manufacturing,Northeast,NT90,High,CLEARED,12.360189581930985,90,4,2,25.0,0.9166666666666666,12,81791.73333333332,3,1,3,1,25.666666666666668,0.6666666666666679,192125.61,2.8526655505527865,981500.7999999999,0.2388659982859962,90,1,0,16.392042677798404,202203,1.0,36.0
1800003624,C000174,2022-03-31,2022-05-15,61961.44,Retail,South,NT45,High,CLEARED,11.034283674000744,45,5,3,3.5714285714285716,1.0,7,125264.32285714286,3,1,3,1,4.0,0.4285714285714284,233163.08,0.4946455509974987,876850.26,0.07934211294789013,45,1,0,16.392042677798404,202203,1.0,2.0
1800004612,C000165,2022-04-01,2022-05-31,174293.66,Retail,South,NT60,High,CLEARED,12.068502594205748,60,5,3,1.6666666666666667,0.5555555555555556,9,82951.96,4,2,4,0,-0.3333333333333333,-2.0,248402.81,2.101139744015693,746567.64,0.17925845781784497,60,0,0,15.13830079876955,202204,1.0,6.0
1800000667,C000094,2022-04-01,2022-04-15,243254.75,Healthcare,West,NT14,High,CLEARED,12.401868638001144,14,2,4,9.0,0.8888888888888888,9,116545.61555555556,4,2,4,0,14.333333333333334,5.333333333333334,233379.26,2.0872063598483814,1048910.54,0.21952582589462902,14,0,0,15.13830079876955,202204,1.0,18.0
1800004536,C000034,2022-04-01,2022-05-01,70443.77,Logistics,Midwest,NT30,Medium,CLEARED,11.16258427752357,30,3,1,1.4,0.5,10,100983.344,4,2,4,0,0.6666666666666666,-0.7333333333333333,165843.04,0.6975781075342484,1009833.44,0.15059753600641626,30,0,0,15.13830079876955,202204,1.0,5.0
1800004483,C000038,2022-04-02,2022-06-01,46031.29,Energy,Midwest,NT60,High,CLEARED,10.737098385736726,60,1,1,2.3333333333333335,0.6666666666666666,6,139982.59,4,2,5,0,4.0,1.6666666666666665,243122.55,0.3288358216546786,839895.54,0.10866671495113889,60,0,0,15.13830079876955,202204,1.0,3.0
1800001851,C000123,2022-04-02,2022-07-01,134372.74,Healthcare,Midwest,NT90,Medium,CLEARED,11.808380301075916,90,2,1,0.75,0.5,8,124439.97625,4,2,5,0,-0.3333333333333333,-1.0833333333333333,249060.7,1.079819717500147,995519.81,0.12381186409329856,90,0,0,15.13830079876955,202204,1.0,1.0
1800004208,C000033,2022-04-02,2022-04-16,235278.1,Energy,Northeast,NT14,High,CLEARED,12.368527747991047,14,1,2,3.25,0.8333333333333334,12,105257.23833333333,4,2,5,0,2.0,-1.25,243987.46,2.2352676521391412,1263086.8599999999,0.13629125593180652,14,0,0,15.13830079876955,202204,1.0,5.0
1800002376,C000192,2022-04-03,2022-06-02,155661.79,Logistics,Midwest,NT60,High,CLEARED,11.955447344032567,60,3,1,3.1538461538461537,0.7692307692307693,13,151023.7646153846,4,2,6,0,3.3333333333333335,0.17948717948717974,237613.27,1.0307105666212677,1963308.94,0.11436767638977888,60,0,0,15.13830079876955,202204,0.0,-1.0
1800002643,C000099,2022-04-03,2022-05-18,58895.71,Logistics,West,NT45,High,CLEARED,10.983540510694198,45,3,4,1.6428571428571428,0.6428571428571429,14,131825.43357142858,4,2,6,0,2.0,0.3571428571428572,245026.79,0.44677046306157464,1845556.07,0.03487045399143737,45,0,0,15.13830079876955,202204,1.0,2.0
1800002895,C000030,2022-04-03,2022-05-03,164053.34,Healthcare,Midwest,NT30,High,CLEARED,12.00795299338829,30,2,1,30.8,1.0,10,135316.6,4,2,6,0,22.666666666666668,-8.133333333333333,245918.44,1.2123667014985595,1353166.0,0.12454114204035353,30,0,0,15.13830079876955,202204,1.0,27.0
1800002241,C000006,2022-04-03,2022-05-18,27833.67,Energy,South,NT45,High,CLEARED,10.23403764496982,45,1,3,2.2857142857142856,0.7142857142857143,7,144693.72142857144,4,2,6,0,2.0,-0.2857142857142856,249161.14,0.1923626659484336,1012856.05,0.11665560826788508,45,0,0,15.13830079876955,202204,0.0,0.0
1800002333,C000043,2022-04-03,2022-06-02,151243.36,Healthcare,Midwest,NT60,High,CLEARED,11.926652085941628,60,2,1,1.5,0.6,10,109542.925,4,2,6,0,-0.6666666666666666,-2.1666666666666665,181418.09,1.3806766616830797,1095429.25,0.0789053498036853,60,0,0,15.13830079876955,202204,1.0,1.0
1800001271,C000046,2022-04-03,2022-06-02,87795.67,Construction,International,NT60,Medium,CLEARED,11.382778851796896,60,0,0,1.2307692307692308,0.38461538461538464,13,130348.14923076922,4,2,6,0,1.3333333333333333,0.10256410256410242,235285.11,0.6735474996623539,1694525.94,0.5456021613374201,60,0,0,15.13830079876955,202204,1.0,7.0
1800003075,C000160,2022-04-03,2022-07-02,81327.41,Logistics,International,NT90,High,CLEARED,11.30625068098816,90,3,0,1.8333333333333333,0.6666666666666666,6,91538.46500000001,4,2,6,0,1.0,-0.8333333333333333,173635.01,0.8884506638821177,549230.79,0.04687857271003071,90,0,0,15.13830079876955,202204,1.0,5.0
1800002894,C000016,2022-04-03,2022-06-02,66350.61,Manufacturing,West,NT60,High,CLEARED,11.102723304725941,60,4,4,12.5,1.0,6,175959.33666666667,4,2,6,0,10.0,-2.5,224363.65,0.37707922328494037,1055756.02,0.20587933217640658,60,0,0,15.13830079876955,202204,0.0,-5.0
1800003225,C000191,2022-04-04,2022-07-03,80863.85,Energy,Midwest,NT90,High,CLEARED,11.300534521608734,90,1,1,21.3,1.0,10,145303.423,4,2,0,0,25.333333333333332,4.033333333333331,200772.75,0.55651717165672,1453034.23,1.048255164737784,90,0,1,15.13830079876955,202204,1.0,24.0
1800003382,C000107,2022-04-04,2022-06-03,185874.5,Retail,Midwest,NT60,High,CLEARED,12.132832373738664,60,5,1,25.4,1.0,10,149778.01400000002,4,2,0,0,22.666666666666668,-2.7333333333333307,229510.32,1.2409998973547611,1497780.1400000001,0.1509345482294528,60,0,1,15.13830079876955,202204,1.0,60.0
1800003201,C000035,2022-04-04,2022-07-03,56299.32,Healthcare,International,NT90,Medium,CLEARED,10.938455497948219,90,2,0,0.9375,0.5,16,106677.0075,4,2,0,0,1.0,0.0625,214743.13,0.5277549616303213,1706832.12,0.03563230330218353,90,0,1,15.13830079876955,202204,1.0,1.0
1800004722,C000178,2022-04-05,2022-04-19,63700.21,Retail,West,NT14,Medium,CLEARED,11.06195883667027,14,5,4,2.5833333333333335,0.5,12,101749.76833333333,4,2,1,0,4.0,1.4166666666666665,205599.66,0.6260477153256746,1220997.22,0.05708587668969717,14,0,0,15.13830079876955,202204,0.0,-4.0
1800002157,C000027,2022-04-05,2022-04-19,29121.43,Logistics,South,NT14,High,CLEARED,10.279263946631247,14,3,3,10.307692307692308,1.0,13,152566.54076923078,4,2,1,0,10.333333333333334,0.02564102564102555,248894.88,0.19087691084278116,1983365.03,0.01774349592365027,14,0,0,15.13830079876955,202204,1.0,9.0
1800001145,C000073,2022-04-05,2022-05-05,164742.81,Energy,Midwest,NT30,High,CLEARED,12.012146879579998,30,1,1,35.75,1.0,4,135630.78,4,2,1,0,37.333333333333336,1.5833333333333357,191484.1,1.214641764944506,542523.12,0.182984099648282,30,0,0,15.13830079876955,202204,1.0,30.0
1800003856,C000131,2022-04-05,2022-05-20,171036.2,Energy,Northeast,NT45,High,CLEARED,12.049636355685212,45,1,2,2.5,0.5714285714285714,14,161381.55285714287,4,2,1,0,0.6666666666666666,-1.8333333333333335,249492.9,1.0598249736226268,2259341.74,0.09073182224818856,45,0,0,15.13830079876955,202204,1.0,3.0
1800004309,C000190,2022-04-06,2022-04-20,151664.38,Manufacturing,Northeast,NT14,High,CLEARED,11.929431925712509,14,4,2,1.7777777777777777,0.5555555555555556,9,101188.33222222222,4,2,2,0,3.3333333333333335,1.5555555555555558,182065.04,1.4988326882088152,910694.99,0.10372181433744639,14,0,0,15.13830079876955,202204,1.0,3.0
1800004177,C000129,2022-04-06,2022-04-20,92032.12,Construction,South,NT14,High,CLEARED,11.429903791246725,14,0,3,2.0,0.75,8,133717.33125,4,2,2,0,1.6666666666666667,-0.33333333333333326,217576.84,0.6882587256242448,1069738.65,0.06527267733205541,14,0,0,15.13830079876955,202204,1.0,3.0
1800004661,C000057,2022-04-06,2022-05-06,240567.15,Manufacturing,Midwest,NT30,High,CLEARED,12.390758696370197,30,4,1,2.0,0.5454545454545454,11,121457.05636363638,4,2,2,0,3.0,1.0,239220.63,1.980676604574986,1336027.62,0.1869551419381465,30,0,0,15.13830079876955,202204,0.0,0.0
1800004424,C000128,2022-04-06,2022-05-21,230929.03,Retail,Northeast,NT45,Medium,CLEARED,12.349870043187428,45,5,2,0.42857142857142855,0.42857142857142855,7,172538.92571428572,4,2,2,0,1.0,0.5714285714285714,236385.24,1.3384169922467515,1207772.48,0.1614170354507703,45,0,0,15.13830079876955,202204,1.0,1.0
1800002515,C000020,2022-04-07,2022-04-21,56603.36,Healthcare,West,NT14,High,CLEARED,10.943841293026598,14,2,4,2.4,0.6,10,119288.43800000001,4,2,3,0,2.0,-0.3999999999999999,226804.35,0.4745083509266841,1192884.3800000001,0.02840911346598421,14,0,0,15.13830079876955,202204,0.0,-3.0
1800003879,C000117,2022-04-08,2022-06-07,112039.61,Construction,International,NT60,High,CLEARED,11.626616673843337,60,0,0,2.142857142857143,0.7142857142857143,7,159712.89571428573,4,2,4,0,-1.3333333333333333,-3.4761904761904763,249320.04,0.7015063467412824,1117990.27,0.1419967962146493,60,0,0,15.13830079876955,202204,0.0,0.0
1800000692,C000160,2022-04-08,2022-07-07,135105.9,Logistics,International,NT90,High,CLEARED,11.813821595923148,90,3,0,2.2857142857142856,0.7142857142857143,7,90079.74285714285,4,2,4,0,2.6666666666666665,0.38095238095238093,173635.01,1.4998477539424593,630558.2,0.07787745554302218,90,0,0,15.13830079876955,202204,1.0,2.0
1800004593,C000147,2022-04-08,2022-05-23,7698.06,Energy,International,NT45,High,CLEARED,8.948853522467582,45,1,0,16.444444444444443,0.8888888888888888,9,129666.56888888887,4,2,4,0,18.0,1.5555555555555571,208092.46,0.05936811674716602,1166999.1199999999,0.007956843525137007,45,0,0,15.13830079876955,202204,1.0,13.0
1800002896,C000115,2022-04-08,2022-07-07,221482.36,Healthcare,International,NT90,High,CLEARED,12.308102741491869,90,2,0,10.25,1.0,4,131788.7175,4,2,4,0,8.0,-2.25,246733.75,1.6805866556824183,527154.87,0.24626382464548024,90,0,0,15.13830079876955,202204,0.0,-5.0
1800002381,C000122,2022-04-09,2022-04-23,97083.11,Manufacturing,Midwest,NT14,High,CLEARED,11.483332995161938,14,4,1,13.714285714285714,1.0,7,117086.3642857143,4,2,5,0,15.333333333333334,1.6190476190476204,225444.56,0.829158122658055,819604.55,0.06939539270954988,14,0,0,15.13830079876955,202204,1.0,16.0
1800002443,C000040,2022-04-09,2022-04-23,182601.82,Construction,West,NT14,High,CLEARED,12.115068690616306,14,0,4,28.857142857142858,1.0,7,89314.92714285714,4,2,5,0,14.0,-14.857142857142858,213889.25,2.0444714656479834,625204.49,1.2284238846277942,14,0,0,15.13830079876955,202204,1.0,23.0
1800001205,C000049,2022-04-09,2022-06-08,66326.0,Construction,International,NT60,High,CLEARED,11.102352333093329,60,0,0,19.75,1.0,4,173013.79499999998,4,2,5,0,21.0,1.25,239827.83,0.38335671441690533,692055.1799999999,0.09945102959689991,60,0,0,15.13830079876955,202204,1.0,15.0
1800000379,C000059,2022-04-10,2022-04-24,193103.84,Retail,South,NT14,High,CLEARED,12.17098853283579,14,5,3,16.25,1.0,8,99952.16125,4,2,6,0,15.333333333333334,-0.9166666666666661,188404.5,1.9319626267711143,799617.29,0.14941826035430736,14,0,0,15.13830079876955,202204,1.0,3.0
1800004466,C000191,2022-04-10,2022-07-09,61213.81,Energy,Midwest,NT90,High,CLEARED,11.022144432688775,90,1,1,21.545454545454547,1.0,11,139445.28,4,2,6,0,19.333333333333332,-2.2121212121212146,200772.75,0.4389808676206179,1533898.08,0.7935275464348706,90,0,0,15.13830079876955,202204,1.0,40.0
1800003399,C000181,2022-04-10,2022-06-09,73503.66,Retail,International,NT60,High,CLEARED,11.20510408455169,60,5,0,3.0,1.0,9,146746.31555555557,4,2,6,0,3.6666666666666665,0.6666666666666665,236792.42,0.5008893049323123,1320716.84,0.11723985007061793,60,0,0,15.13830079876955,202204,0.0,0.0
1800000884,C000170,2022-04-11,2022-04-25,38155.18,Logistics,Midwest,NT14,High,CLEARED,10.549443015729597,14,3,1,10.7,1.0,10,112748.26499999998,4,2,0,0,6.666666666666667,-4.033333333333332,248555.31,0.3384103515916631,1127482.65,0.04823551939687668,14,0,1,15.13830079876955,202204,1.0,13.0
1800001052,C000077,2022-04-11,2022-05-26,178564.02,Manufacturing,International,NT45,High,CLEARED,12.09270807157918,45,4,0,1.2222222222222223,0.5555555555555556,9,107173.06444444443,4,2,0,0,2.0,0.7777777777777777,179093.86,1.6661277805727266,964557.58,0.2052765909310508,45,0,1,15.13830079876955,202204,0.0,0.0
1800002813,C000033,2022-04-12,2022-04-26,213727.2,Energy,Northeast,NT14,High,CLEARED,12.272460393293752,14,1,2,3.3846153846153846,0.8461538461538461,13,115258.84307692308,4,2,1,0,1.6666666666666667,-1.7179487179487178,243987.46,1.8543236622404733,1498364.96,0.12380730937043607,14,0,0,15.13830079876955,202204,1.0,2.0
1800003431,C000082,2022-04-12,2022-04-26,95290.98,Logistics,Northeast,NT14,High,CLEARED,11.464700930801982,14,3,2,11.545454545454545,0.9090909090909091,11,135301.55909090908,4,2,1,0,13.666666666666666,2.121212121212121,237416.81,0.7042858976663677,1488317.15,0.19524867672179838,14,0,0,15.13830079876955,202204,1.0,6.0
1800000059,C000024,2022-04-12,2022-05-27,158636.1,Construction,International,NT45,High,CLEARED,11.974374482643332,45,0,0,28.083333333333332,1.0,12,164436.08,4,2,1,0,23.0,-5.083333333333332,249295.78,0.9647280572487499,1973232.96,0.4558029634644428,45,0,0,15.13830079876955,202204,1.0,25.0
1800004830,C000161,2022-04-12,2022-06-11,23176.26,Construction,Midwest,NT60,Medium,CLEARED,10.050926904557501,60,0,1,1.375,0.5,16,99416.75875,4,2,1,0,2.3333333333333335,0.9583333333333335,213210.53,0.23312226521366047,1590668.14,0.014045609794101827,60,0,0,15.13830079876955,202204,1.0,3.0
1800004323,C000038,2022-04-13,2022-06-12,201117.69,Energy,Midwest,NT60,High,CLEARED,12.211650510278597,60,1,1,2.4285714285714284,0.7142857142857143,7,126560.97571428571,4,2,2,0,4.0,1.5714285714285716,243122.55,1.5890971831161271,885926.83,0.4747813648251334,60,0,0,15.13830079876955,202204,1.0,4.0
1800001744,C000035,2022-04-13,2022-07-12,120392.82,Healthcare,International,NT90,High,CLEARED,11.69852348163583,90,2,0,0.9411764705882353,0.5294117647058824,17,103713.61411764706,4,2,2,0,1.3333333333333333,0.392156862745098,214743.13,1.160819830879994,1763131.44,0.07619760731826225,90,0,0,15.13830079876955,202204,1.0,6.0
1800002907,C000088,2022-04-13,2022-05-13,68831.19,Logistics,West,NT30,Medium,CLEARED,11.139426792407672,30,3,4,1.8,0.5,10,91024.245,4,2,2,0,0.0,-1.8,247684.45,0.756185233945088,910242.45,0.03482671954852966,30,0,0,15.13830079876955,202204,1.0,2.0
1800002007,C000144,2022-04-13,2022-06-12,50873.85,Construction,Midwest,NT60,High,CLEARED,10.8371239743376,60,0,1,1.7142857142857142,0.5714285714285714,7,138110.42428571428,4,2,2,0,1.0,-0.7142857142857142,198075.09,0.36835633706225773,966772.97,0.050225901714272714,60,0,0,15.13830079876955,202204,1.0,2.0
1800004471,C000192,2022-04-13,2022-06-12,48695.33,Logistics,Midwest,NT60,High,CLEARED,10.793358946888107,60,3,1,2.857142857142857,0.7142857142857143,14,151355.05214285714,4,2,2,0,1.6666666666666667,-1.1904761904761905,237613.27,0.32172913497488476,2118970.73,0.03577738469494338,60,0,0,15.13830079876955,202204,0.0,-2.0
1800004590,C000181,2022-04-13,2022-06-12,12234.49,Retail,International,NT60,High,CLEARED,9.41209602411447,60,5,0,2.7,0.9,10,139422.05,4,2,2,0,2.0,-0.7000000000000002,236792.42,0.08775147116256002,1394220.5,0.01951426328009346,60,0,0,15.13830079876955,202204,0.0,-2.0
1800001297,C000072,2022-04-13,2022-05-28,229773.41,Construction,West,NT45,Medium,CLEARED,12.344853280493714,45,0,4,-1.0,0.5,2,83282.78,4,2,2,0,-1.0,0.0,161669.76,2.7589546122259607,166565.56,0.833995174318629,45,0,0,15.13830079876955,202204,1.0,5.0
1800002613,C000199,2022-04-14,2022-04-28,51384.79,Construction,West,NT14,High,CLEARED,10.847116954077414,14,0,4,27.22222222222222,1.0,9,168427.14,4,2,3,0,27.333333333333332,0.11111111111111072,240816.02,0.30508616366697194,1515844.26,0.02731557554782824,14,0,0,15.13830079876955,202204,1.0,37.0
1800004119,C000190,2022-04-14,2022-04-28,182774.42,Manufacturing,Northeast,NT14,High,CLEARED,12.116013465066139,14,4,2,1.9,0.6,10,106235.937,4,2,3,0,2.3333333333333335,0.43333333333333357,182065.04,1.7204575510074336,1062359.37,0.12499767220803229,14,0,0,15.13830079876955,202204,1.0,3.0
1800000228,C000194,2022-04-14,2022-07-13,16406.55,Construction,Midwest,NT90,High,CLEARED,9.7054968737301,90,0,1,8.363636363636363,0.9090909090909091,11,143776.33818181817,4,2,3,0,13.333333333333334,4.969696969696971,219422.45,0.11411161396566127,1581539.72,0.012496209409645572,90,0,0,15.13830079876955,202204,1.0,16.0
1800000424,C000039,2022-04-14,2022-05-14,80981.65,Manufacturing,West,NT30,High,CLEARED,11.301990213180144,30,4,4,1.8333333333333333,0.6666666666666666,6,134350.77333333335,4,2,3,0,1.6666666666666667,-0.16666666666666652,228581.02,0.6027628125301449,806104.64,0.08505361477166967,30,0,0,15.13830079876955,202204,0.0,0.0
1800003812,C000144,2022-04-15,2022-06-14,70962.01,Construction,Midwest,NT60,High,CLEARED,11.169914034347643,60,0,1,1.75,0.625,8,127205.8525,4,2,4,0,2.0,0.25,198075.09,0.5578517702241726,1017646.82,0.07005821143293141,60,0,0,15.13830079876955,202204,1.0,2.0
1800003191,C000076,2022-04-15,2022-05-30,11254.38,Retail,International,NT45,High,CLEARED,9.328601515542985,45,5,0,8.5,0.8333333333333334,6,128863.69666666667,4,2,4,0,10.666666666666666,2.166666666666666,245278.82,0.0873355358500373,773182.18,0.013297294243223354,45,0,0,15.13830079876955,202204,1.0,17.0
1800002088,C000160,2022-04-15,2022-07-14,30315.91,Logistics,International,NT90,High,CLEARED,10.319460921634073,90,3,0,2.25,0.75,8,95708.0125,4,2,4,0,2.3333333333333335,0.08333333333333348,173635.01,0.3167541484575286,765664.1,0.017474632368173867,90,0,0,15.13830079876955,202204,1.0,5.0
1800001509,C000156,2022-04-15,2022-05-15,211366.78,Retail,Northeast,NT30,High,CLEARED,12.261354928314137,30,5,2,13.222222222222221,1.0,9,111351.54555555555,4,2,4,0,12.666666666666666,-0.5555555555555554,244580.13,1.8981935001031918,1002163.91,2.7570103831972803,30,0,0,15.13830079876955,202204,1.0,12.0
1800000572,C000118,2022-04-15,2022-05-30,125191.17,Healthcare,Northeast,NT45,High,CLEARED,11.737605195756329,45,2,2,2.142857142857143,0.7142857142857143,7,112859.26285714285,4,2,4,0,2.3333333333333335,0.1904761904761907,191691.09,1.1092680107123052,790014.84,0.1687420209182618,45,0,0,15.13830079876955,202204,0.0,-4.0
1800001488,C000109,2022-04-15,2022-07-14,215869.2,Healthcare,West,NT90,High,CLEARED,12.282432580112026,90,2,4,33.714285714285715,1.0,7,118160.76142857144,4,2,4,0,41.333333333333336,7.61904761904762,193439.17,1.8269110438196832,827125.3300000001,0.4942704643258564,90,0,0,15.13830079876955,202204,1.0,9.0
1800002866,C000142,2022-04-15,2022-05-30,143337.76,Energy,Northeast,NT45,High,CLEARED,11.872966058750063,45,1,2,12.9,1.0,10,128417.146,4,2,4,0,7.333333333333333,-5.566666666666667,245566.0,1.1161886435320718,1284171.46,0.38371831048655836,45,0,0,15.13830079876955,202204,1.0,2.0
1800004802,C000091,2022-04-15,2022-05-30,242446.48,Healthcare,International,NT45,High,CLEARED,12.398540388583832,45,2,0,16.5,1.0,4,128296.61499999999,4,2,4,0,14.333333333333334,-2.166666666666666,198053.78,1.889734035461497,513186.45999999996,0.4693759269437949,45,0,0,15.13830079876955,202204,1.0,16.0
1800000858,C000079,2022-04-15,2022-05-30,13120.4,Manufacturing,Midwest,NT45,High,CLEARED,9.481999764122332,45,4,1,14.0,1.0,4,151498.495,4,2,4,0,14.666666666666666,0.6666666666666661,198680.88,0.0866041606551933,605993.98,0.00829234839737651,45,0,0,15.13830079876955,202204,1.0,16.0
1800002297,C000047,2022-04-15,2022-05-15,50775.7,Construction,South,NT30,High,CLEARED,10.835192866931928,30,0,3,3.2,1.0,5,119067.604,4,2,4,0,3.3333333333333335,0.1333333333333333,248675.38,0.4264442912616264,595338.02,0.03715301066432926,30,0,0,15.13830079876955,202204,1.0,4.0
1800003758,C000074,2022-04-16,2022-07-15,113061.4,Retail,Northeast,NT90,High,CLEARED,11.635695157670703,90,5,2,2.2666666666666666,0.6,15,98372.57333333333,4,2,5,0,0.3333333333333333,-1.9333333333333333,241463.48,1.1493183127058584,1475588.6,0.6063933968406254,90,0,0,15.13830079876955,202204,0.0,-3.0
1800002620,C000032,2022-04-16,2022-07-15,154072.29,Manufacturing,International,NT90,High,CLEARED,11.94518367727786,90,4,0,2.3333333333333335,0.6666666666666666,6,127683.2,4,2,5,0,2.6666666666666665,0.33333333333333304,230177.65,1.2066762894413674,766099.2,0.32136964802964557,90,0,0,15.13830079876955,202204,1.0,1.0
1800003549,C000046,2022-04-16,2022-06-15,208941.33,Construction,International,NT60,Medium,CLEARED,12.249813559856076,60,0,0,1.6428571428571428,0.42857142857142855,14,127308.68642857143,4,2,5,0,1.6666666666666667,0.023809523809523947,235285.11,1.6412181749847043,1782321.6099999999,1.2984563047439028,60,0,0,15.13830079876955,202204,1.0,3.0
1800000144,C000011,2022-04-16,2022-05-31,167116.01,Retail,Northeast,NT45,Medium,CLEARED,12.026449504734828,45,5,2,0.6666666666666666,0.5,6,112095.0,4,2,5,0,0.3333333333333333,-0.3333333333333333,241143.99,1.4908426780855526,672570.0,0.36445343949260034,45,0,0,15.13830079876955,202204,0.0,0.0
1800001379,C000129,2022-04-16,2022-04-30,133096.56,Construction,South,NT14,High,CLEARED,11.798837672134026,14,0,3,2.111111111111111,0.7777777777777778,9,129085.64111111111,4,2,5,0,2.0,-0.11111111111111116,217576.84,1.0310717664208404,1161770.77,0.09439713889983795,14,0,0,15.13830079876955,202204,1.0,3.0
1800002084,C000182,2022-04-16,2022-04-30,35153.72,Retail,West,NT14,High,CLEARED,10.467514169873908,14,5,4,14.9,1.0,10,106629.80500000001,4,2,5,0,6.666666666666667,-8.233333333333334,249682.11,0.3296800552153312,1066298.05,0.030474073174316364,14,0,0,15.13830079876955,202204,1.0,10.0
1800003129,C000173,2022-04-17,2022-05-01,111310.03,Manufacturing,West,NT14,High,CLEARED,11.620083633880808,14,4,4,3.6,1.0,5,95578.38200000001,4,2,6,0,4.333333333333333,0.733333333333333,176437.48,1.1645942070875397,477891.91000000003,0.1755792639288928,14,0,0,15.13830079876955,202204,1.0,3.0
1800004886,C000060,2022-04-17,2022-06-16,80012.03,Logistics,International,NT60,High,CLEARED,11.289944775393327,60,3,0,3.3636363636363638,0.7272727272727273,11,97785.12181818183,4,2,6,0,1.3333333333333333,-2.0303030303030303,241297.28,0.818243394417113,1075636.34,0.06995474844343268,60,0,0,15.13830079876955,202204,1.0,4.0
1800000774,C000057,2022-04-17,2022-05-17,74464.36,Manufacturing,Midwest,NT30,Medium,CLEARED,11.218089329794282,30,4,1,1.8333333333333333,0.5,12,131382.8975,4,2,6,0,3.3333333333333335,1.5000000000000002,240567.15,0.5667736167867664,1576594.77,0.057869476331798585,30,0,0,15.13830079876955,202204,1.0,1.0
1800002271,C000107,2022-04-17,2022-06-16,75429.37,Retail,Midwest,NT60,High,CLEARED,11.230965258045774,60,5,1,28.545454545454547,1.0,11,153059.51272727273,4,2,6,0,40.0,11.454545454545453,229510.32,0.4928107286895844,1683654.6400000001,0.06125045600220708,60,0,0,15.13830079876955,202204,1.0,42.0
1800004442,C000093,2022-04-17,2022-05-17,173013.72,Manufacturing,Northeast,NT30,High,CLEARED,12.06113195656545,30,4,2,2.5,0.9,10,145817.642,4,2,6,0,4.666666666666667,2.166666666666667,245348.3,1.1865074597763692,1458176.42,0.12329921420515519,30,0,0,15.13830079876955,202204,0.0,0.0
1800003515,C000151,2022-04-18,2022-06-17,1393.65,Energy,International,NT60,High,CLEARED,7.240398766718437,60,1,0,13.75,1.0,8,137748.1275,4,2,0,0,11.666666666666666,-2.083333333333334,230077.27,0.010117378909560859,1101985.02,0.006285726914448445,60,0,1,15.13830079876955,202204,1.0,12.0
1800004055,C000015,2022-04-18,2022-05-02,55599.76,Construction,Northeast,NT14,High,CLEARED,10.925952149210001,14,0,2,2.142857142857143,0.7142857142857143,7,115550.17142857143,4,2,0,0,0.6666666666666666,-1.4761904761904763,234147.69,0.48117418877538914,808851.2,0.08378229005623339,14,0,1,15.13830079876955,202204,1.0,1.0
1800003825,C000062,2022-04-18,2022-05-18,86369.15,Retail,South,NT30,High,CLEARED,11.36639740898696,30,5,3,1.875,0.625,8,124592.54375,4,2,0,0,0.6666666666666666,-1.2083333333333335,180971.81,0.6932128312052381,996740.35,0.04790265344044214,30,0,1,15.13830079876955,202204,1.0,2.0
1800001534,C000186,2022-04-19,2022-05-03,132923.81,Retail,International,NT14,High,CLEARED,11.79753890899405,14,5,0,11.538461538461538,0.8461538461538461,13,118226.17,4,2,1,0,3.3333333333333335,-8.205128205128204,245546.85,1.1243179915242116,1536940.21,0.4340326505188422,14,0,0,15.13830079876955,202204,1.0,13.0
1800001871,C000057,2022-04-19,2022-05-19,25456.13,Manufacturing,Midwest,NT30,High,CLEARED,10.1447511399129,30,4,1,1.7692307692307692,0.5384615384615384,13,127004.54846153845,4,2,1,0,1.3333333333333333,-0.4358974358974359,240567.15,0.20043479000052533,1651059.13,0.019783060144936287,30,0,0,15.13830079876955,202204,0.0,-1.0
1800003334,C000047,2022-04-19,2022-05-19,191593.32,Construction,South,NT30,High,CLEARED,12.163135498985527,30,0,3,3.3333333333333335,1.0,6,107685.62,4,2,1,0,2.6666666666666665,-0.666666666666667,248675.38,1.7791913163521742,646113.72,0.140190458451075,30,0,0,15.13830079876955,202204,0.0,-3.0
1800001352,C000121,2022-04-20,2022-05-20,99689.05,Logistics,West,NT30,High,CLEARED,11.509821151571444,30,3,4,9.625,1.0,8,179703.2775,4,2,2,0,10.0,0.375,238023.15,0.5547425254945615,1437626.22,0.09898609038055346,30,0,0,15.13830079876955,202204,1.0,29.0
1800002715,C000015,2022-04-20,2022-05-04,184494.46,Construction,Northeast,NT14,High,CLEARED,12.12538013511389,14,0,2,2.0,0.75,8,108056.37,4,2,2,0,1.3333333333333333,-0.6666666666666667,234147.69,1.7073908738559327,864450.96,0.27801142237822873,14,0,0,15.13830079876955,202204,1.0,6.0
1800004088,C000193,2022-04-20,2022-06-04,118276.57,Logistics,South,NT45,High,CLEARED,11.680789429284626,45,3,3,11.666666666666666,1.0,3,138421.50666666668,4,2,2,0,11.666666666666666,0.0,214555.25,0.8544667143728051,415264.52,0.12201260952504389,45,0,0,15.13830079876955,202204,0.0,0.0
1800002076,C000188,2022-04-20,2022-06-04,95683.19,Construction,International,NT45,Medium,CLEARED,11.468808360031646,45,0,0,1.6666666666666667,0.4444444444444444,9,138555.10333333333,4,2,2,0,2.3333333333333335,0.6666666666666667,242705.68,0.6905786051763617,1246995.93,0.057315173966149865,45,0,0,15.13830079876955,202204,1.0,4.0
1800004031,C000048,2022-04-21,2022-05-05,221841.87,Manufacturing,International,NT14,High,CLEARED,12.309724617458048,14,4,0,2.5,0.75,8,142413.99125,4,2,3,0,4.333333333333333,1.833333333333333,223638.39,1.5577252491334836,1139311.93,0.1834446410805281,14,0,0,15.13830079876955,202204,0.0,0.0
1800001928,C000039,2022-04-21,2022-05-21,241789.09,Manufacturing,West,NT30,High,CLEARED,12.395825232038417,30,4,4,1.5714285714285714,0.5714285714285714,7,126726.61285714286,4,2,3,0,0.6666666666666666,-0.9047619047619048,228581.02,1.9079582776552662,887086.29,0.253946864713828,30,0,0,15.13830079876955,202204,1.0,3.0
1800002581,C000072,2022-04-21,2022-06-05,6589.06,Construction,West,NT45,High,CLEARED,8.793317732159203,45,0,4,1.0,0.6666666666666666,3,132112.99,4,2,3,0,1.0,0.0,229773.41,0.049874429456179904,396338.97,0.023915927623200203,45,0,0,15.13830079876955,202204,1.0,4.0
1800003170,C000133,2022-04-21,2022-05-21,44052.72,Construction,Northeast,NT30,High,CLEARED,10.693165077287885,30,0,2,7.75,0.75,8,108287.7225,4,2,3,0,7.666666666666667,-0.08333333333333304,217498.99,0.40681176945059494,866301.78,0.20385078821525518,30,0,0,15.13830079876955,202204,1.0,10.0
1800004789,C000049,2022-04-22,2022-06-21,203543.58,Construction,International,NT60,High,CLEARED,12.223640326212326,60,0,0,18.8,1.0,5,151676.23599999998,4,2,4,0,23.0,4.199999999999999,239827.83,1.3419609120574434,758381.1799999999,0.3051988450809481,60,0,0,15.13830079876955,202204,0.0,-2.0
1800004336,C000105,2022-04-22,2022-05-06,23023.62,Manufacturing,South,NT14,High,CLEARED,10.044319357187101,14,4,3,31.545454545454547,1.0,11,120471.96636363635,4,2,4,0,34.666666666666664,3.1212121212121176,237963.87,0.19111184697114333,1325191.63,0.013651746927987535,14,0,0,15.13830079876955,202204,1.0,32.0
1800001302,C000105,2022-04-23,2022-05-07,207291.97,Manufacturing,South,NT14,High,CLEARED,12.241888385644305,14,4,3,31.583333333333332,1.0,12,112351.27083333333,4,2,5,0,40.666666666666664,9.083333333333332,237963.87,1.8450344928230118,1348215.25,0.12291279627808245,14,0,0,15.13830079876955,202204,1.0,19.0
1800004016,C000173,2022-04-23,2022-05-07,31065.63,Manufacturing,West,NT14,High,CLEARED,10.343889531747365,14,4,4,3.5,1.0,6,98200.32333333335,4,2,5,0,3.3333333333333335,-0.16666666666666652,176437.48,0.3163495693853282,589201.9400000001,0.04900259616215475,14,0,0,15.13830079876955,202204,1.0,2.0
1800002713,C000120,2022-04-23,2022-05-23,146933.96,Manufacturing,South,NT30,High,CLEARED,11.89774531887185,30,4,3,4.222222222222222,0.8888888888888888,9,145386.33555555556,4,2,5,0,6.666666666666667,2.4444444444444446,225243.15,1.0106449099121357,1308477.02,0.17439511462813811,30,0,0,15.13830079876955,202204,1.0,3.0
1800000857,C000146,2022-04-23,2022-05-23,176118.28,Construction,International,NT30,High,CLEARED,12.078916771739598,30,0,0,0.8888888888888888,0.5555555555555556,9,142255.6788888889,4,2,5,0,2.6666666666666665,1.7777777777777777,236408.5,1.2380404169141115,1280301.11,0.08809586672635888,30,0,0,15.13830079876955,202204,0.0,0.0
1800004153,C000126,2022-04-24,2022-05-24,193186.92,Manufacturing,Northeast,NT30,High,CLEARED,12.171418672925814,30,4,2,13.25,1.0,4,108924.7,4,2,6,0,14.0,0.75,182750.97,1.7735823004332352,435698.8,0.1943164328450199,30,0,0,15.13830079876955,202204,1.0,10.0
1800004947,C000121,2022-04-24,2022-05-24,114059.82,Logistics,West,NT30,High,CLEARED,11.644487093883354,30,3,4,11.777777777777779,1.0,9,170812.80777777778,4,2,6,0,17.333333333333332,5.555555555555554,238023.15,0.6677474686113019,1537315.27,0.11325552456673688,30,0,0,15.13830079876955,202204,1.0,9.0
1800002216,C000092,2022-04-24,2022-06-08,118810.29,Retail,Northeast,NT45,Medium,CLEARED,11.685291715065302,45,5,2,1.5454545454545454,0.45454545454545453,11,163141.54727272727,4,2,6,0,-0.3333333333333333,-1.8787878787878787,244604.99,0.728265067888453,1794557.02,0.176424638471442,45,0,0,15.13830079876955,202204,0.0,-2.0
1800003697,C000177,2022-04-24,2022-07-23,165381.02,Manufacturing,Northeast,NT90,High,CLEARED,12.016013349495916,90,4,2,3.6,0.8,5,90739.372,4,2,6,0,2.6666666666666665,-0.9333333333333336,157514.1,1.822593835011333,453696.86,0.1278145349424799,90,0,0,15.13830079876955,202204,1.0,9.0
1800002594,C000159,2022-04-24,2022-06-23,71580.2,Healthcare,Northeast,NT60,High,CLEARED,11.17858774863884,60,2,2,2.0,0.7142857142857143,7,131887.44142857144,4,2,6,0,1.6666666666666667,-0.33333333333333326,226883.45,0.5427370432291456,923212.0900000001,0.21556935206261768,60,0,0,15.13830079876955,202204,1.0,1.0
1800001135,C000179,2022-04-25,2022-06-09,120329.44,Retail,International,NT45,High,CLEARED,11.69799690403651,45,5,0,1.4,0.6,10,127511.93800000001,4,2,0,0,1.0,-0.3999999999999999,208943.23,0.943671956424974,1275119.3800000001,0.06247774969436099,45,1,1,15.13830079876955,202204,1.0,2.0
1800001327,C000038,2022-04-25,2022-06-24,107981.13,Energy,Midwest,NT60,High,CLEARED,11.589721029452887,60,1,1,2.625,0.75,8,135880.565,4,2,0,0,3.6666666666666665,1.0416666666666665,243122.55,0.79467678103929,1087044.52,0.2549125752029081,60,1,1,15.13830079876955,202204,0.0,-1.0
1800002457,C000149,2022-04-25,2022-05-09,128625.62,Retail,West,NT14,High,CLEARED,11.764669067809225,14,5,4,2.2,0.6,5,117070.08799999999,4,2,0,0,1.3333333333333333,-0.8666666666666669,190209.41,1.0987061015961652,585350.44,0.18376365203771228,14,1,1,15.13830079876955,202204,0.0,0.0
1800000386,C000070,2022-04-25,2022-07-24,195006.51,Energy,Midwest,NT90,Medium,CLEARED,12.180793349624796,90,1,1,1.2222222222222223,0.3333333333333333,9,158461.37,4,2,0,0,1.6666666666666667,0.4444444444444444,243557.77,1.2306249150818274,1426152.33,0.1107849968489822,90,1,1,15.13830079876955,202204,1.0,2.0
1800002480,C000009,2022-04-26,2022-06-10,154469.27,Manufacturing,International,NT45,High,CLEARED,11.947756929618985,45,4,0,13.727272727272727,1.0,11,118100.92454545455,4,2,1,0,14.666666666666666,0.9393939393939394,206735.83,1.3079429360482953,1299110.17,0.832123883021802,45,1,0,15.13830079876955,202204,1.0,20.0
1800000623,C000043,2022-04-26,2022-06-25,204121.46,Healthcare,Midwest,NT60,High,CLEARED,12.22647538683956,60,2,1,1.4545454545454546,0.6363636363636364,11,113333.87363636363,4,2,1,0,-1.0,-2.4545454545454546,181418.09,1.8010631195306361,1246672.6099999999,0.10649244504842367,60,1,0,15.13830079876955,202204,1.0,4.0
1800003444,C000067,2022-04-26,2022-05-10,112118.3,Manufacturing,West,NT14,High,CLEARED,11.627318761948496,14,4,4,1.4545454545454546,0.5454545454545454,11,139506.32636363638,4,2,1,0,0.6666666666666666,-0.787878787878788,248221.29,0.8036789651227221,1534569.59,0.06826724985269224,14,1,0,15.13830079876955,202204,0.0,-2.0
1800001701,C000165,2022-04-26,2022-06-25,173696.54,Retail,South,NT60,High,CLEARED,12.065070789780032,60,5,3,2.1,0.6,10,92086.13,4,2,1,0,1.6666666666666667,-0.43333333333333335,248402.81,1.886239979897081,920861.3,0.1786443287076284,60,1,0,15.13830079876955,202204,0.0,0.0
1800000562,C000086,2022-04-26,2022-05-10,96653.31,Manufacturing,West,NT14,Medium,CLEARED,11.478896077537698,14,4,4,-1.0,0.3333333333333333,3,151149.13333333333,4,2,1,0,-1.0,0.0,216958.3,0.6394565940834593,453447.4,0.059735760542327,14,1,0,15.13830079876955,202204,1.0,2.0
1800000978,C000001,2022-04-27,2022-05-11,168834.21,Manufacturing,Midwest,NT14,High,CLEARED,12.036678429439508,14,4,1,8.11111111111111,1.0,9,146939.69,4,2,2,0,10.333333333333334,2.222222222222223,232262.82,1.1490034448827269,1322457.21,0.5241687523610755,14,1,0,15.13830079876955,202204,1.0,37.0
1800002509,C000092,2022-04-27,2022-06-11,147919.04,Retail,Northeast,NT45,Medium,CLEARED,11.90442713647741,45,5,2,1.25,0.4166666666666667,12,159447.27583333335,4,2,2,0,-1.0,-2.25,244604.99,0.927698759523596,1913367.31,0.21964901487104163,45,1,0,15.13830079876955,202204,0.0,0.0
1800001292,C000133,2022-04-27,2022-05-27,214646.19,Construction,Northeast,NT30,High,CLEARED,12.276750982488517,30,0,2,8.0,0.7777777777777778,9,101150.5,4,2,2,0,12.0,4.0,217498.99,2.1220477407427545,910354.5,0.9932597809829092,30,1,0,15.13830079876955,202204,1.0,2.0
1800002698,C000015,2022-04-27,2022-05-11,110304.04,Construction,Northeast,NT14,High,CLEARED,11.611004897760685,14,0,2,2.4444444444444446,0.7777777777777778,9,116549.4911111111,4,2,2,0,3.0,0.5555555555555554,234147.69,0.9464137419085161,1048945.42,0.16621519721765649,14,1,0,15.13830079876955,202204,1.0,2.0
1800001970,C000188,2022-04-27,2022-06-11,56368.44,Construction,International,NT45,Medium,CLEARED,10.939682446664024,45,0,0,1.9,0.5,10,134267.91199999998,4,2,2,0,3.6666666666666665,1.7666666666666666,242705.68,0.41982063443423484,1342679.1199999999,0.0337652511878051,45,1,0,15.13830079876955,202204,1.0,4.0
1800004626,C000183,2022-04-27,2022-05-11,91470.24,Logistics,International,NT14,High,CLEARED,11.423779884915799,14,3,0,9.454545454545455,0.9090909090909091,11,139265.0281818182,4,2,2,0,8.333333333333334,-1.121212121212121,201575.82,0.6568069614762189,1531915.31,0.05464055026061718,14,1,0,15.13830079876955,202204,1.0,21.0
1800000086,C000068,2022-04-27,2022-06-11,139536.31,Manufacturing,Northeast,NT45,High,CLEARED,11.846087299680924,45,4,2,1.75,0.75,8,116957.41500000001,4,2,2,0,2.6666666666666665,0.9166666666666665,232651.41,1.1930522746249135,935659.3200000001,0.10436017715253287,45,1,0,15.13830079876955,202204,1.0,5.0
1800002073,C000055,2022-04-27,2022-07-26,5915.7,Logistics,Midwest,NT90,High,CLEARED,8.6855341400224,90,3,1,15.5,0.9,10,141349.641,4,2,2,0,14.666666666666666,-0.8333333333333339,241415.98,0.041851538908400904,1413496.41,0.0031451206919131543,90,1,0,15.13830079876955,202204,1.0,12.0
1800004372,C000053,2022-04-28,2022-06-12,30776.34,Manufacturing,South,NT45,Medium,CLEARED,10.334533983905382,45,4,3,0.2857142857142857,0.42857142857142855,7,155247.19999999998,4,2,3,0,0.6666666666666666,0.38095238095238093,212445.82,0.19824087004467716,1086730.4,0.05080906214583271,45,1,0,15.13830079876955,202204,1.0,4.0
1800000971,C000155,2022-04-28,2022-06-27,2646.48,Energy,West,NT60,High,CLEARED,7.8813635231505215,60,1,4,26.9,0.9,10,94323.928,4,2,3,0,28.0,1.1000000000000014,249366.55,0.0280573557114797,943239.28,0.0013588163321807893,60,1,0,15.13830079876955,202204,1.0,8.0
1800000899,C000015,2022-04-28,2022-05-12,230634.3,Construction,Northeast,NT14,High,CLEARED,12.348592954026257,14,0,2,2.4,0.8,10,115924.946,4,2,3,0,3.0,0.6000000000000001,234147.69,1.989513973981062,1159249.46,0.34753872713688594,14,1,0,15.13830079876955,202204,1.0,1.0
1800001047,C000150,2022-04-28,2022-05-28,170244.02,Healthcare,Midwest,NT30,High,CLEARED,12.044993972482615,30,2,1,9.666666666666666,1.0,9,118476.48111111112,4,2,3,0,9.0,-0.6666666666666661,233825.5,1.4369435891697322,1066288.33,0.16753587132966324,30,1,0,15.13830079876955,202204,1.0,15.0
1800003488,C000011,2022-04-29,2022-06-13,138067.3,Retail,Northeast,NT45,Medium,CLEARED,11.835503769239336,45,5,2,0.5714285714285714,0.42857142857142855,7,119955.14428571428,4,2,4,0,0.0,-0.5714285714285714,241143.99,1.1509910710552387,839686.01,0.3011028229219731,45,1,0,15.13830079876955,202204,1.0,1.0
1800003460,C000049,2022-04-29,2022-06-28,61933.58,Construction,International,NT60,High,CLEARED,11.033833945662328,60,0,0,15.333333333333334,0.8333333333333334,6,160320.79333333333,4,2,4,0,13.0,-2.333333333333334,239827.83,0.38631033886683613,961924.76,0.0928649141757677,60,1,0,15.13830079876955,202204,1.0,7.0
1800003036,C000036,2022-04-30,2022-05-30,197351.89,Energy,South,NT30,High,CLEARED,12.192748725017214,30,1,3,9.88888888888889,1.0,9,132280.8388888889,4,2,5,0,11.0,1.1111111111111107,248636.81,1.4919159241631998,1190527.55,0.2216067959185798,30,1,0,15.13830079876955,202204,0.0,-4.0
1800002551,C000109,2022-04-30,2022-07-29,163765.15,Healthcare,West,NT90,High,CLEARED,12.006194774588478,90,2,4,30.625,1.0,8,130374.31625,4,2,5,0,27.666666666666668,-2.958333333333332,215869.2,1.2561151207571528,1042994.53,0.37496908651578603,90,1,0,15.13830079876955,202204,1.0,49.0
1800002328,C000194,2022-04-30,2022-07-29,227960.11,Construction,Midwest,NT90,High,CLEARED,12.336930323212393,90,0,1,9.0,0.9166666666666666,12,133162.18916666668,4,2,5,0,13.0,4.0,219422.45,1.7118981854127044,1597946.27,0.17362804926116945,90,1,0,15.13830079876955,202204,1.0,18.0
1800004718,C000110,2022-04-30,2022-05-30,130967.43,Logistics,South,NT30,High,CLEARED,11.78271158077355,30,3,3,12.0,0.8,5,49623.714,4,2,5,0,6.333333333333333,-5.666666666666667,144085.42,2.639210559693295,248118.57,0.07667559903892096,30,1,0,15.13830079876955,202204,1.0,4.0
1800003017,C000133,2022-04-30,2022-05-30,197496.8,Construction,Northeast,NT30,High,CLEARED,12.193482724020765,30,0,2,7.4,0.8,10,112500.06899999999,4,2,5,0,10.333333333333334,2.9333333333333336,217498.99,1.7555260343884767,1125000.69,0.9139022142103963,30,1,0,15.13830079876955,202204,1.0,12.0
1800002375,C000044,2022-04-30,2022-07-29,153811.57,Manufacturing,West,NT90,High,CLEARED,11.943490062232861,90,4,4,24.285714285714285,0.8571428571428571,7,147867.70857142858,4,2,5,0,35.0,10.714285714285715,243770.4,1.0401971565394226,1035073.96,0.24469678701014252,90,1,0,15.13830079876955,202204,1.0,29.0
1800003814,C000049,2022-04-30,2022-06-29,4536.55,Construction,International,NT60,High,CLEARED,8.42014249779614,60,0,0,14.142857142857142,0.8571428571428571,7,146265.47714285713,4,2,5,0,6.666666666666667,-7.476190476190475,239827.83,0.031015862995265542,1023858.34,0.006802227909384198,60,1,0,15.13830079876955,202204,1.0,3.0
1800003678,C000141,2022-04-30,2022-07-29,109403.07,Healthcare,Northeast,NT90,High,CLEARED,11.602803371203052,90,2,2,12.166666666666666,0.8333333333333334,6,148235.10833333334,4,2,5,0,10.666666666666666,-1.5,215978.76,0.7380375083208189,889410.65,0.09839320136806962,90,1,0,15.13830079876955,202204,1.0,13.0
1800003197,C000069,2022-05-01,2022-06-15,98827.79,Retail,South,NT45,High,CLEARED,11.501144238049303,45,5,3,1.4285714285714286,0.6428571428571429,14,137963.56214285715,5,2,6,0,1.6666666666666667,0.23809523809523814,243662.1,0.7163325479931199,1931489.87,0.07596940274837663,45,0,0,16.5386766915339,202205,1.0,2.0
1800004439,C000033,2022-05-01,2022-05-15,32210.7,Energy,Northeast,NT14,High,CLEARED,10.380085019572675,14,1,2,3.2857142857142856,0.8571428571428571,14,122292.29714285713,5,2,6,0,3.3333333333333335,0.047619047619047894,243987.46,0.26339107819990254,1712092.16,0.018658926425547638,14,0,0,16.5386766915339,202205,1.0,2.0
1800002183,C000165,2022-05-01,2022-06-30,212362.55,Retail,South,NT60,High,CLEARED,12.26605494345372,60,5,3,1.9090909090909092,0.5454545454545454,11,99505.2581818182,5,2,6,0,2.3333333333333335,0.4242424242424243,248402.81,2.134184201722953,1094557.84,0.21841174952241516,60,0,0,16.5386766915339,202205,0.0,0.0
1800000915,C000108,2022-05-01,2022-05-15,30211.73,Retail,Northeast,NT14,High,CLEARED,10.316018637725831,14,5,2,29.0,1.0,5,172957.68,5,2,6,0,24.333333333333332,-4.666666666666668,231539.59,0.1746770076934427,864788.4,0.025637157843626246,14,0,0,16.5386766915339,202205,0.0,-3.0
1800002412,C000148,2022-05-02,2022-06-16,198759.48,Construction,Northeast,NT45,High,CLEARED,12.199855760686173,45,0,2,14.785714285714286,0.9285714285714286,14,126697.13785714285,5,2,0,0,23.666666666666668,8.880952380952381,248646.7,1.5687764014378205,1773759.93,0.15433671302319205,45,0,1,16.5386766915339,202205,0.0,0.0
1800003994,C000012,2022-05-02,2022-05-16,77527.0,Logistics,International,NT14,High,CLEARED,11.258394440414387,14,3,0,0.8888888888888888,0.5555555555555556,9,109252.93,5,2,0,0,-0.6666666666666666,-1.5555555555555554,248588.91,0.7096102594227908,983276.37,0.07102320875064709,14,0,1,16.5386766915339,202205,1.0,2.0
1800002031,C000114,2022-05-03,2022-06-02,93902.25,Manufacturing,West,NT30,High,CLEARED,11.450020275886002,30,4,4,12.2,1.0,5,130867.294,5,2,1,0,11.0,-1.1999999999999993,183832.22,0.7175379510788998,654336.47,0.0879723703299595,30,0,0,16.5386766915339,202205,1.0,14.0
1800000106,C000123,2022-05-03,2022-08-01,211443.64,Healthcare,Midwest,NT90,High,CLEARED,12.261718493797131,90,2,1,0.7777777777777778,0.5555555555555556,9,125543.61666666667,5,2,1,0,-0.3333333333333333,-1.1111111111111112,249060.7,1.6842245397582276,1129892.55,0.19482546250878227,90,0,0,16.5386766915339,202205,1.0,6.0
1800002655,C000090,2022-05-03,2022-07-02,79659.53,Logistics,Northeast,NT60,High,CLEARED,11.285529509989926,60,3,2,29.5,1.0,6,157892.53333333333,5,2,1,0,28.0,-1.5,236832.41,0.504517397487236,947355.2,0.08587369121486149,60,0,0,16.5386766915339,202205,1.0,52.0
1800003516,C000011,2022-05-03,2022-06-17,6972.71,Retail,Northeast,NT45,Medium,CLEARED,8.849902643348344,45,5,2,0.625,0.5,8,122219.16375,5,2,1,0,1.0,0.375,241143.99,0.05705087308781394,977753.31,0.015206371562392192,45,0,0,16.5386766915339,202205,1.0,5.0
1800004744,C000194,2022-05-03,2022-08-01,240865.52,Construction,Midwest,NT90,High,CLEARED,12.39199820011512,90,0,1,9.692307692307692,0.9230769230769231,13,140454.33692307692,5,2,1,0,16.666666666666668,6.974358974358976,227960.11,1.71490268849381,1825906.38,0.1834575811174911,90,0,0,16.5386766915339,202205,1.0,13.0
1800004621,C000171,2022-05-03,2022-07-02,84655.9,Energy,International,NT60,Medium,CLEARED,11.346361896348032,60,1,0,1.5,0.5,6,189830.76333333334,5,2,1,0,2.6666666666666665,1.1666666666666665,247678.48,0.4459545887794196,1138984.58,0.46154011390005234,60,0,0,16.5386766915339,202205,0.0,0.0
1800003739,C000013,2022-05-03,2022-07-02,231196.03,Retail,West,NT60,Medium,CLEARED,12.351025569677088,60,5,4,0.8333333333333334,0.3333333333333333,6,109182.67,5,2,1,0,-0.3333333333333333,-1.1666666666666667,215038.33,2.117515810888303,655096.02,0.16609914671420287,60,0,0,16.5386766915339,202205,1.0,4.0
1800000704,C000160,2022-05-03,2022-08-01,192920.75,Logistics,International,NT90,High,CLEARED,12.170039945259328,90,3,0,2.5555555555555554,0.7777777777777778,9,88442.22333333333,5,2,1,0,4.0,1.4444444444444446,173635.01,2.1813195409266624,795980.01,0.11120296842292969,90,0,0,16.5386766915339,202205,1.0,2.0
1800000085,C000028,2022-05-03,2022-08-01,203130.55,Manufacturing,Northeast,NT90,High,CLEARED,12.221609077700089,90,4,2,25.846153846153847,0.9230769230769231,13,93448.09692307693,5,2,1,0,25.333333333333332,-0.5128205128205146,233324.46,2.1737259151163846,1214825.26,0.20795497226537443,90,0,0,16.5386766915339,202205,1.0,28.0
1800002385,C000030,2022-05-04,2022-06-03,94364.55,Healthcare,Midwest,NT30,High,CLEARED,11.454931349087406,30,2,1,30.454545454545453,1.0,11,137929.0309090909,5,2,2,0,19.666666666666668,-10.787878787878785,245918.44,0.6841529254431993,1517219.34,0.07163687630574327,30,0,0,16.5386766915339,202205,1.0,29.0
1800001616,C000028,2022-05-04,2022-08-02,70683.78,Manufacturing,Northeast,NT90,High,CLEARED,11.165985552896204,90,4,2,26.0,0.9285714285714286,14,101282.55785714286,5,2,2,0,20.666666666666668,-5.333333333333332,233324.46,0.6978869955051702,1417955.81,0.07236254472560542,90,0,0,16.5386766915339,202205,1.0,20.0
1800000409,C000032,2022-05-04,2022-08-02,92636.77,Manufacturing,International,NT90,High,CLEARED,11.436452220841792,90,4,0,2.142857142857143,0.7142857142857143,7,131453.07,5,2,2,0,3.0,0.8571428571428572,230177.65,0.7047136289780072,920171.49,0.19322518130614683,90,0,0,16.5386766915339,202205,1.0,7.0
1800000807,C000075,2022-05-05,2022-06-19,116132.2,Retail,International,NT45,High,CLEARED,11.66249308718609,45,5,0,14.3,1.0,10,130184.824,5,2,3,0,16.666666666666668,2.366666666666667,240982.94,0.8920563582741411,1301848.24,0.0681675091619083,45,0,0,16.5386766915339,202205,1.0,13.0
1800000626,C000172,2022-05-05,2022-06-19,146341.83,Logistics,Northeast,NT45,High,CLEARED,11.893707298777752,45,3,2,11.666666666666666,0.8888888888888888,9,146843.03444444446,5,2,3,0,5.666666666666667,-5.999999999999999,248872.63,0.9965868013669106,1321587.31,0.16328340227119081,45,0,0,16.5386766915339,202205,0.0,0.0
1800003385,C000085,2022-05-05,2022-07-04,219069.96,Manufacturing,West,NT60,High,CLEARED,12.297150974580896,60,4,4,15.636363636363637,1.0,11,95678.07090909091,5,2,3,0,17.0,1.3636363636363633,247874.28,2.2896569497952215,1052458.78,0.1647993664577688,60,0,0,16.5386766915339,202205,1.0,25.0
1800002940,C000119,2022-05-06,2022-06-20,103522.23,Logistics,International,NT45,High,CLEARED,11.54755131094812,45,3,0,4.333333333333333,1.0,12,113522.33583333333,5,2,4,0,4.0,-0.33333333333333304,221992.37,0.9119106759042125,1362268.03,0.09130615169883378,45,0,0,16.5386766915339,202205,0.0,-3.0
1800003416,C000083,2022-05-06,2022-05-20,147988.55,Manufacturing,South,NT14,Medium,CLEARED,11.904896942145275,14,4,3,2.4,0.4,5,122460.56600000002,5,2,4,0,2.3333333333333335,-0.06666666666666643,237730.96,1.2084588111408856,612302.8300000001,0.11915493292286113,14,0,0,16.5386766915339,202205,0.0,-2.0
1800001172,C000187,2022-05-06,2022-06-20,52509.96,Manufacturing,West,NT45,High,CLEARED,10.868777188696743,45,4,4,28.75,1.0,4,126516.8575,5,2,4,0,27.333333333333332,-1.4166666666666679,168236.65,0.41504318900744114,506067.43,0.17064666490809366,45,0,0,16.5386766915339,202205,1.0,35.0
1800000539,C000025,2022-05-06,2022-08-04,157163.84,Energy,International,NT90,High,CLEARED,11.965050469838555,90,1,0,13.272727272727273,1.0,11,125204.46,5,2,4,0,11.333333333333334,-1.9393939393939394,227686.87,1.2552575203790663,1377249.06,0.23041027258719415,90,0,0,16.5386766915339,202205,0.0,-5.0
1800000400,C000061,2022-05-06,2022-06-05,247291.55,Energy,International,NT30,High,CLEARED,12.418327327701908,30,1,0,1.5,0.6666666666666666,6,92366.52333333333,5,2,4,0,1.3333333333333333,-0.16666666666666674,228837.23,2.677285460962642,554199.14,0.20852759435890394,30,0,0,16.5386766915339,202205,0.0,-3.0
1800004433,C000115,2022-05-06,2022-08-04,177763.83,Healthcare,International,NT90,High,CLEARED,12.088216775971466,90,2,0,7.2,0.8,5,149727.446,5,2,4,0,1.6666666666666667,-5.533333333333333,246733.75,1.1872494639359572,748637.23,0.19765366713371196,90,0,0,16.5386766915339,202205,1.0,13.0
1800001520,C000137,2022-05-07,2022-05-21,225210.38,Logistics,Northeast,NT14,High,CLEARED,12.32479470683061,14,3,2,28.142857142857142,1.0,7,98096.35857142857,5,2,5,0,42.666666666666664,14.523809523809522,215412.97,2.295807747399856,686674.51,0.3978560645008725,14,0,0,16.5386766915339,202205,1.0,44.0
1800003111,C000119,2022-05-07,2022-06-21,181567.81,Logistics,International,NT45,High,CLEARED,12.109389979297099,45,3,0,3.769230769230769,0.9230769230769231,13,112753.09692307693,5,2,5,0,2.3333333333333335,-1.4358974358974357,221992.37,1.6103132858857991,1465790.26,0.1601420101120796,45,0,0,16.5386766915339,202205,0.0,0.0
1800001127,C000073,2022-05-08,2022-06-07,125326.5,Energy,Midwest,NT30,High,CLEARED,11.738685590067591,30,1,1,34.6,1.0,5,141453.186,5,2,6,0,38.666666666666664,4.066666666666663,191484.1,0.8859927693675278,707265.9299999999,0.13920338474601965,30,0,0,16.5386766915339,202205,1.0,16.0
1800004121,C000121,2022-05-08,2022-06-07,62416.89,Logistics,West,NT30,High,CLEARED,11.041607211985244,30,3,4,11.5,1.0,10,165137.50900000002,5,2,6,0,19.333333333333332,7.833333333333332,238023.15,0.37796918687928127,1651375.09,0.061976755870509985,30,0,0,16.5386766915339,202205,1.0,2.0
1800003329,C000167,2022-05-08,2022-05-22,237201.79,Construction,Northeast,NT14,High,CLEARED,12.376670708262502,14,0,2,2.0,0.625,8,143420.0525,5,2,6,0,1.3333333333333333,-0.6666666666666667,233711.12,1.653895573633262,1147360.42,0.3401280520831345,14,0,0,16.5386766915339,202205,1.0,2.0
1800004921,C000070,2022-05-08,2022-08-06,24300.89,Energy,Midwest,NT90,Medium,CLEARED,10.098309404081883,90,1,1,1.3,0.4,10,162115.88400000002,5,2,6,0,2.3333333333333335,1.0333333333333334,243557.77,0.14989826660045227,1621158.84,0.013805559732736426,90,0,0,16.5386766915339,202205,0.0,-2.0
1800001832,C000018,2022-05-08,2022-06-22,228629.31,Manufacturing,Northeast,NT45,High,CLEARED,12.339861611229903,45,4,2,13.0,1.0,8,152106.885,5,2,6,0,11.0,-2.0,249207.47,1.5030832430760777,1216855.08,0.2258388719982542,45,0,0,16.5386766915339,202205,1.0,4.0
1800003947,C000055,2022-05-09,2022-08-07,170777.1,Logistics,Midwest,NT90,High,CLEARED,12.048120331975186,90,3,1,15.181818181818182,0.9090909090909091,11,129037.46454545455,5,2,0,0,14.333333333333334,-0.8484848484848477,241415.98,1.3234691227201099,1419412.11,0.09079476493313082,90,0,1,16.5386766915339,202205,1.0,11.0
1800000659,C000184,2022-05-09,2022-06-08,89217.46,Retail,International,NT30,High,CLEARED,11.39884324782941,30,5,0,28.77777777777778,1.0,9,102061.71777777777,5,2,0,0,9.333333333333334,-19.444444444444443,205830.12,0.8741520517443772,918555.46,0.0690855848258152,30,0,1,16.5386766915339,202205,1.0,20.0
1800004901,C000019,2022-05-09,2022-05-23,79570.19,Logistics,Northeast,NT14,High,CLEARED,11.284407371644946,14,3,2,11.466666666666667,1.0,15,101026.996,5,2,0,0,15.0,3.533333333333333,247674.67,0.787613144510404,1515404.94,0.0499011962436461,14,0,1,16.5386766915339,202205,1.0,15.0
1800003938,C000028,2022-05-10,2022-08-08,195453.32,Manufacturing,Northeast,NT90,High,CLEARED,12.183081973816437,90,4,2,25.6,0.9333333333333333,15,99242.63933333333,5,2,1,0,28.0,2.3999999999999986,233324.46,1.9694490323208456,1488639.5899999999,0.20009540534289577,90,0,0,16.5386766915339,202205,1.0,31.0
1800001268,C000031,2022-05-10,2022-08-08,75129.52,Energy,West,NT90,High,CLEARED,11.226982146675605,90,1,4,1.0,0.6666666666666666,3,109164.5,5,2,1,0,1.0,0.0,159282.03,0.6882230028992942,327493.5,0.15390353417254896,90,0,0,16.5386766915339,202205,0.0,-5.0
1800004926,C000095,2022-05-10,2022-06-09,146833.67,Healthcare,West,NT30,Medium,CLEARED,11.89706253894054,30,2,4,1.5,0.5,6,111859.505,5,2,1,0,1.0,-0.5,201367.35,1.3126615391333978,671157.03,0.07749210734141285,30,0,0,16.5386766915339,202205,1.0,2.0
1800003356,C000171,2022-05-10,2022-07-09,94115.89,Energy,International,NT60,Medium,CLEARED,11.452292799371442,60,1,0,1.2857142857142858,0.42857142857142855,7,174805.78285714285,5,2,1,0,0.6666666666666666,-0.6190476190476192,247678.48,0.5384026115252415,1223640.48,0.5131155488324476,60,0,0,16.5386766915339,202205,0.0,0.0
1800000153,C000076,2022-05-10,2022-06-24,187006.52,Retail,International,NT45,High,CLEARED,12.138904108931909,45,5,0,9.714285714285714,0.8571428571428571,7,112062.36571428573,5,2,1,0,8.333333333333334,-1.3809523809523796,245278.82,1.6687718379673684,784436.56,0.2209522623050966,45,0,0,16.5386766915339,202205,1.0,7.0
1800004895,C000009,2022-05-11,2022-06-25,71448.45,Manufacturing,International,NT45,High,CLEARED,11.176745485637694,45,4,0,14.25,1.0,12,121131.62,5,2,2,0,12.0,-2.25,206735.83,0.5898414468493033,1453579.44,0.3848918406223391,45,0,0,16.5386766915339,202205,1.0,14.0
1800000968,C000191,2022-05-11,2022-08-09,167021.93,Energy,Midwest,NT90,High,CLEARED,12.025886387362592,90,1,1,23.083333333333332,1.0,12,132925.99083333334,5,2,2,0,23.0,-0.08333333333333215,200772.75,1.2565031785952017,1595111.8900000001,2.165140551024625,90,0,0,16.5386766915339,202205,1.0,23.0
1800001882,C000046,2022-05-11,2022-07-10,185495.25,Construction,International,NT60,Medium,CLEARED,12.130789945191864,60,0,0,1.7333333333333334,0.4666666666666667,15,132750.86266666665,5,2,2,0,3.3333333333333335,1.6,235285.11,1.3973186032378027,1991262.94,1.1527517167740173,60,0,0,16.5386766915339,202205,1.0,5.0
1800003905,C000092,2022-05-12,2022-06-26,194499.38,Retail,Northeast,NT45,Medium,CLEARED,12.178189395766235,45,5,2,1.1538461538461537,0.38461538461538464,13,158560.48846153848,5,2,3,0,-1.0,-2.1538461538461537,244604.99,1.2266572958191857,2061286.35,0.2888174315492338,45,0,0,16.5386766915339,202205,1.0,6.0
1800004904,C000089,2022-05-12,2022-07-11,38664.92,Logistics,International,NT60,High,CLEARED,10.562713870889118,60,3,0,11.2,0.8,10,129511.682,5,2,3,0,2.3333333333333335,-8.866666666666665,216198.26,0.29854387961697537,1295116.82,0.04383059790840611,60,0,0,16.5386766915339,202205,1.0,32.0
1800001680,C000148,2022-05-12,2022-06-26,211226.74,Construction,Northeast,NT45,High,CLEARED,12.260692166886253,45,0,2,13.8,0.8666666666666667,15,131501.294,5,2,3,0,16.666666666666668,2.866666666666667,248646.7,1.6062711900006095,1972519.41,0.1640175389581639,45,0,0,16.5386766915339,202205,1.0,2.0
1800003706,C000185,2022-05-13,2022-06-12,144904.92,Logistics,South,NT30,High,CLEARED,11.883839983236795,30,3,3,9.625,0.75,8,135226.7075,5,2,4,0,15.666666666666666,6.041666666666666,232341.99,1.0715702739416326,1081813.66,1.1421165657082515,30,0,0,16.5386766915339,202205,1.0,12.0
1800000574,C000180,2022-05-13,2022-07-12,6770.9,Manufacturing,Midwest,NT60,High,CLEARED,8.820536976457642,60,4,1,16.22222222222222,1.0,9,87406.80111111111,5,2,4,0,21.333333333333332,5.111111111111111,189417.68,0.07746422376667078,786661.21,0.003950340516680432,60,0,0,16.5386766915339,202205,0.0,-2.0
1800003794,C000111,2022-05-13,2022-05-27,240184.74,Energy,International,NT14,High,CLEARED,12.389167819671714,14,1,0,12.333333333333334,1.0,12,142310.72083333333,5,2,4,0,15.666666666666666,3.333333333333332,244079.76,1.6877487415813983,1707728.65,0.22058504615906774,14,0,0,16.5386766915339,202205,1.0,1.0
1800002235,C000168,2022-05-13,2022-07-12,47698.31,Construction,South,NT60,High,CLEARED,10.772672211363002,60,0,3,2.5,0.8,10,109028.679,5,2,4,0,2.6666666666666665,0.16666666666666652,245921.07,0.43748406783870136,1090286.79,0.5967673083039171,60,0,0,16.5386766915339,202205,0.0,-1.0
1800001442,C000111,2022-05-14,2022-05-28,98292.14,Energy,International,NT14,High,CLEARED,11.495709517331816,14,1,0,11.461538461538462,1.0,13,149839.49153846153,5,2,5,0,10.333333333333334,-1.1282051282051277,244079.76,0.6559828720105466,1947913.39,0.09027124803588084,14,0,0,16.5386766915339,202205,1.0,24.0
1800003604,C000030,2022-05-14,2022-06-13,130623.85,Healthcare,Midwest,NT30,High,CLEARED,11.780084753375194,30,2,1,30.333333333333332,1.0,12,134298.6575,5,2,5,0,28.0,-2.333333333333332,245918.44,0.9726370496294797,1611583.89,0.09916313472622888,30,0,0,16.5386766915339,202205,1.0,39.0
1800002446,C000058,2022-05-14,2022-07-13,138827.52,Energy,Midwest,NT60,Medium,CLEARED,11.840994781451963,60,1,1,0.4,0.5,10,150029.527,5,2,5,0,0.0,-0.4,242563.82,0.9253346509584076,1500295.27,0.1078812730267358,60,0,0,16.5386766915339,202205,0.0,-1.0
1800002455,C000014,2022-05-14,2022-06-28,103750.97,Manufacturing,South,NT45,Medium,CLEARED,11.549758425864484,45,4,3,0.8333333333333334,0.5,6,178239.65,5,2,5,0,1.0,0.16666666666666663,247283.58,0.5820869262254499,1069437.9,0.06405016186451234,45,0,0,16.5386766915339,202205,0.0,0.0
1800001096,C000024,2022-05-14,2022-06-28,83055.89,Construction,International,NT45,High,CLEARED,11.32728107367132,45,0,0,27.846153846153847,1.0,13,163989.92769230768,5,2,5,0,24.0,-3.8461538461538467,249295.78,0.5064694592453066,2131869.06,0.23864127266855895,45,0,0,16.5386766915339,202205,1.0,1.0
1800002711,C000107,2022-05-15,2022-07-14,88928.79,Retail,Midwest,NT60,High,CLEARED,11.39560246098305,60,5,1,29.666666666666668,1.0,12,146590.33416666667,5,2,6,0,46.333333333333336,16.666666666666668,229510.32,0.6066483885553595,1759084.01,0.07221230853743724,60,0,0,16.5386766915339,202205,1.0,11.0
1800001169,C000054,2022-05-15,2022-08-13,235228.36,Construction,Midwest,NT90,High,CLEARED,12.368316317147974,90,0,1,2.3333333333333335,0.75,12,128511.10083333333,5,2,6,0,3.0,0.6666666666666665,227922.65,1.8304127695946577,1542133.21,0.21751515475719813,90,0,0,16.5386766915339,202205,0.0,-1.0
1800000129,C000089,2022-05-15,2022-07-14,142330.8,Logistics,International,NT60,High,CLEARED,11.865916230650901,60,3,0,13.090909090909092,0.8181818181818182,11,121252.88545454545,5,2,6,0,10.333333333333334,-2.757575757575758,216198.26,1.1738343336444237,1333781.74,0.16134635904540262,60,0,0,16.5386766915339,202205,1.0,16.0
1800000969,C000067,2022-05-16,2022-05-30,154513.32,Manufacturing,West,NT14,Medium,CLEARED,11.94804205710899,14,4,4,1.1666666666666667,0.5,12,137223.99083333332,5,2,0,0,-0.6666666666666666,-1.8333333333333335,248221.29,1.1259934874483108,1646687.89,0.09408097894820908,14,0,1,16.5386766915339,202205,0.0,0.0
1800003633,C000107,2022-05-16,2022-07-15,45566.77,Retail,Midwest,NT60,High,CLEARED,10.726955947357224,60,5,1,28.23076923076923,1.0,13,142154.8307692308,5,2,0,0,37.666666666666664,9.435897435897434,229510.32,0.3205432397437939,1848012.8,0.03700130918563537,60,0,1,16.5386766915339,202205,1.0,17.0
1800003510,C000066,2022-05-16,2022-07-15,123633.61,Retail,Northeast,NT60,High,CLEARED,11.725085800989744,60,5,2,28.666666666666668,1.0,6,113159.01666666666,5,2,0,0,31.0,2.333333333333332,233822.99,1.0925652558840133,678954.1,0.07798356695856234,60,0,1,16.5386766915339,202205,1.0,41.0
1800002165,C000092,2022-05-16,2022-06-30,144585.6,Retail,Northeast,NT45,Medium,CLEARED,11.881633914979806,45,5,2,1.5,0.42857142857142855,14,161127.55214285714,5,2,0,0,1.3333333333333333,-0.16666666666666674,244604.99,0.8973362908896494,2255785.73,0.21469909894316835,45,0,1,16.5386766915339,202205,1.0,2.0
1800004503,C000190,2022-05-16,2022-05-30,73356.74,Manufacturing,Northeast,NT14,High,CLEARED,11.203103299476522,14,4,2,2.0,0.6363636363636364,11,113193.98090909091,5,2,0,0,2.0,0.0,182774.42,0.6480621973964742,1245133.79,0.05016797066443899,14,0,1,16.5386766915339,202205,1.0,4.0
1800004129,C000042,2022-05-16,2022-07-15,245065.83,Manufacturing,South,NT60,High,CLEARED,12.409286227840592,60,4,3,1.75,0.5833333333333334,12,120040.21416666666,5,2,0,0,1.0,-0.75,227023.8,2.0415310960687294,1440482.5699999998,4.521260358515278,60,0,1,16.5386766915339,202205,1.0,2.0
1800001055,C000175,2022-05-16,2022-08-14,158841.32,Construction,West,NT90,High,CLEARED,11.975667291031245,90,0,4,3.2857142857142856,0.8571428571428571,7,119753.91714285713,5,2,0,0,4.0,0.7142857142857144,209031.8,1.3263976977931724,838277.4199999999,0.09956125654412852,90,0,1,16.5386766915339,202205,1.0,1.0
1800000017,C000153,2022-05-16,2022-07-15,18083.93,Manufacturing,South,NT60,High,CLEARED,9.802834273767704,60,4,3,2.0,0.7333333333333333,15,136379.64333333334,5,2,0,0,3.6666666666666665,1.6666666666666665,230985.56,0.13259992149854818,2045694.6500000001,0.023937331706530937,60,0,1,16.5386766915339,202205,1.0,3.0
1800003371,C000031,2022-05-17,2022-08-15,246421.28,Energy,West,NT90,Medium,CLEARED,12.414801928631594,90,1,4,-0.5,0.5,4,100655.755,5,2,1,0,-1.0,-0.5,159282.03,2.448158875764232,402623.02,0.5047963288907377,90,0,0,16.5386766915339,202205,1.0,2.0
1800001367,C000010,2022-05-17,2022-07-01,106156.17,Manufacturing,South,NT45,High,CLEARED,11.572676010775856,45,4,3,11.642857142857142,0.8571428571428571,14,121166.63928571428,5,2,1,0,16.0,4.357142857142858,241660.56,0.8761171443377316,1696332.95,0.13416327061007843,45,0,0,16.5386766915339,202205,1.0,8.0
1800001755,C000127,2022-05-17,2022-08-15,183264.29,Retail,International,NT90,High,CLEARED,12.118690054194477,90,5,0,13.625,1.0,8,133376.80375,5,2,1,0,11.333333333333334,-2.291666666666666,244835.16,1.3740342012056952,1067014.43,0.10950138534891063,90,0,0,16.5386766915339,202205,1.0,11.0
1800000771,C000110,2022-05-18,2022-06-17,78433.51,Logistics,South,NT30,High,CLEARED,11.27001928805976,30,3,3,10.666666666666666,0.8333333333333334,6,63181.0,5,2,2,0,1.6666666666666667,-9.0,144085.42,1.2414097592630695,379086.0,0.04591932791210149,30,0,0,16.5386766915339,202205,1.0,15.0
1800002909,C000166,2022-05-19,2022-07-18,174708.1,Logistics,West,NT60,High,CLEARED,12.070877584061483,60,3,4,25.0,1.0,7,134120.28857142857,5,2,3,0,20.333333333333332,-4.666666666666668,236797.87,1.3026224582491526,938842.02,0.08901890968997853,60,0,0,16.5386766915339,202205,1.0,24.0
1800004412,C000098,2022-05-19,2022-06-18,56057.26,Manufacturing,West,NT30,High,CLEARED,10.9341467860637,30,4,4,11.363636363636363,1.0,11,136118.81818181818,5,2,3,0,14.333333333333334,2.9696969696969706,247663.32,0.41182593816765706,1497307.0,0.06229413994741411,30,0,0,16.5386766915339,202205,1.0,11.0
1800002742,C000187,2022-05-19,2022-07-03,240348.44,Manufacturing,West,NT45,High,CLEARED,12.389849143383882,45,4,4,30.0,1.0,5,111715.478,5,2,3,0,30.0,0.0,168236.65,2.1514336625762813,558577.39,0.7810834306836847,45,0,0,16.5386766915339,202205,1.0,4.0
1800002341,C000158,2022-05-20,2022-07-04,107698.45,Logistics,International,NT45,High,CLEARED,11.587099756353354,45,3,0,2.4444444444444446,0.6666666666666666,9,159116.45777777777,5,2,4,0,4.0,1.5555555555555554,246168.57,0.6768529887110218,1432048.1199999999,0.12520074112000382,45,0,0,16.5386766915339,202205,0.0,0.0
1800003498,C000059,2022-05-20,2022-06-03,172474.92,Retail,South,NT14,High,CLEARED,12.058012911506475,14,5,3,14.777777777777779,1.0,9,110302.34777777777,5,2,4,0,14.666666666666666,-0.11111111111111249,193103.84,1.5636559282262887,992721.13,0.13345618865553546,14,0,0,16.5386766915339,202205,1.0,30.0
1800004342,C000189,2022-05-20,2022-07-19,189055.69,Logistics,Midwest,NT60,Medium,CLEARED,12.14980219615659,60,3,1,0.8333333333333334,0.3333333333333333,6,94671.765,5,2,4,0,1.3333333333333333,0.4999999999999999,173237.64,1.9969596003623677,568030.59,0.11682699641394245,60,0,0,16.5386766915339,202205,1.0,4.0
1800004997,C000145,2022-05-20,2022-06-03,124335.24,Logistics,West,NT14,High,CLEARED,11.730744787700667,14,3,4,1.5833333333333333,0.75,12,76095.08666666667,5,2,4,0,2.0,0.41666666666666674,180939.05,1.6339457045978352,913141.04,0.10131276514746566,14,0,0,16.5386766915339,202205,0.0,-4.0
1800000310,C000152,2022-05-21,2022-06-04,63250.8,Construction,West,NT14,High,CLEARED,11.054878864682856,14,0,4,1.75,0.625,8,145318.755,5,2,5,0,1.6666666666666667,-0.08333333333333326,241179.08,0.4352555869337031,1162550.04,0.0474699849955467,14,0,0,16.5386766915339,202205,0.0,-4.0
1800000133,C000045,2022-05-21,2022-08-19,168818.21,Energy,International,NT90,High,CLEARED,12.036583657986423,90,1,0,21.166666666666668,1.0,6,171035.90166666667,5,2,5,0,28.333333333333332,7.166666666666664,241835.25,0.9870337651624232,1026215.41,0.2551938207188923,90,0,0,16.5386766915339,202205,1.0,47.0
1800000533,C000052,2022-05-21,2022-06-04,160721.98,Construction,South,NT14,High,CLEARED,11.98743754087989,14,0,3,29.0,0.8888888888888888,9,115690.92666666667,5,2,5,0,28.666666666666668,-0.33333333333333215,189563.4,1.3892358254081465,1041218.34,0.15506592705092834,14,0,0,16.5386766915339,202205,1.0,27.0
1800004956,C000198,2022-05-21,2022-08-19,142720.45,Construction,West,NT90,High,CLEARED,11.86865010751559,90,0,4,8.2,1.0,5,170599.874,5,2,5,0,5.333333333333333,-2.8666666666666663,249539.5,0.8365800434295749,852999.37,0.09729601908239427,90,0,0,16.5386766915339,202205,1.0,8.0
1800004296,C000113,2022-05-22,2022-07-21,14703.38,Healthcare,South,NT60,High,CLEARED,9.595900687569479,60,2,3,1.2222222222222223,0.5555555555555556,9,108521.97,5,2,6,0,-1.0,-2.2222222222222223,245331.65,0.1354875883657475,976697.73,0.011403352789133871,60,0,0,16.5386766915339,202205,1.0,1.0
1800003843,C000120,2022-05-22,2022-06-21,186791.49,Manufacturing,South,NT30,High,CLEARED,12.137753600542576,30,4,3,4.1,0.9,10,145541.098,5,2,6,0,5.333333333333333,1.2333333333333334,225243.15,1.2834277916468653,1455410.98,0.22170179929888714,30,0,0,16.5386766915339,202205,0.0,0.0
1800001739,C000154,2022-05-22,2022-07-21,221253.45,Manufacturing,South,NT60,High,CLEARED,12.307068675662263,60,4,3,11.333333333333334,1.0,9,141069.3022222222,5,2,6,0,12.0,0.6666666666666661,240470.24,1.568402526380021,1269623.72,0.1973753193973514,60,0,0,16.5386766915339,202205,1.0,4.0
1800001022,C000069,2022-05-23,2022-07-07,188311.36,Retail,South,NT45,High,CLEARED,12.14585735242731,45,5,3,1.4666666666666666,0.6666666666666666,15,135354.51066666667,5,2,0,0,1.6666666666666667,0.20000000000000018,243662.1,1.3912455452906811,2030317.66,0.14475585814409633,45,0,1,16.5386766915339,202205,1.0,2.0
1800000922,C000067,2022-05-23,2022-06-06,95784.77,Manufacturing,West,NT14,Medium,CLEARED,11.469869414303869,14,4,4,1.0769230769230769,0.46153846153846156,13,138553.93923076923,5,2,0,0,-2.0,-3.0769230769230766,248221.29,0.6913175513578519,1801201.21,0.058321994051574635,14,0,1,16.5386766915339,202205,1.0,2.0
1800004847,C000099,2022-05-24,2022-07-08,71458.84,Logistics,West,NT45,High,CLEARED,11.17689089256006,45,3,4,1.6666666666666667,0.6666666666666666,15,126963.452,5,2,1,0,3.0,1.3333333333333333,245026.79,0.5628300024482635,1904451.78,0.04230872150962242,45,0,0,16.5386766915339,202205,1.0,5.0
1800001645,C000065,2022-05-24,2022-06-23,249901.83,Healthcare,Northeast,NT30,High,CLEARED,12.428827441288734,30,2,2,30.375,0.875,8,140446.39,5,2,1,0,32.666666666666664,2.2916666666666643,206487.87,1.7793396469642258,1123571.12,0.6251401458134341,30,0,0,16.5386766915339,202205,1.0,26.0
1800002449,C000076,2022-05-24,2022-07-08,2252.43,Retail,International,NT45,High,CLEARED,7.720208778857031,45,5,0,9.375,0.875,8,121430.385,5,2,1,0,8.0,-1.375,245278.82,0.018549146492453268,971443.08,0.0026612949333738134,45,0,0,16.5386766915339,202205,1.0,16.0
1800004015,C000108,2022-05-24,2022-06-07,84540.43,Retail,Northeast,NT14,High,CLEARED,11.344996989047512,14,5,2,23.666666666666668,0.8333333333333334,6,149166.68833333332,5,2,1,0,11.666666666666666,-12.000000000000002,231539.59,0.5667514037120865,895000.13,0.07173956433736285,14,0,0,16.5386766915339,202205,1.0,21.0
1800001889,C000196,2022-05-24,2022-06-07,212972.54,Healthcare,Midwest,NT14,High,CLEARED,12.268923211622841,14,2,1,1.625,0.75,8,160737.21375,5,2,1,0,0.0,-1.625,249974.99,1.3249734459827291,1285897.71,0.889147577449312,14,0,0,16.5386766915339,202205,1.0,4.0
1800002136,C000171,2022-05-24,2022-07-23,68686.44,Energy,International,NT60,Medium,CLEARED,11.137321637624213,60,1,0,1.125,0.375,8,164719.54624999998,5,2,1,0,-0.6666666666666666,-1.7916666666666665,247678.48,0.4169902210375959,1317756.3699999999,0.37447534478977973,60,0,0,16.5386766915339,202205,1.0,5.0
1800002337,C000191,2022-05-25,2022-08-23,47557.17,Energy,Midwest,NT90,High,CLEARED,10.76970887235207,90,1,1,23.076923076923077,1.0,13,135548.7553846154,5,2,2,0,29.0,5.923076923076923,200772.75,0.3508491823850245,1762133.82,0.6164936380448469,90,1,0,16.5386766915339,202205,1.0,7.0
1800000097,C000027,2022-05-25,2022-06-08,144901.71,Logistics,South,NT14,High,CLEARED,11.883817830687368,14,3,3,10.214285714285714,1.0,14,143749.03285714285,5,2,2,0,11.0,0.7857142857142865,248894.88,1.0080186775517486,2012486.46,0.08828765966214411,14,1,0,16.5386766915339,202205,0.0,-5.0
1800000476,C000040,2022-05-25,2022-06-08,136000.67,Construction,West,NT14,High,CLEARED,11.820422444054563,14,0,4,28.125,1.0,8,100975.78875,5,2,2,0,19.0,-9.125,213889.25,1.3468641511354373,807806.31,0.9149222683179319,14,1,0,16.5386766915339,202205,1.0,22.0
1800000146,C000185,2022-05-25,2022-06-24,150231.91,Logistics,South,NT30,High,CLEARED,11.919942102167743,30,3,3,9.88888888888889,0.7777777777777778,9,136302.06444444446,5,2,2,0,16.0,6.111111111111111,232341.99,1.1021983460949942,1226718.58,1.1841030180962187,30,1,0,16.5386766915339,202205,1.0,12.0
1800004460,C000169,2022-05-26,2022-06-25,23604.05,Healthcare,South,NT30,High,CLEARED,10.069215951173442,30,2,3,1.8888888888888888,0.6666666666666666,9,102903.83555555556,5,2,3,0,0.6666666666666666,-1.2222222222222223,216206.29,0.22937969097620936,926134.52,0.03323604025551257,30,1,0,16.5386766915339,202205,0.0,0.0
1800003027,C000104,2022-05-26,2022-06-09,232781.35,Manufacturing,Midwest,NT14,High,CLEARED,12.357859175814028,14,4,1,12.4,0.8,5,88565.408,5,2,3,0,17.0,4.6,213968.05,2.628355192582639,442827.04,1.2664525530257964,14,1,0,16.5386766915339,202205,0.0,-4.0
1800001735,C000043,2022-05-26,2022-07-25,1319.01,Healthcare,Midwest,NT60,High,CLEARED,7.185394591309296,60,2,1,1.6666666666666667,0.6666666666666666,12,120899.50583333334,5,2,3,0,1.3333333333333333,-0.3333333333333335,204121.46,0.010909970151725254,1450794.07,0.0006881422460103965,60,1,0,16.5386766915339,202205,1.0,1.0
1800002049,C000034,2022-05-27,2022-06-26,149496.11,Logistics,Midwest,NT30,High,CLEARED,11.915032340522352,30,3,1,1.7272727272727273,0.5454545454545454,11,98207.01909090909,5,2,4,0,1.6666666666666667,-0.06060606060606055,165843.04,1.5222548386446104,1080277.21,0.31959882057056516,30,1,0,16.5386766915339,202205,1.0,3.0
1800001389,C000142,2022-05-27,2022-07-11,188358.97,Energy,Northeast,NT45,High,CLEARED,12.146110145087993,45,1,2,11.909090909090908,1.0,11,129773.56545454545,5,2,4,0,2.6666666666666665,-9.242424242424242,245566.0,1.451443283847932,1427509.22,0.5042410718110031,45,1,0,16.5386766915339,202205,1.0,22.0
1800001927,C000064,2022-05-28,2022-08-26,77059.46,Construction,West,NT90,High,CLEARED,11.252345587536846,90,0,4,2.6666666666666665,0.6666666666666666,6,114776.695,5,2,5,0,2.3333333333333335,-0.33333333333333304,240204.86,0.6713859464240541,688660.17,0.21930581453912118,90,1,0,16.5386766915339,202205,1.0,2.0
1800002250,C000011,2022-05-28,2022-07-12,133060.72,Retail,Northeast,NT45,High,CLEARED,11.798568359711656,45,5,2,1.1111111111111112,0.5555555555555556,9,109414.00222222222,5,2,5,0,2.0,0.8888888888888888,241143.99,1.2161214953982835,984726.02,0.2901842681940637,45,1,0,16.5386766915339,202205,1.0,4.0
1800004226,C000026,2022-05-29,2022-07-13,161526.43,Manufacturing,Midwest,NT45,High,CLEARED,11.992430252424024,45,4,1,1.9090909090909092,0.6363636363636364,11,119197.73181818183,5,2,6,0,2.0,0.09090909090909083,236806.85,1.3551132855982881,1311175.05,0.3108072950064365,45,1,0,16.5386766915339,202205,1.0,4.0
1800004749,C000135,2022-05-30,2022-08-28,6247.48,Healthcare,West,NT90,Medium,CLEARED,8.740093513152532,90,2,4,1.3333333333333333,0.4444444444444444,9,110221.10777777777,5,2,0,0,3.0,1.6666666666666667,220524.96,0.056681339227653685,991989.97,0.009919175961600702,90,1,1,16.5386766915339,202205,1.0,1.0
1800001142,C000133,2022-05-30,2022-06-29,223979.88,Construction,Northeast,NT30,High,CLEARED,12.319315970051191,30,0,2,7.818181818181818,0.8181818181818182,11,120227.04454545454,5,2,0,0,8.0,0.18181818181818166,217498.99,1.8629741822799226,1322497.49,1.0364507590532042,30,1,1,16.5386766915339,202205,1.0,3.0
1800002124,C000019,2022-05-30,2022-06-13,213147.68,Logistics,Northeast,NT14,High,CLEARED,12.269745229352225,14,3,2,11.6875,1.0,16,99685.945625,5,2,0,0,16.333333333333332,4.645833333333332,247674.67,2.138191885161244,1594975.13,0.1336722233358734,14,1,1,16.5386766915339,202205,1.0,5.0
1800004670,C000060,2022-05-30,2022-07-29,131045.13,Logistics,International,NT60,High,CLEARED,11.783304677602045,60,3,0,3.4166666666666665,0.75,12,96304.03083333334,5,2,0,0,2.6666666666666665,-0.75,241297.28,1.3607439778589399,1155648.37,0.11457313486343158,60,1,1,16.5386766915339,202205,1.0,7.0
1800003370,C000015,2022-05-30,2022-06-13,231848.7,Construction,Northeast,NT14,High,CLEARED,12.353844595878723,14,0,2,2.272727272727273,0.8181818181818182,11,126353.06909090909,5,2,0,0,3.0,0.7272727272727271,234147.69,1.8349273323403679,1389883.76,0.3493686849108816,14,1,1,16.5386766915339,202205,0.0,-1.0
1800004228,C000018,2022-05-30,2022-07-14,16674.43,Manufacturing,Northeast,NT45,High,CLEARED,9.72169165755779,45,4,2,12.0,1.0,9,160609.37666666665,5,2,0,0,9.333333333333334,-2.666666666666666,249207.47,0.10381977905690148,1445484.39,0.016470917322078477,45,1,1,16.5386766915339,202205,0.0,-1.0
1800003404,C000089,2022-05-30,2022-07-29,106193.08,Logistics,International,NT60,High,CLEARED,11.573023642356755,60,3,0,13.333333333333334,0.8333333333333334,12,123009.37833333334,5,2,0,0,16.666666666666668,3.333333333333334,216198.26,0.8632925508511702,1476112.54,0.12038059797188778,60,1,1,16.5386766915339,202205,1.0,7.0
1800000210,C000146,2022-05-30,2022-06-29,127326.88,Construction,International,NT30,Medium,CLEARED,11.75452077077836,30,0,0,0.8,0.5,10,145641.939,5,2,0,0,2.0,1.2,236408.5,0.874245982127442,1456419.3900000001,0.0636899920392312,30,1,1,16.5386766915339,202205,0.0,0.0
1800001721,C000040,2022-05-30,2022-06-13,234235.26,Construction,West,NT14,High,CLEARED,12.364085543097563,14,0,4,27.444444444444443,1.0,9,104867.44222222222,5,2,0,0,21.0,-6.444444444444443,213889.25,2.233631859768615,943806.98,1.5757794090223272,14,1,1,16.5386766915339,202205,1.0,25.0
1800000089,C000105,2022-05-31,2022-06-14,31435.59,Manufacturing,South,NT14,High,CLEARED,10.355727780101075,14,4,3,30.615384615384617,1.0,13,119654.40153846153,5,2,1,0,29.333333333333332,-1.2820512820512846,237963.87,0.2627198798858677,1555507.22,0.01863958487900581,14,1,0,16.5386766915339,202205,1.0,21.0
1800003694,C000063,2022-05-31,2022-06-14,193064.5,Manufacturing,Midwest,NT14,High,CLEARED,12.170784788549597,14,4,1,9.416666666666666,1.0,12,116561.19833333335,5,2,1,0,7.0,-2.416666666666666,234352.78,1.6563359227646923,1398734.3800000001,0.3598036158395554,14,1,0,16.5386766915339,202205,1.0,3.0
1800003125,C000161,2022-05-31,2022-07-30,100987.74,Construction,Midwest,NT60,High,CLEARED,11.522764304459951,60,0,1,1.4705882352941178,0.5294117647058824,17,94932.02352941176,5,2,1,0,2.0,0.5294117647058822,213210.53,1.0637900283323474,1613844.4,0.06120203993345816,60,1,0,16.5386766915339,202205,0.0,-3.0
1800002229,C000129,2022-05-31,2022-06-14,41874.69,Construction,South,NT14,High,CLEARED,10.642460746603554,14,0,3,2.2,0.8,10,129486.73300000001,5,2,1,0,2.0,-0.20000000000000018,217576.84,0.32338981013599283,1294867.33,0.029699121662630917,14,1,0,16.5386766915339,202205,1.0,6.0
1800003442,C000062,2022-06-01,2022-07-01,78070.06,Retail,South,NT30,High,CLEARED,11.265374716580764,30,5,3,1.8888888888888888,0.6666666666666666,9,120345.5,6,2,2,1,1.3333333333333333,-0.5555555555555556,180971.81,0.6487160716437258,1083109.5,0.04329975492701415,30,0,0,16.39284296418005,202206,0.0,0.0
1800004752,C000191,2022-06-01,2022-08-30,165893.64,Energy,Midwest,NT90,High,CLEARED,12.01910816703695,90,1,1,21.928571428571427,1.0,14,129263.64214285715,6,2,2,1,23.333333333333332,1.404761904761905,200772.75,1.2833743290063018,1809690.99,2.1505142894773206,90,0,0,16.39284296418005,202206,0.0,-5.0
1800002955,C000036,2022-06-01,2022-07-01,185988.8,Energy,South,NT30,High,CLEARED,12.133447112481964,30,1,3,8.5,0.9,10,138787.944,6,2,2,1,6.666666666666667,-1.833333333333333,248636.81,1.340093344130813,1387879.44,0.20884716150801264,30,0,0,16.39284296418005,202206,1.0,1.0
1800001472,C000095,2022-06-01,2022-07-01,201969.85,Healthcare,West,NT30,High,CLEARED,12.215878659039403,30,2,4,1.5714285714285714,0.5714285714285714,7,116855.8142857143,6,2,2,1,1.6666666666666667,0.09523809523809534,201367.35,1.7283679997828825,817990.7000000001,0.10659046590559952,30,0,0,16.39284296418005,202206,1.0,3.0
1800003156,C000100,2022-06-01,2022-08-30,139524.45,Energy,International,NT90,High,CLEARED,11.846002300879887,90,1,0,26.25,0.875,8,111800.7725,6,2,2,1,27.333333333333332,1.0833333333333321,196637.07,1.2479739350638208,894406.18,0.11586572265356165,90,0,0,16.39284296418005,202206,1.0,37.0
1800001473,C000154,2022-06-02,2022-08-01,68723.17,Manufacturing,South,NT60,High,CLEARED,11.137856235841564,60,4,3,10.6,1.0,10,149087.717,6,2,3,1,10.333333333333334,-0.2666666666666657,240470.24,0.46095796074199724,1490877.17,0.06130642314842312,60,0,0,16.39284296418005,202206,1.0,12.0
1800001458,C000135,2022-06-02,2022-08-31,30741.31,Healthcare,West,NT90,Medium,CLEARED,10.333395160658307,90,2,4,1.3,0.5,10,99823.745,6,2,3,1,2.0,0.7,220524.96,0.30795588764977716,998237.45,0.048808233588601375,90,0,0,16.39284296418005,202206,1.0,3.0
1800000875,C000144,2022-06-02,2022-08-01,220048.76,Construction,Midwest,NT60,High,CLEARED,12.301608981577429,60,0,1,1.7777777777777777,0.6666666666666666,9,120956.53666666668,6,2,3,1,2.0,0.22222222222222232,198075.09,1.8192382657781674,1088608.83,0.21724613710398535,60,0,0,16.39284296418005,202206,1.0,4.0
1800000730,C000185,2022-06-02,2022-07-02,219309.05,Logistics,South,NT30,High,CLEARED,12.298241760989304,30,3,3,10.1,0.8,10,137695.049,6,2,3,1,14.333333333333334,4.233333333333334,232341.99,1.5927155812261629,1376950.49,1.7285575880704338,30,0,0,16.39284296418005,202206,1.0,8.0
1800003893,C000191,2022-06-03,2022-09-01,174217.75,Energy,Midwest,NT90,High,CLEARED,12.06806697251073,90,1,1,20.133333333333333,0.9333333333333333,15,131705.642,6,2,4,1,8.333333333333334,-11.799999999999999,200772.75,1.3227812214756904,1975584.63,2.2584214853299227,90,0,0,16.39284296418005,202206,1.0,11.0
1800000551,C000036,2022-06-03,2022-07-03,183815.74,Energy,South,NT30,High,CLEARED,12.121694562014332,30,1,3,7.818181818181818,0.9090909090909091,11,143078.9309090909,6,2,4,1,3.3333333333333335,-4.484848484848484,248636.81,1.284715637949464,1573868.24,0.20640702848502093,30,0,0,16.39284296418005,202206,1.0,15.0
1800004546,C000085,2022-06-03,2022-08-02,96275.61,Manufacturing,West,NT60,High,CLEARED,11.474980681472392,60,4,4,16.416666666666668,1.0,12,105960.72833333333,6,2,4,1,19.333333333333332,2.9166666666666643,247874.28,0.9085970954930991,1271528.74,0.07242508070634253,60,0,0,16.39284296418005,202206,1.0,8.0
1800002477,C000164,2022-06-04,2022-08-03,225129.53,Manufacturing,Midwest,NT60,High,CLEARED,12.324435646307602,60,4,1,5.5,1.0,4,163928.88,6,2,5,1,6.333333333333333,0.833333333333333,217659.4,1.3733365957237065,655715.52,0.43657605905597024,60,0,0,16.39284296418005,202206,1.0,8.0
1800003930,C000141,2022-06-04,2022-09-02,67342.68,Healthcare,Northeast,NT90,High,CLEARED,11.117564339276562,90,2,2,12.285714285714286,0.8571428571428571,7,142687.67428571428,6,2,5,1,10.666666666666666,-1.6190476190476204,215978.76,0.4719586350896341,998813.72,0.06056559357891395,90,0,0,16.39284296418005,202206,1.0,20.0
1800002102,C000151,2022-06-04,2022-08-03,83320.3,Energy,International,NT60,High,CLEARED,11.33045949774959,60,1,0,13.555555555555555,1.0,9,122597.62999999999,6,2,5,1,12.666666666666666,-0.8888888888888893,230077.27,0.6796240677735778,1103378.67,0.37579639954789135,60,0,0,16.39284296418005,202206,1.0,5.0
1800004448,C000001,2022-06-04,2022-06-18,128856.32,Manufacturing,Midwest,NT14,High,CLEARED,11.76646102471134,14,4,1,11.0,1.0,10,149129.142,6,2,5,1,19.666666666666668,8.666666666666668,232262.82,0.8640586157197901,1491291.42,0.4000519591867046,14,0,0,16.39284296418005,202206,0.0,0.0
1800001484,C000057,2022-06-05,2022-07-05,26623.32,Manufacturing,Midwest,NT30,Medium,CLEARED,10.189580362779473,30,4,1,1.5714285714285714,0.5,14,119751.09,6,2,6,1,0.0,-1.5714285714285714,240567.15,0.22232215172321187,1676515.26,0.02069013399986114,30,0,0,16.39284296418005,202206,0.0,0.0
1800000280,C000038,2022-06-05,2022-08-04,10399.13,Energy,Midwest,NT60,High,CLEARED,9.249573585051339,60,1,1,2.2222222222222223,0.6666666666666666,9,132780.62777777776,6,2,6,1,2.0,-0.22222222222222232,243122.55,0.0783181264770342,1195025.65,0.024549372729937326,60,0,0,16.39284296418005,202206,0.0,-3.0
1800000785,C000187,2022-06-05,2022-07-20,62618.89,Manufacturing,West,NT45,High,CLEARED,11.044838238251579,45,4,4,25.666666666666668,1.0,6,133154.305,6,2,6,1,23.333333333333332,-2.3333333333333357,240348.44,0.4702731165920621,798925.83,0.20349862652241169,45,0,0,16.39284296418005,202206,1.0,5.0
1800003145,C000139,2022-06-05,2022-09-03,181852.01,Retail,West,NT90,Medium,CLEARED,12.110954002381533,90,5,4,1.0,0.2857142857142857,7,142260.43714285715,6,2,6,1,1.3333333333333333,0.33333333333333326,243387.7,1.2783034668829623,995823.06,0.36270392920193295,90,0,0,16.39284296418005,202206,0.0,0.0
1800003315,C000069,2022-06-05,2022-07-20,35505.56,Retail,South,NT45,High,CLEARED,10.477472747124567,45,5,3,1.5,0.6875,16,138664.31375,6,2,6,1,2.3333333333333335,0.8333333333333335,243662.1,0.25605405630185074,2218629.02,0.027293296626856187,45,0,0,16.39284296418005,202206,1.0,4.0
1800003364,C000071,2022-06-06,2022-09-04,68194.82,Energy,Midwest,NT90,High,CLEARED,11.130138551630644,90,1,1,1.6,0.6,5,166898.912,6,2,0,1,1.6666666666666667,0.06666666666666665,232282.46,0.4085995479706902,834494.56,0.05620541987504554,90,0,1,16.39284296418005,202206,0.0,0.0
1800002056,C000173,2022-06-06,2022-06-20,47918.08,Manufacturing,West,NT14,High,CLEARED,10.777269033940593,14,4,4,3.2857142857142856,1.0,7,88609.65285714286,6,2,0,1,3.0,-0.2857142857142856,176437.48,0.5407772003943395,620267.5700000001,0.07558547253365937,14,0,1,16.39284296418005,202206,1.0,2.0
1800004135,C000076,2022-06-06,2022-07-21,120338.07,Retail,International,NT45,High,CLEARED,11.698068620640775,45,5,0,10.11111111111111,0.8888888888888888,9,108188.39,6,2,0,1,13.333333333333334,3.222222222222223,245278.82,1.1123011443279636,973695.51,0.14218204160972076,45,0,1,16.39284296418005,202206,1.0,17.0
1800004357,C000061,2022-06-06,2022-07-06,163799.43,Energy,International,NT30,High,CLEARED,12.006404075550286,30,1,0,0.8571428571428571,0.5714285714285714,7,114498.67,6,2,0,1,-0.3333333333333333,-1.1904761904761905,247291.55,1.430579324633203,801490.69,0.13812320354358926,30,0,1,16.39284296418005,202206,0.0,-3.0
1800002880,C000022,2022-06-06,2022-07-21,46787.66,Energy,Midwest,NT45,High,CLEARED,10.753396144852179,45,1,1,24.75,1.0,4,127639.405,6,2,0,1,24.666666666666668,-0.08333333333333215,221715.83,0.3665612512060833,510557.62,0.05211412831993291,45,0,1,16.39284296418005,202206,1.0,62.0
1800001555,C000116,2022-06-06,2022-07-21,200403.39,Manufacturing,Midwest,NT45,High,CLEARED,12.208092554140535,45,4,1,11.666666666666666,0.9333333333333333,15,130835.42666666667,6,2,0,1,6.0,-5.666666666666666,207844.11,1.5317211485125792,1962531.4,0.33743051915484384,45,0,1,16.39284296418005,202206,0.0,0.0
1800004484,C000033,2022-06-06,2022-06-20,89350.76,Energy,Northeast,NT14,High,CLEARED,11.400336218211146,14,1,2,3.2,0.8666666666666667,15,116286.85733333332,6,2,0,1,3.0,-0.20000000000000018,243987.46,0.7683650762345251,1744302.8599999999,0.051758864504862195,14,0,1,16.39284296418005,202206,1.0,3.0
1800001147,C000159,2022-06-06,2022-08-05,162102.96,Healthcare,Northeast,NT60,High,CLEARED,11.995993136789965,60,2,2,1.875,0.75,8,124349.03625,6,2,0,1,1.3333333333333333,-0.5416666666666667,226883.45,1.3036125159353615,994792.29,0.4881857001605532,60,0,1,16.39284296418005,202206,0.0,0.0
1800002276,C000094,2022-06-07,2022-06-21,156417.73,Healthcare,West,NT14,High,CLEARED,11.960291856956294,14,2,4,9.9,0.9,10,129216.52900000001,6,2,1,1,17.666666666666668,7.7666666666666675,243254.75,1.2105086803562104,1292165.29,0.14115955130501293,14,0,0,16.39284296418005,202206,1.0,8.0
1800002611,C000135,2022-06-07,2022-09-05,58223.63,Healthcare,West,NT90,High,CLEARED,10.972063740073699,90,2,4,1.4545454545454546,0.5454545454545454,11,93543.52363636364,6,2,1,1,2.0,0.5454545454545454,220524.96,0.6224228865520994,1028978.76,0.09244214164641319,90,0,0,16.39284296418005,202206,1.0,1.0
1800001120,C000113,2022-06-07,2022-08-06,115943.93,Healthcare,South,NT60,High,CLEARED,11.660870615983825,60,2,3,1.2,0.6,10,99140.111,6,2,1,1,0.0,-1.2,245331.65,1.1694956645751586,991401.11,0.0899214695905732,60,0,0,16.39284296418005,202206,0.0,-2.0
1800003472,C000164,2022-06-07,2022-08-06,104822.27,Manufacturing,Midwest,NT60,High,CLEARED,11.560031068206138,60,4,1,6.0,1.0,5,176169.01,6,2,1,1,6.0,0.0,225129.53,0.5950097011954599,880845.05,0.20327361558432985,60,0,0,16.39284296418005,202206,1.0,3.0
1800002616,C000156,2022-06-08,2022-07-08,105528.96,Retail,Northeast,NT30,High,CLEARED,11.566750172625929,30,5,2,13.1,1.0,10,121353.06899999999,6,2,2,1,11.0,-2.0999999999999996,244580.13,0.8696027292066262,1213530.69,1.3764908489783045,30,0,0,16.39284296418005,202206,1.0,14.0
1800004517,C000148,2022-06-08,2022-07-23,231397.29,Construction,Northeast,NT45,High,CLEARED,12.351895703913199,45,0,2,13.0625,0.875,16,136484.134375,6,2,2,1,9.333333333333334,-3.729166666666666,248646.7,1.6954153027356227,2183746.15,0.17967996867910072,45,0,0,16.39284296418005,202206,1.0,22.0
1800003981,C000002,2022-06-08,2022-09-06,201968.82,Construction,South,NT90,High,CLEARED,12.215873559280569,90,0,3,2.8333333333333335,0.6666666666666666,6,126752.51500000001,6,2,2,1,3.6666666666666665,0.833333333333333,226364.41,1.593410750074663,760515.0900000001,1.803675994778177,90,0,0,16.39284296418005,202206,1.0,1.0
1800001397,C000173,2022-06-09,2022-06-23,152290.68,Manufacturing,West,NT14,High,CLEARED,11.933552908369366,14,4,4,3.125,1.0,8,83523.20625,6,2,3,1,2.3333333333333335,-0.7916666666666665,176437.48,1.8233337396575338,668185.65,0.24022170776192006,14,0,0,16.39284296418005,202206,0.0,-1.0
1800004919,C000012,2022-06-09,2022-06-23,211613.75,Logistics,International,NT14,High,CLEARED,12.262522683531191,14,3,0,1.0,0.6,10,106080.33699999998,6,2,3,1,0.6666666666666666,-0.33333333333333337,248588.91,1.9948442471482724,1060803.3699999999,0.1938613327067634,14,0,0,16.39284296418005,202206,1.0,1.0
1800003582,C000074,2022-06-09,2022-09-07,7208.76,Retail,Northeast,NT90,High,CLEARED,8.883190942623719,90,5,2,1.9375,0.5625,16,99290.625,6,2,3,1,-0.6666666666666666,-2.6041666666666665,241463.48,0.07260262487017279,1588650.0,0.038663455993016425,90,0,0,16.39284296418005,202206,0.0,-3.0
1800002070,C000099,2022-06-10,2022-07-25,13098.15,Logistics,West,NT45,High,CLEARED,9.480302621587905,45,3,4,1.875,0.6875,16,123494.41375,6,2,4,1,2.6666666666666665,0.7916666666666665,245026.79,0.106062692248701,1975910.62,0.007755037454306017,45,0,0,16.39284296418005,202206,1.0,1.0
1800001116,C000200,2022-06-10,2022-07-25,136861.64,Healthcare,Northeast,NT45,High,CLEARED,11.826733074105626,45,2,2,1.5,0.6666666666666666,6,103657.53499999999,6,2,4,1,1.6666666666666667,0.16666666666666674,230600.01,1.3203250492113288,621945.21,0.07189687562700853,45,0,0,16.39284296418005,202206,1.0,2.0
1800000897,C000104,2022-06-10,2022-06-24,51630.85,Manufacturing,Midwest,NT14,High,CLEARED,10.851894009112439,14,4,1,9.666666666666666,0.6666666666666666,6,112601.39833333333,6,2,4,1,12.666666666666666,3.0,232781.35,0.4585276094632276,675608.39,0.28089888557391707,14,0,0,16.39284296418005,202206,1.0,3.0
1800004570,C000039,2022-06-10,2022-07-10,76458.1,Manufacturing,West,NT30,High,CLEARED,11.244511236320546,30,4,4,1.75,0.625,8,141109.4225,6,2,4,1,1.6666666666666667,-0.08333333333333326,241789.09,0.5418355390122869,1128875.38,0.08030260909198315,30,0,0,16.39284296418005,202206,0.0,0.0
1800000844,C000158,2022-06-10,2022-07-25,87193.77,Logistics,International,NT45,High,CLEARED,11.375899631034155,45,3,0,2.2,0.6,10,153974.657,6,2,4,1,2.0,-0.20000000000000018,246168.57,0.5662865025898386,1539746.57,0.10136380444701995,45,0,0,16.39284296418005,202206,1.0,2.0
1800000444,C000077,2022-06-11,2022-07-26,195546.68,Manufacturing,International,NT45,Medium,CLEARED,12.183559516139875,45,4,0,1.1,0.5,10,114312.16,6,2,5,1,3.3333333333333335,2.2333333333333334,179093.86,1.7106376084574029,1143121.6,0.22479979918846527,45,0,0,16.39284296418005,202206,1.0,1.0
1800003708,C000098,2022-06-11,2022-07-11,170697.68,Manufacturing,West,NT30,High,CLEARED,12.047655175887959,30,4,4,11.333333333333334,1.0,12,129447.02166666667,6,2,5,1,13.666666666666666,2.333333333333332,247663.32,1.3186682690896983,1553364.26,0.1896893491872223,30,0,0,16.39284296418005,202206,1.0,8.0
1800003480,C000172,2022-06-12,2022-07-27,114379.12,Logistics,Northeast,NT45,High,CLEARED,11.64728256660322,45,3,2,10.5,0.8,10,146792.914,6,2,6,1,1.3333333333333333,-9.166666666666666,248872.63,0.779186929963118,1467929.14,0.1276204613703738,45,0,0,16.39284296418005,202206,1.0,7.0
1800004745,C000036,2022-06-12,2022-07-12,219978.95,Energy,South,NT30,High,CLEARED,12.301291684817691,30,1,3,8.416666666666666,0.9166666666666666,12,146473.665,6,2,6,1,4.0,-4.416666666666666,248636.81,1.5018327697337266,1757683.98,0.24701476271158826,30,0,0,16.39284296418005,202206,0.0,-3.0
1800002243,C000066,2022-06-12,2022-08-11,209529.09,Retail,Northeast,NT60,High,CLEARED,12.252622635715825,60,5,2,30.428571428571427,1.0,7,114655.38714285714,6,2,6,1,30.333333333333332,-0.0952380952380949,233822.99,1.8274683398777687,802587.71,0.13216329944407218,60,0,0,16.39284296418005,202206,1.0,13.0
1800002682,C000024,2022-06-12,2022-07-27,176990.69,Construction,International,NT45,High,CLEARED,12.083858061301278,45,0,0,25.928571428571427,1.0,14,158208.92500000002,6,2,6,1,12.333333333333334,-13.595238095238093,249295.78,1.1187149523960167,2214924.95,0.5085404961898113,45,0,0,16.39284296418005,202206,1.0,13.0
1800002013,C000149,2022-06-12,2022-06-26,179201.45,Retail,West,NT14,Medium,CLEARED,12.096271451304508,14,5,4,1.8333333333333333,0.5,6,118996.01000000001,6,2,6,1,1.3333333333333333,-0.5,190209.41,1.5059450312661744,713976.06,0.2560198574938142,14,0,0,16.39284296418005,202206,1.0,4.0
1800000829,C000185,2022-06-13,2022-07-13,170999.86,Logistics,South,NT30,High,CLEARED,12.049423864711917,30,3,3,9.909090909090908,0.8181818181818182,11,145114.50363636363,6,2,0,1,10.666666666666666,0.7575757575757578,232341.99,1.1783788368149706,1596259.54,1.347792558318874,30,0,1,16.39284296418005,202206,1.0,4.0
1800004709,C000155,2022-06-13,2022-08-12,91495.13,Energy,West,NT60,High,CLEARED,11.424051955287183,60,1,4,25.181818181818183,0.9090909090909091,11,85989.61454545455,6,2,0,1,19.0,-6.181818181818183,249366.55,1.0640253533365382,945885.76,0.046977523714142745,60,0,1,16.39284296418005,202206,1.0,57.0
1800000269,C000148,2022-06-14,2022-07-29,54333.97,Construction,Northeast,NT45,High,CLEARED,10.902923313366497,45,0,2,13.588235294117647,0.8823529411764706,17,142067.26117647058,6,2,1,1,8.0,-5.588235294117647,248646.7,0.3824524352060845,2415143.44,0.0421903213637947,45,0,0,16.39284296418005,202206,1.0,13.0
1800002681,C000050,2022-06-14,2022-07-29,138093.48,Retail,Northeast,NT45,Medium,CLEARED,11.835693367563039,45,5,2,0.0,0.3333333333333333,3,94323.89333333333,6,2,1,1,0.0,0.0,194107.77,1.4640349875294942,282971.68,0.45245005408524186,45,0,0,16.39284296418005,202206,0.0,-4.0
1800000996,C000183,2022-06-14,2022-06-28,24281.63,Logistics,International,NT14,High,CLEARED,10.097516558911902,14,3,0,10.416666666666666,0.9166666666666666,12,135282.12916666668,6,2,1,1,10.666666666666666,0.25,201575.82,0.17948882198686564,1623385.55,0.01450484468418045,14,0,0,16.39284296418005,202206,1.0,14.0
1800001057,C000001,2022-06-14,2022-06-28,79852.88,Manufacturing,Midwest,NT14,High,CLEARED,11.287953743570977,14,4,1,10.0,0.9090909090909091,11,147286.15818181817,6,2,1,1,14.666666666666666,4.666666666666666,232262.82,0.5421614697928722,1620147.74,0.2479141193128969,14,0,0,16.39284296418005,202206,1.0,19.0
1800003044,C000177,2022-06-14,2022-09-12,121840.23,Manufacturing,Northeast,NT90,High,CLEARED,11.710474082724916,90,4,2,4.5,0.8333333333333334,6,103179.64666666667,6,2,1,1,4.333333333333333,-0.16666666666666696,165381.02,1.180855274622314,619077.88,0.09416408445621383,90,0,0,16.39284296418005,202206,1.0,3.0
1800003703,C000108,2022-06-14,2022-06-28,38154.89,Retail,Northeast,NT14,High,CLEARED,10.549435415359172,14,5,2,23.285714285714285,0.8571428571428571,7,139934.3657142857,6,2,1,1,10.333333333333334,-12.95238095238095,231539.59,0.2726627573236988,979540.5599999999,0.032377587693131,14,0,0,16.39284296418005,202206,1.0,28.0
1800002096,C000129,2022-06-14,2022-06-28,176155.75,Construction,South,NT14,High,CLEARED,12.079129502649172,14,0,3,2.5454545454545454,0.8181818181818182,11,121522.00181818182,6,2,1,1,4.0,1.4545454545454546,217576.84,1.4495790668718562,1336742.02,0.12493635298128764,14,0,0,16.39284296418005,202206,1.0,5.0
1800002660,C000035,2022-06-14,2022-09-12,92045.38,Healthcare,International,NT90,High,CLEARED,11.430047859434904,90,2,0,1.2222222222222223,0.5555555555555556,18,104640.23666666666,6,2,1,1,3.6666666666666665,2.444444444444444,214743.13,0.8796365808423408,1883524.26,0.05825627907627905,90,0,0,16.39284296418005,202206,1.0,2.0
1800003527,C000027,2022-06-14,2022-06-28,71125.05,Logistics,South,NT14,High,CLEARED,11.172208934061317,14,3,3,9.2,0.9333333333333333,15,143825.878,6,2,1,1,8.666666666666666,-0.5333333333333332,248894.88,0.49452192462889055,2157388.17,0.04333602555727591,14,0,0,16.39284296418005,202206,1.0,11.0
1800004757,C000171,2022-06-14,2022-08-13,138629.25,Energy,International,NT60,Medium,CLEARED,11.839565595892262,60,1,0,1.5555555555555556,0.4444444444444444,9,154049.20111111112,6,2,1,1,1.6666666666666667,0.11111111111111116,247678.48,0.8999024272771842,1386442.81,0.7558003616390451,60,0,0,16.39284296418005,202206,1.0,3.0
1800000217,C000168,2022-06-14,2022-08-13,154137.09,Construction,South,NT60,High,CLEARED,11.945604167922657,60,0,3,2.1818181818181817,0.7272727272727273,11,103453.19090909092,6,2,1,1,1.3333333333333333,-0.8484848484848484,245921.07,1.4899210806890177,1137985.1,1.9284535722355494,60,0,0,16.39284296418005,202206,1.0,2.0
1800000240,C000165,2022-06-15,2022-08-14,71440.5,Retail,South,NT60,Medium,CLEARED,11.176634211970493,60,5,3,1.75,0.5,12,108910.03249999999,6,2,2,1,2.0,0.25,248402.81,0.655958853010167,1306920.39,0.07347550023182572,60,0,0,16.39284296418005,202206,0.0,0.0
1800003425,C000121,2022-06-15,2022-07-15,112900.21,Logistics,West,NT30,High,CLEARED,11.634268467529392,30,3,4,10.636363636363637,1.0,11,155799.2709090909,6,2,2,1,13.333333333333334,2.6969696969696972,238023.15,0.7246517223169641,1713791.98,0.11210409158321266,30,0,0,16.39284296418005,202206,1.0,19.0
1800001493,C000107,2022-06-15,2022-08-14,214513.81,Retail,Midwest,NT60,High,CLEARED,12.276134059255806,60,5,1,27.428571428571427,1.0,14,135255.68357142858,6,2,2,1,23.333333333333332,-4.095238095238095,229510.32,1.5859874005717118,1893579.57,0.1741903542515443,60,0,0,16.39284296418005,202206,1.0,28.0
1800002647,C000076,2022-06-15,2022-07-30,102753.03,Retail,International,NT45,High,CLEARED,11.540093353000534,45,5,0,10.8,0.9,10,109403.35800000001,6,2,2,1,13.333333333333334,2.533333333333333,245278.82,0.9392127616411919,1094033.58,0.1214049351712628,45,0,0,16.39284296418005,202206,1.0,22.0
1800001388,C000070,2022-06-15,2022-09-13,26015.81,Energy,Midwest,NT90,Medium,CLEARED,10.166498146549209,90,1,1,1.0,0.36363636363636365,11,149587.24818181817,6,2,2,1,1.6666666666666667,0.6666666666666667,243557.77,0.17391729787273497,1645459.73,0.01477982160120562,90,0,0,16.39284296418005,202206,0.0,0.0
1800004643,C000185,2022-06-15,2022-07-15,200495.23,Logistics,South,NT30,High,CLEARED,12.208550722559464,30,3,3,9.416666666666666,0.8333333333333334,12,147271.61666666667,6,2,2,1,8.0,-1.416666666666666,232341.99,1.3613976307043552,1767259.4,1.5802701766681626,30,0,0,16.39284296418005,202206,1.0,19.0
1800001400,C000164,2022-06-15,2022-08-14,212125.13,Manufacturing,Midwest,NT60,High,CLEARED,12.26493632957007,60,4,1,5.5,1.0,6,164277.88666666666,6,2,2,1,5.666666666666667,0.16666666666666696,225129.53,1.291257967241929,985667.32,0.4113576450061232,60,0,0,16.39284296418005,202206,0.0,0.0
1800002295,C000095,2022-06-15,2022-07-15,37186.35,Healthcare,West,NT30,High,CLEARED,10.523723928666405,30,2,4,1.75,0.625,8,127495.06875,6,2,2,1,1.6666666666666667,-0.08333333333333326,201969.85,0.29166892778353043,1019960.55,0.01962525778886646,30,0,0,16.39284296418005,202206,1.0,4.0
1800000065,C000011,2022-06-16,2022-07-31,151751.27,Retail,Northeast,NT45,High,CLEARED,11.9300046676237,45,5,2,1.4,0.6,10,111778.674,6,2,3,1,3.3333333333333335,1.9333333333333336,241143.99,1.357604850456537,1117786.74,0.3309453851780583,45,0,0,16.39284296418005,202206,1.0,3.0
1800003926,C000049,2022-06-16,2022-08-15,224231.59,Construction,International,NT60,High,CLEARED,12.320439140340836,60,0,0,12.75,0.875,8,128549.36125,6,2,3,1,2.6666666666666665,-10.083333333333334,239827.83,1.7443228641480317,1028394.89,0.33621901657946995,60,0,0,16.39284296418005,202206,1.0,21.0
1800000376,C000130,2022-06-17,2022-08-16,197341.48,Energy,South,NT60,High,CLEARED,12.192695975475194,60,1,3,2.25,0.625,8,113970.66374999999,6,2,4,1,2.3333333333333335,0.08333333333333348,203563.71,1.7315111933793579,911765.3099999999,0.3264747514437185,60,0,0,16.39284296418005,202206,0.0,0.0
1800002876,C000117,2022-06-17,2022-08-16,215838.81,Construction,International,NT60,High,CLEARED,12.282291791159505,60,0,0,1.875,0.625,8,153753.735,6,2,4,1,-1.6666666666666667,-3.541666666666667,249320.04,1.4037955565762354,1230029.88,0.2735498590077421,60,0,0,16.39284296418005,202206,0.0,-1.0
1800001073,C000119,2022-06-18,2022-08-02,73669.99,Logistics,International,NT45,High,CLEARED,11.207364377892524,45,3,0,3.5,0.8571428571428571,14,117668.43357142857,6,2,5,1,1.0,-2.5,221992.37,0.6260811652198967,1647358.07,0.06497660727161275,45,0,0,16.39284296418005,202206,0.0,0.0
1800003914,C000192,2022-06-18,2022-08-17,152965.17,Logistics,Midwest,NT60,High,CLEARED,11.937972064814796,60,3,1,2.533333333333333,0.6666666666666666,15,144511.07066666667,6,2,5,1,1.0,-1.5333333333333332,237613.27,1.058501395736205,2167666.06,0.11238641841050082,60,0,0,16.39284296418005,202206,1.0,4.0
1800000772,C000013,2022-06-18,2022-08-17,30236.52,Retail,West,NT60,Medium,CLEARED,10.316838816348406,60,5,4,1.2857142857142858,0.42857142857142855,7,126613.15000000001,6,2,5,1,1.0,-0.2857142857142858,231196.03,0.23881026575833553,886292.05,0.021722951607806282,60,0,0,16.39284296418005,202206,1.0,1.0
1800003495,C000061,2022-06-18,2022-07-18,28216.26,Energy,International,NT30,Medium,CLEARED,10.247689126433462,30,1,0,0.375,0.5,8,120661.265,6,2,5,1,-2.0,-2.375,247291.55,0.2338468770404487,965290.12,0.023793246552926563,30,0,0,16.39284296418005,202206,0.0,-5.0
1800002852,C000196,2022-06-19,2022-07-03,44460.17,Healthcare,Midwest,NT14,High,CLEARED,10.702371502961407,14,2,1,1.8888888888888888,0.7777777777777778,9,166541.13888888888,6,2,6,1,0.6666666666666666,-1.2222222222222223,249974.99,0.2669620869451509,1498870.25,0.18561854241154555,14,0,0,16.39284296418005,202206,1.0,1.0
1800001485,C000142,2022-06-19,2022-08-03,143904.16,Energy,Northeast,NT45,High,CLEARED,11.876909750467453,45,1,2,12.75,1.0,12,134655.6825,6,2,6,1,9.666666666666666,-3.083333333333334,245566.0,1.0686824152408125,1615868.19,0.38523457564278507,45,0,0,16.39284296418005,202206,0.0,0.0
1800003578,C000081,2022-06-19,2022-07-19,196451.05,Retail,South,NT30,High,CLEARED,12.188173660157407,30,5,3,1.75,0.5833333333333334,12,137074.99583333332,6,2,6,1,2.6666666666666665,0.9166666666666665,245372.05,1.4331647344265528,1644899.95,0.14611294996504984,30,0,0,16.39284296418005,202206,0.0,0.0
1800001650,C000029,2022-06-20,2022-08-04,14921.26,Construction,International,NT45,High,CLEARED,9.610609336817475,45,0,0,2.5555555555555554,0.6666666666666666,9,112173.06,6,2,0,1,3.6666666666666665,1.1111111111111112,230369.45,0.1330199960667918,1009557.54,0.007729189700655269,45,0,1,16.39284296418005,202206,1.0,2.0
1800003907,C000034,2022-06-20,2022-07-20,83831.03,Logistics,Midwest,NT30,High,CLEARED,11.336570433013287,30,3,1,1.8333333333333333,0.5833333333333334,12,102481.10999999999,6,2,0,1,2.6666666666666665,0.8333333333333333,165843.04,0.8180144613968371,1229773.3199999998,0.17921736100836114,30,0,1,16.39284296418005,202206,0.0,0.0
1800003877,C000094,2022-06-20,2022-07-04,25326.99,Healthcare,West,NT14,High,CLEARED,10.139665387300754,14,2,4,9.727272727272727,0.9090909090909091,11,131689.36545454545,6,2,0,1,12.666666666666666,2.9393939393939394,243254.75,0.19232373026159041,1448583.02,0.022856402175805448,14,0,1,16.39284296418005,202206,1.0,11.0
1800004648,C000061,2022-06-21,2022-07-21,201227.55,Energy,International,NT30,Medium,CLEARED,12.212196605749416,30,1,0,-0.2222222222222222,0.4444444444444444,9,110389.59777777777,6,2,1,1,-3.6666666666666665,-3.444444444444444,247291.55,1.8228850729675234,993506.38,0.1696843135975979,30,0,0,16.39284296418005,202206,0.0,0.0
1800002099,C000193,2022-06-21,2022-08-05,124592.32,Logistics,South,NT45,High,CLEARED,11.732810272341357,45,3,3,8.75,0.75,4,133385.2725,6,2,1,1,6.333333333333333,-2.416666666666667,214555.25,0.9340785355444696,533541.09,0.12852785712317594,45,0,0,16.39284296418005,202206,1.0,12.0
1800000035,C000006,2022-06-21,2022-08-05,185687.8,Energy,South,NT45,High,CLEARED,12.131827433190217,45,1,3,2.0,0.625,8,130086.215,6,2,1,1,1.0,-1.0,249161.14,1.4274210376556808,1040689.72,0.7782489070584437,45,0,0,16.39284296418005,202206,0.0,0.0
1800000570,C000158,2022-06-21,2022-08-05,125068.12,Logistics,International,NT45,High,CLEARED,11.736621823458393,45,3,0,2.1818181818181817,0.6363636363636364,11,147903.66727272727,6,2,1,1,1.0,-1.1818181818181817,246168.57,0.8456052666319651,1626940.34,0.1453931910300062,45,0,0,16.39284296418005,202206,0.0,0.0
1800004717,C000018,2022-06-22,2022-08-06,233300.93,Manufacturing,Northeast,NT45,High,CLEARED,12.360088730585677,45,4,2,10.7,0.9,10,146215.882,6,2,2,1,7.333333333333333,-3.3666666666666663,249207.47,1.595592262679098,1462158.82,0.23045347452320816,45,0,0,16.39284296418005,202206,1.0,4.0
1800004662,C000003,2022-06-22,2022-07-22,185809.79,Construction,International,NT30,High,CLEARED,12.132484176872678,30,0,0,2.7,0.7,10,108898.921,6,2,2,1,1.0,-1.7000000000000002,158187.08,1.706259238326154,1088989.21,0.16236042032076692,30,0,0,16.39284296418005,202206,1.0,3.0
1800003827,C000091,2022-06-22,2022-08-06,37122.49,Healthcare,International,NT45,High,CLEARED,10.522005201877143,45,2,0,16.4,1.0,5,151126.588,6,2,2,1,13.666666666666666,-2.7333333333333325,242446.48,0.2456383783375034,755632.94,0.07186907046129007,45,0,0,16.39284296418005,202206,1.0,10.0
1800000180,C000067,2022-06-23,2022-07-07,99545.91,Manufacturing,West,NT14,Medium,CLEARED,11.508384269332048,14,4,4,1.1428571428571428,0.5,14,135498.99857142856,6,2,3,1,0.0,-1.1428571428571428,248221.29,0.7346615919639007,1896985.98,0.06061209909340059,14,0,0,16.39284296418005,202206,1.0,2.0
1800003886,C000046,2022-06-23,2022-08-22,237671.75,Construction,International,NT60,Medium,CLEARED,12.37865000647368,60,0,0,1.9375,0.5,16,136047.386875,6,2,3,1,5.0,3.0625,235285.11,1.7469776925474667,2176758.19,1.4770001810891926,60,0,0,16.39284296418005,202206,1.0,3.0
1800001375,C000029,2022-06-23,2022-08-07,188536.29,Construction,International,NT45,High,CLEARED,12.147051091239117,45,0,0,2.5,0.7,10,102447.88,6,2,3,1,2.3333333333333335,-0.16666666666666652,230369.45,1.8403142163605533,1024478.8,0.09766150786647743,45,0,0,16.39284296418005,202206,0.0,0.0
1800000105,C000179,2022-06-23,2022-08-07,201998.12,Retail,International,NT45,High,CLEARED,12.21601861993821,45,5,0,1.4545454545454546,0.6363636363636364,11,126858.98363636364,6,2,3,1,1.6666666666666667,0.21212121212121215,208943.23,1.5923044171551917,1395448.82,0.10488196388258346,45,0,0,16.39284296418005,202206,1.0,2.0
1800000169,C000099,2022-06-24,2022-08-08,29678.17,Logistics,West,NT45,High,CLEARED,10.298200731930722,45,3,4,1.8235294117647058,0.7058823529411765,17,117000.51588235295,6,2,4,1,2.6666666666666665,0.8431372549019607,245026.79,0.25365845420581024,1989008.77,0.017571589875307672,45,0,0,16.39284296418005,202206,1.0,2.0
1800002691,C000178,2022-06-24,2022-07-08,10401.08,Retail,West,NT14,Medium,CLEARED,9.24976106513213,14,5,4,2.076923076923077,0.46153846153846156,13,98822.87923076922,6,2,4,1,0.3333333333333333,-1.7435897435897438,205599.66,0.10524971626976791,1284697.43,0.009321080265193403,14,0,0,16.39284296418005,202206,1.0,1.0
1800000656,C000081,2022-06-24,2022-07-24,131843.81,Retail,South,NT30,High,CLEARED,11.789380828094293,30,5,3,1.6153846153846154,0.5384615384615384,13,141642.38461538462,6,2,4,1,2.6666666666666665,1.051282051282051,245372.05,0.9308217336075522,1841351.0,0.0980604991102442,30,0,0,16.39284296418005,202206,1.0,8.0
1800000026,C000109,2022-06-24,2022-09-22,63412.89,Healthcare,West,NT90,High,CLEARED,11.057438201603167,90,2,4,32.666666666666664,1.0,9,134084.4088888889,6,2,4,1,31.0,-1.6666666666666643,215869.2,0.4729326140561806,1206759.68,0.14519495409509303,90,0,0,16.39284296418005,202206,1.0,25.0
1800000283,C000059,2022-06-24,2022-07-08,33631.21,Retail,South,NT14,High,CLEARED,10.423239517710467,14,5,3,16.3,1.0,10,116519.60500000001,6,2,4,1,15.333333333333334,-0.9666666666666668,193103.84,0.2886313423393428,1165196.05,0.026022873971902293,14,0,0,16.39284296418005,202206,1.0,25.0
1800004524,C000181,2022-06-24,2022-08-23,209689.17,Retail,International,NT60,High,CLEARED,12.25338633930105,60,5,0,2.272727272727273,0.8181818181818182,11,127859.54454545454,6,2,4,1,0.6666666666666666,-1.6060606060606064,236792.42,1.6399962219907231,1406454.99,0.334458540598282,60,0,0,16.39284296418005,202206,0.0,0.0
1800001040,C000042,2022-06-24,2022-08-23,238759.74,Manufacturing,South,NT60,High,CLEARED,12.383217241624408,60,4,3,1.7692307692307692,0.6153846153846154,13,129657.56923076922,6,2,4,1,1.6666666666666667,-0.10256410256410242,245065.83,1.841463953215464,1685548.4,4.404918252664659,60,0,0,16.39284296418005,202206,1.0,1.0
1800002697,C000108,2022-06-25,2022-07-09,160432.54,Retail,Northeast,NT14,High,CLEARED,11.985635054800113,14,5,2,23.875,0.875,8,127211.93125,6,2,5,1,15.333333333333334,-8.541666666666666,231539.59,1.2611438127192178,1017695.45,0.13614031209844263,14,1,0,16.39284296418005,202206,1.0,49.0
1800003182,C000103,2022-06-25,2022-08-09,104713.91,Retail,West,NT45,High,CLEARED,11.558996793596522,45,5,4,20.0,1.0,6,94208.19666666667,6,2,5,1,14.0,-6.0,145060.04,1.1115159158656365,565249.18,0.10827638385023373,45,1,0,16.39284296418005,202206,1.0,14.0
1800003941,C000160,2022-06-25,2022-09-23,1823.53,Logistics,International,NT90,High,CLEARED,7.509077698602378,90,3,0,2.5,0.8,10,98890.076,6,2,5,1,3.0,0.5,192920.75,0.0184399696487239,988900.76,0.0010511152844277507,90,1,0,16.39284296418005,202206,1.0,2.0
1800003215,C000067,2022-06-25,2022-07-09,163409.86,Manufacturing,West,NT14,High,CLEARED,12.004022921867794,14,4,4,1.2,0.5333333333333333,15,133102.12600000002,6,2,5,1,1.3333333333333333,0.1333333333333333,248221.29,1.227702854272966,1996531.8900000001,0.09949795654245078,14,1,0,16.39284296418005,202206,1.0,1.0
1800000187,C000099,2022-06-25,2022-08-09,226574.76,Logistics,West,NT45,High,CLEARED,12.330834649215051,45,3,4,1.8333333333333333,0.7222222222222222,18,112149.27444444444,6,2,5,1,2.6666666666666665,0.8333333333333333,245026.79,2.0202962624804024,2018686.94,0.13414839118504496,45,1,0,16.39284296418005,202206,1.0,4.0
1800003070,C000009,2022-06-26,2022-08-10,97485.22,Manufacturing,International,NT45,High,CLEARED,11.48746631366411,45,4,0,14.23076923076923,1.0,13,117309.83769230769,6,2,6,1,14.333333333333334,0.10256410256410398,206735.83,0.8310063496609233,1525027.89,0.5251515709476366,45,1,0,16.39284296418005,202206,1.0,1.0
1800000141,C000138,2022-06-26,2022-07-26,71528.37,Construction,Northeast,NT30,High,CLEARED,11.177863413570284,30,0,2,4.0,0.8888888888888888,9,173644.10777777777,6,2,6,1,4.333333333333333,0.33333333333333304,248495.46,0.41192512038208007,1562796.97,0.2013530342704875,30,1,0,16.39284296418005,202206,1.0,1.0
1800004149,C000192,2022-06-26,2022-08-25,176122.82,Logistics,Midwest,NT60,High,CLEARED,12.078942549391455,60,3,1,2.625,0.6875,16,145039.451875,6,2,6,1,0.3333333333333333,-2.2916666666666665,237613.27,1.2143097462322785,2320631.23,0.12940078411417005,60,1,0,16.39284296418005,202206,1.0,3.0
1800001105,C000154,2022-06-26,2022-08-25,242212.58,Manufacturing,South,NT60,High,CLEARED,12.397575177893463,60,4,3,10.727272727272727,1.0,11,141781.8490909091,6,2,6,1,10.0,-0.7272727272727266,240470.24,1.708346883279084,1559600.34,0.21607249667544856,60,1,0,16.39284296418005,202206,1.0,14.0
1800001031,C000101,2022-06-26,2022-07-10,35847.7,Manufacturing,West,NT14,High,CLEARED,10.48706258316665,14,4,4,11.7,0.9,10,134537.85700000002,6,2,6,1,11.666666666666666,-0.033333333333333215,215579.33,0.2664506541084566,1345378.57,0.08865038988890417,14,1,0,16.39284296418005,202206,0.0,-2.0
1800001718,C000062,2022-06-27,2022-07-27,230338.52,Retail,South,NT30,High,CLEARED,12.347309673344718,30,5,3,1.7,0.6,10,116117.956,6,2,0,1,2.3333333333333335,0.6333333333333335,180971.81,1.9836597881554165,1161179.56,0.1277519380188916,30,1,1,16.39284296418005,202206,0.0,-2.0
1800003333,C000173,2022-06-27,2022-07-11,182042.8,Manufacturing,West,NT14,High,CLEARED,12.112002596445778,14,4,4,2.6666666666666665,0.8888888888888888,9,91164.03666666668,6,2,0,1,1.0,-1.6666666666666665,176437.48,1.9968707689592942,820476.3300000001,0.28715238714385977,14,1,1,16.39284296418005,202206,1.0,1.0
1800001842,C000125,2022-06-27,2022-07-27,105478.86,Logistics,South,NT30,High,CLEARED,11.56627531320051,30,3,3,2.4285714285714284,0.7142857142857143,7,99580.0142857143,6,2,0,1,2.0,-0.4285714285714284,167788.66,1.0592372451098548,697060.1000000001,0.15853889766388427,30,1,1,16.39284296418005,202206,0.0,0.0
1800002603,C000060,2022-06-27,2022-08-26,205292.84,Logistics,International,NT60,High,CLEARED,12.23219759768595,60,3,0,3.6923076923076925,0.7692307692307693,13,98976.42307692308,6,2,0,1,5.0,1.3076923076923075,241297.28,2.0741590130050396,1286693.5,0.17948812171667028,60,1,1,16.39284296418005,202206,1.0,3.0
1800000707,C000144,2022-06-28,2022-08-27,232345.82,Construction,Midwest,NT60,High,CLEARED,12.355986448170274,60,0,1,2.0,0.7,10,130865.759,6,2,1,1,2.6666666666666665,0.6666666666666665,220048.76,1.7754515908168156,1308657.59,0.2293865771716137,60,1,0,16.39284296418005,202206,0.0,0.0
1800004462,C000135,2022-06-28,2022-09-26,235519.4,Healthcare,West,NT90,High,CLEARED,12.369552812890772,90,2,4,1.4166666666666667,0.5833333333333334,12,90600.19916666666,6,2,1,1,1.6666666666666667,0.25,220524.96,2.5995461617776616,1087202.39,0.37393611039501057,90,1,0,16.39284296418005,202206,0.0,-5.0
1800000067,C000033,2022-06-28,2022-07-12,175743.08,Energy,Northeast,NT14,High,CLEARED,12.07678412489506,14,1,2,3.1875,0.875,16,114603.35124999999,6,2,1,1,2.3333333333333335,-0.8541666666666665,243987.46,1.5334898856197279,1833653.6199999999,0.10180397195711774,14,1,0,16.39284296418005,202206,0.0,0.0
1800002030,C000016,2022-06-28,2022-08-27,50654.15,Manufacturing,West,NT60,High,CLEARED,10.832796182691567,60,4,4,10.0,0.8571428571428571,7,160300.94714285713,6,2,1,1,4.333333333333333,-5.666666666666667,224363.65,0.31599407803160384,1122106.63,0.1571747806683846,60,1,0,16.39284296418005,202206,1.0,5.0
1800002805,C000138,2022-06-28,2022-07-28,60047.65,Construction,Northeast,NT30,High,CLEARED,11.002910345989811,30,0,2,3.7,0.9,10,163432.534,6,2,1,1,2.6666666666666665,-1.0333333333333337,248495.46,0.367415523276412,1634325.34,0.16903469949493102,30,1,0,16.39284296418005,202206,0.0,0.0
1800001686,C000036,2022-06-28,2022-07-28,215306.7,Energy,South,NT30,High,CLEARED,12.279823446763098,30,1,3,7.538461538461538,0.8461538461538461,13,152127.91769230767,6,2,1,1,4.333333333333333,-3.2051282051282053,248636.81,1.4153003818502077,1977662.93,0.2417682846959453,30,1,0,16.39284296418005,202206,1.0,21.0
1800003054,C000035,2022-06-28,2022-09-26,18150.27,Healthcare,International,NT90,High,CLEARED,9.80649580969683,90,2,0,1.263157894736842,0.5789473684210527,19,103977.34947368421,6,2,1,1,3.0,1.736842105263158,214743.13,0.17455984492654988,1975569.6400000001,0.011487455366361844,90,1,0,16.39284296418005,202206,0.0,-1.0
1800001599,C000073,2022-06-28,2022-07-28,65446.34,Energy,Midwest,NT30,High,CLEARED,11.08900112880092,30,1,1,31.5,1.0,6,138765.405,6,2,1,1,29.0,-2.5,191484.1,0.471632969326901,832592.4299999999,0.07269294241232951,30,1,0,16.39284296418005,202206,1.0,26.0
1800000559,C000004,2022-06-29,2022-09-27,62731.8,Manufacturing,West,NT90,High,CLEARED,11.046639715835118,90,4,4,9.125,0.875,8,147406.83625,6,2,2,1,11.0,1.875,240848.93,0.4255691363839308,1179254.69,0.05231712948275631,90,1,0,16.39284296418005,202206,1.0,3.0
1800002728,C000039,2022-06-29,2022-07-29,102376.52,Manufacturing,West,NT30,High,CLEARED,11.536422436237032,30,4,4,1.5555555555555556,0.5555555555555556,9,133925.94222222222,6,2,2,1,1.0,-0.5555555555555556,241789.09,0.7644263560985629,1205333.48,0.1075242736316701,30,1,0,16.39284296418005,202206,1.0,1.0
1800002983,C000093,2022-06-30,2022-07-30,18774.79,Manufacturing,Northeast,NT30,High,CLEARED,9.840323552977473,30,4,2,2.272727272727273,0.8181818181818182,11,148290.01272727273,6,2,3,1,3.0,0.7272727272727271,245348.3,0.1266085938945168,1631190.14,0.013379961160691798,30,1,0,16.39284296418005,202206,1.0,7.0
1800000474,C000185,2022-06-30,2022-07-30,80577.36,Logistics,South,NT30,High,CLEARED,11.29698540609345,30,3,3,10.153846153846153,0.8461538461538461,13,151365.74076923076,6,2,3,1,10.333333333333334,0.17948717948718063,232341.99,0.5323355178689124,1967754.63,0.6350973981907407,30,1,0,16.39284296418005,202206,1.0,23.0
1800004487,C000080,2022-06-30,2022-08-14,57661.0,Healthcare,West,NT45,High,CLEARED,10.962353656681723,45,2,4,15.125,1.0,8,117209.08,6,2,3,1,18.666666666666668,3.541666666666668,213986.05,0.4919499410796501,937672.64,0.04216609452866019,45,1,0,16.39284296418005,202206,1.0,26.0
1800001355,C000048,2022-06-30,2022-07-14,59301.82,Manufacturing,International,NT14,High,CLEARED,10.990412138661194,14,4,0,2.2222222222222223,0.6666666666666666,9,151239.3111111111,6,2,3,1,3.3333333333333335,1.1111111111111112,223638.39,0.39210585901460954,1361153.8,0.04903763696781894,14,1,0,16.39284296418005,202206,0.0,0.0
1800001911,C000103,2022-07-01,2022-08-15,97254.85,Retail,West,NT45,High,CLEARED,11.485100413913145,45,5,4,19.142857142857142,1.0,7,95709.01285714286,7,3,4,0,14.0,-5.142857142857142,145060.04,1.0161514270883192,669963.0900000001,0.1005635590333405,45,0,0,15.880997278725019,202207,1.0,14.0
1800001511,C000179,2022-07-01,2022-08-15,138719.76,Retail,International,NT45,High,CLEARED,11.840218270661413,45,5,0,1.5,0.6666666666666666,12,133120.57833333334,7,3,4,0,2.3333333333333335,0.8333333333333335,208943.23,1.0420609776247092,1597446.94,0.0720264171672521,45,0,0,15.880997278725019,202207,0.0,0.0
1800002044,C000144,2022-07-01,2022-08-30,42588.03,Construction,Midwest,NT60,High,CLEARED,10.659351987358532,60,0,1,1.8181818181818181,0.6363636363636364,11,140091.2190909091,7,3,4,0,2.0,0.18181818181818188,232345.82,0.3040021371529606,1541003.41,0.042045613001266816,60,0,0,15.880997278725019,202207,1.0,10.0
1800001912,C000084,2022-07-01,2022-08-30,41563.94,Logistics,West,NT60,High,CLEARED,10.635012302441952,60,3,4,13.8,1.0,10,110713.33799999999,7,3,4,0,10.333333333333334,-3.466666666666667,217639.26,0.37541944584852105,1107133.38,0.09685206789972642,60,0,0,15.880997278725019,202207,1.0,7.0
1800001482,C000194,2022-07-02,2022-09-30,92554.26,Construction,Midwest,NT90,High,CLEARED,11.43556115053035,90,0,1,9.928571428571429,0.9285714285714286,14,147626.56428571427,7,3,5,0,15.666666666666666,5.738095238095237,240865.52,0.6269485471522039,2066771.9,0.07049485813378088,90,0,0,15.880997278725019,202207,1.0,14.0
1800003903,C000155,2022-07-02,2022-08-31,41329.54,Energy,West,NT60,High,CLEARED,10.629356972990228,60,1,4,27.833333333333332,0.9166666666666666,12,86448.4075,7,3,5,0,28.666666666666668,0.8333333333333357,249366.55,0.47808330072477045,1037380.89,0.021220358345243197,60,0,0,15.880997278725019,202207,1.0,26.0
1800003506,C000050,2022-07-02,2022-08-16,89109.48,Retail,Northeast,NT45,Medium,CLEARED,11.397632227193089,45,5,2,-1.0,0.25,4,105266.29,7,3,5,0,-2.6666666666666665,-1.6666666666666665,194107.77,0.8465148719499851,421065.16,0.2919586720930472,45,0,0,15.880997278725019,202207,1.0,4.0
1800000909,C000150,2022-07-03,2022-08-02,120369.16,Healthcare,Midwest,NT30,High,CLEARED,11.698326940607757,30,2,1,10.2,1.0,10,123653.23500000002,7,3,6,0,13.333333333333334,3.1333333333333346,233825.5,0.9734412528713866,1236532.35,0.11845439329862892,30,0,0,15.880997278725019,202207,1.0,2.0
1800000943,C000190,2022-07-03,2022-07-17,171526.81,Manufacturing,Northeast,NT14,High,CLEARED,12.052500689876439,14,4,2,2.1666666666666665,0.6666666666666666,12,109874.21083333333,7,3,6,0,3.3333333333333335,1.166666666666667,182774.42,1.5611198360294631,1318490.53,0.11730553964427536,14,0,0,15.880997278725019,202207,0.0,-1.0
1800000762,C000133,2022-07-03,2022-08-02,3847.5,Construction,Northeast,NT30,High,CLEARED,8.255438740974371,30,0,2,7.416666666666667,0.8333333333333334,12,128873.11416666665,7,3,6,0,5.666666666666667,-1.75,223979.88,0.029854947052991798,1546477.3699999999,0.017804029073759674,30,0,0,15.880997278725019,202207,1.0,6.0
1800002452,C000038,2022-07-03,2022-09-01,76868.1,Energy,Midwest,NT60,High,CLEARED,11.249859254196064,60,1,1,1.7,0.6,10,120542.478,7,3,6,0,0.0,-1.7,243122.55,0.6376847504329552,1205424.78,0.1814636068538518,60,0,0,15.880997278725019,202207,0.0,0.0
1800003415,C000139,2022-07-03,2022-10-01,45540.77,Retail,West,NT90,Medium,CLEARED,10.726385205792603,90,5,4,0.875,0.25,8,147209.38375,7,3,6,0,-0.3333333333333333,-1.2083333333333333,243387.7,0.3093605097711714,1177675.07,0.09083108961996907,90,0,0,15.880997278725019,202207,1.0,2.0
1800004415,C000079,2022-07-03,2022-08-17,153743.66,Manufacturing,Midwest,NT45,High,CLEARED,11.943048453358287,45,4,1,14.4,1.0,5,123822.876,7,3,6,0,16.666666666666668,2.2666666666666675,198680.88,1.2416418110010625,619114.38,0.0971689881869302,45,0,0,15.880997278725019,202207,1.0,16.0
1800003146,C000090,2022-07-06,2022-09-04,149344.94,Logistics,Northeast,NT60,High,CLEARED,11.914020638808733,60,3,2,32.714285714285715,1.0,7,146716.38999999998,7,3,2,0,37.666666666666664,4.952380952380949,236832.41,1.0179158579351633,1027014.73,0.16099519118505995,60,0,0,15.880997278725019,202207,1.0,3.0
1800003615,C000066,2022-07-06,2022-09-04,69135.58,Retail,Northeast,NT60,High,CLEARED,11.14383924739827,60,5,2,28.25,1.0,8,126514.6,7,3,2,0,24.333333333333332,-3.916666666666668,233822.99,0.5464632540434068,1012116.8,0.043608199519119796,60,0,0,15.880997278725019,202207,1.0,16.0
1800004540,C000165,2022-07-06,2022-09-04,124821.17,Retail,South,NT60,Medium,CLEARED,11.734645363371365,60,5,3,1.6153846153846154,0.46153846153846156,13,106027.76076923076,7,3,2,0,0.0,-1.6153846153846154,248402.81,1.1772498928056498,1378360.89,0.12837673175960077,60,0,0,15.880997278725019,202207,0.0,0.0
1800000284,C000017,2022-07-07,2022-10-05,94803.25,Logistics,Midwest,NT90,High,CLEARED,11.459569518461853,90,3,1,16.25,1.0,8,135033.48875000002,7,3,3,0,20.0,3.75,243868.16,0.702072136901669,1080267.9100000001,0.1070683636074188,90,0,0,15.880997278725019,202207,1.0,19.0
1800000292,C000169,2022-07-07,2022-08-06,111605.48,Healthcare,South,NT30,High,CLEARED,11.622734391759797,30,2,3,1.7,0.6,10,94973.857,7,3,3,0,-0.3333333333333333,-2.033333333333333,216206.29,1.1751179063939667,949738.5700000001,0.15714778718125927,30,0,0,15.880997278725019,202207,1.0,3.0
1800004164,C000190,2022-07-08,2022-07-22,68177.56,Manufacturing,Northeast,NT14,High,CLEARED,11.129885424905638,14,4,2,1.9230769230769231,0.6153846153846154,13,114616.71846153846,7,3,4,0,2.0,0.07692307692307687,182774.42,0.5948308494181686,1490017.34,0.046625979154104026,14,0,0,15.880997278725019,202207,1.0,2.0
1800000406,C000198,2022-07-08,2022-10-06,216583.77,Construction,West,NT90,High,CLEARED,12.285737297134135,90,0,4,8.166666666666666,1.0,6,165953.30333333334,7,3,4,0,7.666666666666667,-0.4999999999999991,249539.5,1.3050886342706323,995719.8200000001,0.14765044966475996,90,0,0,15.880997278725019,202207,1.0,13.0
1800001410,C000196,2022-07-08,2022-07-22,148888.51,Healthcare,Midwest,NT14,High,CLEARED,11.910959766223964,14,2,1,1.8,0.8,10,154333.042,7,3,4,0,0.3333333333333333,-1.4666666666666668,249974.99,0.9647221882660747,1543330.42,0.6216005968494234,14,0,0,15.880997278725019,202207,1.0,4.0
1800002461,C000170,2022-07-09,2022-07-23,46158.14,Logistics,Midwest,NT14,High,CLEARED,10.739850270159204,14,3,1,10.909090909090908,1.0,11,105967.07545454545,7,3,5,0,10.0,-0.9090909090909083,248555.31,0.43558944891141704,1165637.83,0.05835280707085511,14,0,0,15.880997278725019,202207,1.0,4.0
1800003022,C000149,2022-07-09,2022-07-23,149456.86,Retail,West,NT14,High,CLEARED,11.914769759169543,14,5,4,2.142857142857143,0.5714285714285714,7,127596.78714285714,7,3,5,0,2.6666666666666665,0.5238095238095237,190209.41,1.1713214991273122,893177.51,0.2135246338613495,14,0,0,15.880997278725019,202207,1.0,3.0
1800001820,C000077,2022-07-09,2022-08-23,30950.19,Manufacturing,International,NT45,High,CLEARED,10.340166726485064,45,4,0,1.0909090909090908,0.5454545454545454,11,121697.11636363636,7,3,5,0,2.0,0.9090909090909092,195546.68,0.2543214738755145,1338668.28,0.03558023330718193,45,0,0,15.880997278725019,202207,0.0,-1.0
1800000200,C000184,2022-07-09,2022-08-08,231114.41,Retail,International,NT30,High,CLEARED,12.350672475129825,30,5,0,27.9,1.0,10,100777.292,7,3,5,0,13.333333333333334,-14.566666666666665,205830.12,2.29331832016284,1007772.92,0.17896355911189615,30,0,0,15.880997278725019,202207,1.0,38.0
1800002773,C000197,2022-07-09,2022-08-08,169277.22,Healthcare,West,NT30,High,CLEARED,12.039298912473914,30,2,4,25.076923076923077,0.9230769230769231,13,101029.50307692308,7,3,5,0,22.0,-3.0769230769230766,244520.22,1.6755226428374457,1313383.54,0.124702532832691,30,0,0,15.880997278725019,202207,1.0,27.0
1800002395,C000054,2022-07-09,2022-10-07,2825.32,Construction,Midwest,NT90,High,CLEARED,7.946730791087321,90,0,1,2.076923076923077,0.6923076923076923,13,136720.12076923077,7,3,5,0,1.6666666666666667,-0.41025641025641035,235228.36,0.020664990523003152,1777361.57,0.0026125672815922665,90,0,0,15.880997278725019,202207,1.0,1.0
1800004443,C000112,2022-07-09,2022-07-23,196223.4,Logistics,International,NT14,High,CLEARED,12.18701418127598,14,3,0,8.416666666666666,0.75,12,183707.55000000002,7,3,5,0,8.333333333333334,-0.08333333333333215,242663.76,1.0681292086253393,2204490.6,2.6278151733274013,14,0,0,15.880997278725019,202207,1.0,16.0
1800003214,C000054,2022-07-10,2022-10-08,122477.41,Construction,Midwest,NT90,High,CLEARED,11.715690048536002,90,0,1,2.0,0.7142857142857143,14,127156.20642857142,7,3,6,0,1.0,-1.0,235228.36,0.9632043408655819,1780186.89,0.11325459562108416,90,0,0,15.880997278725019,202207,1.0,1.0
1800003072,C000013,2022-07-10,2022-09-08,124889.74,Retail,West,NT60,Medium,CLEARED,11.735194554053765,60,5,4,1.25,0.5,8,114566.07125,7,3,6,0,1.3333333333333333,0.08333333333333326,231196.03,1.090111048038579,916528.57,0.0897250668506663,60,0,0,15.880997278725019,202207,1.0,5.0
1800004350,C000172,2022-07-10,2022-08-24,140260.98,Logistics,Northeast,NT45,High,CLEARED,11.851267238631788,45,3,2,10.181818181818182,0.8181818181818182,11,143846.20545454544,7,3,6,0,1.0,-9.181818181818182,248872.63,0.9750759817179999,1582308.26,0.15649858977635756,45,0,0,15.880997278725019,202207,1.0,7.0
1800001544,C000157,2022-07-10,2022-08-09,93750.5,Healthcare,South,NT30,High,CLEARED,11.448402943704659,30,2,3,1.1666666666666667,0.6666666666666666,6,152870.50333333333,7,3,6,0,0.3333333333333333,-0.8333333333333335,249242.86,0.6132674254076179,917223.02,0.07139990880204929,30,0,0,15.880997278725019,202207,0.0,0.0
1800000000,C000096,2022-07-11,2022-10-09,214007.1,Healthcare,West,NT90,High,CLEARED,12.273769143754967,90,2,4,2.1666666666666665,0.6666666666666666,6,111960.69166666667,7,3,0,0,5.0,2.8333333333333335,246127.58,1.9114485344298293,671764.15,0.1133304351713086,90,0,1,15.880997278725019,202207,0.0,0.0
1800000665,C000190,2022-07-11,2022-07-25,139963.58,Manufacturing,Northeast,NT14,High,CLEARED,11.849144669581543,14,4,2,1.9285714285714286,0.6428571428571429,14,111299.6357142857,7,3,0,0,1.6666666666666667,-0.26190476190476186,182774.42,1.2575385274332498,1558194.9,0.09571974948082287,14,0,1,15.880997278725019,202207,0.0,0.0
1800002062,C000004,2022-07-11,2022-10-09,183785.08,Manufacturing,West,NT90,High,CLEARED,12.121527751541707,90,4,4,8.444444444444445,0.8888888888888888,9,137998.4988888889,7,3,0,0,13.0,4.555555555555555,240848.93,1.3317904287348568,1241986.49,0.15327326535120506,90,0,1,15.880997278725019,202207,1.0,10.0
1800002659,C000036,2022-07-11,2022-08-10,106466.83,Energy,South,NT30,High,CLEARED,11.575598152772876,30,1,3,8.5,0.8571428571428571,14,156640.68785714285,7,3,0,0,11.0,2.5,248636.81,0.6796882180260746,2192969.63,0.11955179688377003,30,0,1,15.880997278725019,202207,1.0,6.0
1800001124,C000023,2022-07-11,2022-08-25,173515.98,Manufacturing,International,NT45,High,CLEARED,12.064030741015504,45,4,0,2.3333333333333335,0.8888888888888888,9,119367.1188888889,7,3,0,0,2.6666666666666665,0.33333333333333304,249683.32,1.4536329737631917,1074304.07,0.09483694600490902,45,0,1,15.880997278725019,202207,0.0,0.0
1800002560,C000141,2022-07-11,2022-10-09,217062.14,Healthcare,Northeast,NT90,High,CLEARED,12.287943557941627,90,2,2,13.25,0.875,8,133269.55,7,3,0,0,14.0,0.75,215978.76,1.6287452009855217,1066156.4,0.19521791162171337,90,0,1,15.880997278725019,202207,1.0,19.0
1800002151,C000035,2022-07-11,2022-10-09,90291.13,Healthcare,International,NT90,High,CLEARED,11.410805581675612,90,2,0,1.15,0.55,20,99685.9955,7,3,0,0,2.3333333333333335,1.1833333333333336,214743.13,0.9057554127550445,1993719.9100000001,0.057145999803494656,90,0,1,15.880997278725019,202207,0.0,-2.0
1800001592,C000039,2022-07-11,2022-08-10,207762.71,Manufacturing,West,NT30,High,CLEARED,12.24415670332005,30,4,4,1.5,0.6,10,130771.0,7,3,0,0,1.3333333333333333,-0.16666666666666674,241789.09,1.5887521698235847,1307710.0,0.2182095511792872,30,0,1,15.880997278725019,202207,0.0,0.0
1800004815,C000078,2022-07-11,2022-08-10,46290.42,Construction,International,NT30,High,CLEARED,10.742711909726772,30,0,0,15.5,1.0,8,157609.95,7,3,0,0,12.666666666666666,-2.833333333333334,215622.24,0.2937023963271354,1260879.6,0.0549867649281179,30,0,1,15.880997278725019,202207,1.0,11.0
1800001251,C000044,2022-07-12,2022-10-10,69438.38,Manufacturing,West,NT90,High,CLEARED,11.148209420722944,90,4,4,24.875,0.875,8,148610.69125,7,3,1,0,35.0,10.125,243770.4,0.4672502322406094,1188885.53,0.11046859791619928,90,0,0,15.880997278725019,202207,1.0,19.0
1800004508,C000195,2022-07-12,2022-09-10,45645.02,Logistics,Midwest,NT60,High,CLEARED,10.72867169711822,60,3,1,10.5,0.8333333333333334,12,110178.57250000001,7,3,1,0,7.666666666666667,-2.833333333333333,220702.53,0.41428218721929794,1322142.87,0.16447584243880614,60,0,0,15.880997278725019,202207,1.0,23.0
1800001064,C000146,2022-07-12,2022-08-11,112762.08,Construction,International,NT30,Medium,CLEARED,11.633044259505596,30,0,0,0.7272727272727273,0.45454545454545453,11,143976.93363636362,7,3,1,0,0.0,-0.7272727272727273,236408.5,0.7831954546608025,1583746.27,0.0564045547768637,30,0,0,15.880997278725019,202207,1.0,2.0
1800000793,C000156,2022-07-13,2022-08-12,137364.66,Retail,Northeast,NT30,High,CLEARED,11.830401700313578,30,5,2,13.181818181818182,1.0,11,119914.51363636363,7,3,2,0,14.666666666666666,1.4848484848484844,244580.13,1.1455215539342745,1319059.65,1.7917469997147335,30,0,0,15.880997278725019,202207,1.0,15.0
1800004931,C000005,2022-07-13,2022-07-27,104688.33,Logistics,Northeast,NT14,High,CLEARED,11.558752481445755,14,3,2,9.4,0.9333333333333333,15,147744.472,7,3,2,0,9.666666666666666,0.2666666666666657,246455.43,0.7085769679423267,2216167.08,0.14672742242198125,14,0,0,15.880997278725019,202207,1.0,6.0
1800002800,C000182,2022-07-14,2022-07-28,53477.34,Retail,West,NT14,High,CLEARED,10.887031991093153,14,5,4,14.454545454545455,1.0,11,100131.9790909091,7,3,3,0,9.333333333333334,-5.121212121212121,249682.11,0.5340685411945,1101451.77,0.04635846141824522,14,0,0,15.880997278725019,202207,1.0,14.0
1800002264,C000192,2022-07-14,2022-09-12,190831.29,Logistics,Midwest,NT60,High,CLEARED,12.159150258478569,60,3,1,2.6470588235294117,0.7058823529411765,17,146867.88529411764,7,3,3,0,1.6666666666666667,-0.980392156862745,237613.27,1.299339808820977,2496754.05,0.14020737664499455,60,0,0,15.880997278725019,202207,0.0,-1.0
1800004692,C000134,2022-07-14,2022-10-12,109597.09,Construction,West,NT90,Medium,CLEARED,11.6045752263369,90,0,4,0.375,0.375,8,97029.68625,7,3,3,0,-1.6666666666666667,-2.041666666666667,170508.18,1.1295212242325476,776237.49,0.06884478808063059,90,0,0,15.880997278725019,202207,1.0,6.0
1800002980,C000153,2022-07-14,2022-09-12,211043.03,Manufacturing,South,NT60,High,CLEARED,12.259822063674806,60,4,3,2.0625,0.75,16,128986.16125,7,3,3,0,2.0,-0.0625,230985.56,1.6361680040307425,2063778.58,0.27935338244846997,60,0,0,15.880997278725019,202207,0.0,-1.0
1800003464,C000128,2022-07-15,2022-08-29,13180.78,Retail,Northeast,NT45,Medium,CLEARED,9.486590852048423,45,5,2,0.5,0.5,8,179837.68875,7,3,4,0,1.3333333333333333,0.8333333333333333,236385.24,0.07329264567186004,1438701.51,0.00921323071650543,45,0,0,15.880997278725019,202207,0.0,-1.0
1800000493,C000090,2022-07-15,2022-09-13,249899.17,Logistics,Northeast,NT60,High,CLEARED,12.428816797094921,60,3,2,29.0,1.0,8,147044.95875,7,3,4,0,29.666666666666668,0.6666666666666679,236832.41,1.6994745833134524,1176359.67,0.2693935572985452,60,0,0,15.880997278725019,202207,1.0,23.0
1800002548,C000163,2022-07-15,2022-10-13,208883.19,Retail,West,NT90,Medium,CLEARED,12.249535262536053,90,5,4,0.75,0.5,8,105844.89749999999,7,3,4,0,1.6666666666666667,0.9166666666666667,189146.71,1.9734837950029667,846759.1799999999,0.18546968930998445,90,0,0,15.880997278725019,202207,1.0,7.0
1800002930,C000173,2022-07-15,2022-07-29,3070.96,Manufacturing,West,NT14,High,CLEARED,8.030071073349458,14,4,4,2.5,0.9,10,100251.913,7,3,4,0,0.6666666666666666,-1.8333333333333335,182042.8,0.030632432919260103,1002519.13,0.00484409982060981,14,0,0,15.880997278725019,202207,0.0,0.0
1800002726,C000150,2022-07-15,2022-08-14,144151.77,Healthcare,Midwest,NT30,High,CLEARED,11.878628918976268,30,2,1,9.454545454545455,1.0,11,123354.68272727272,7,3,4,0,9.666666666666666,0.21212121212121104,233825.5,1.1685958474613238,1356901.51,0.14185868255850168,30,0,0,15.880997278725019,202207,1.0,12.0
1800004267,C000167,2022-07-15,2022-07-29,76088.38,Construction,Northeast,NT14,High,CLEARED,11.239663980891873,14,0,2,2.0,0.6666666666666666,9,153840.24555555556,7,3,4,0,1.3333333333333333,-0.6666666666666667,237201.79,0.4945934643124486,1384562.21,0.10910454122442048,14,0,0,15.880997278725019,202207,0.0,-1.0
1800001233,C000159,2022-07-15,2022-09-13,139173.23,Healthcare,Northeast,NT60,High,CLEARED,11.843481880433565,60,2,2,1.6666666666666667,0.6666666666666666,9,128543.91666666667,7,3,4,0,0.3333333333333333,-1.3333333333333335,226883.45,1.0826901311938137,1156895.25,0.41913103086554193,60,0,0,15.880997278725019,202207,0.0,0.0
1800004711,C000072,2022-07-16,2022-08-30,23486.27,Construction,West,NT45,High,CLEARED,10.064213851230987,45,0,4,1.75,0.75,4,100732.0075,7,3,5,0,3.3333333333333335,1.5833333333333335,229773.41,0.23315598073432617,402928.03,0.08524674740538685,45,0,0,15.880997278725019,202207,1.0,3.0
1800004909,C000070,2022-07-16,2022-10-14,58235.28,Energy,Midwest,NT90,Medium,CLEARED,10.972263807204188,90,1,1,0.9166666666666666,0.3333333333333333,12,139289.62833333333,7,3,5,0,0.0,-0.9166666666666666,243557.77,0.4180876975322056,1671475.54,0.033083999663906585,90,0,0,15.880997278725019,202207,0.0,-1.0
1800001259,C000094,2022-07-17,2022-07-31,194003.14,Healthcare,West,NT14,High,CLEARED,12.175634778023952,14,2,4,9.833333333333334,0.9166666666666666,12,122825.83416666667,7,3,6,0,12.333333333333334,2.5,243254.75,1.5794978419340542,1473910.01,0.17507859367453807,14,0,0,15.880997278725019,202207,1.0,7.0
1800000489,C000005,2022-07-18,2022-08-01,201111.77,Logistics,Northeast,NT14,High,CLEARED,12.211621074490553,14,3,2,9.1875,0.9375,16,145053.463125,7,3,0,0,6.333333333333333,-2.854166666666667,246455.43,1.3864665183946119,2320855.41,0.2818710703554287,14,0,1,15.880997278725019,202207,1.0,15.0
1800001305,C000104,2022-07-18,2022-08-01,122875.22,Manufacturing,Midwest,NT14,High,CLEARED,11.718932786189598,14,4,1,8.714285714285714,0.7142857142857143,7,103891.31999999999,7,3,0,0,8.0,-0.7142857142857135,232781.35,1.182728451231537,727239.24,0.6685056000947086,14,0,1,15.880997278725019,202207,1.0,25.0
1800000959,C000159,2022-07-18,2022-09-16,236351.84,Healthcare,Northeast,NT60,High,CLEARED,12.373081052227041,60,2,2,1.5,0.6,10,129606.848,7,3,0,0,0.3333333333333333,-1.1666666666666667,226883.45,1.8236061106894599,1296068.48,0.7117919900699842,60,0,1,15.880997278725019,202207,1.0,6.0
1800004933,C000198,2022-07-18,2022-10-16,192295.1,Construction,West,NT90,High,CLEARED,12.166791650559981,90,0,4,8.857142857142858,1.0,7,173186.22714285715,7,3,0,0,8.0,-0.8571428571428577,249539.5,1.1103371392309414,1212303.59,0.13109226967159165,90,0,1,15.880997278725019,202207,1.0,16.0
1800004328,C000113,2022-07-19,2022-09-17,35752.35,Healthcare,South,NT60,High,CLEARED,10.4843992500257,60,2,3,0.9090909090909091,0.5454545454545454,11,100667.73090909091,7,3,1,0,0.0,-0.9090909090909091,245331.65,0.3551520400542906,1107345.04,0.027728091098141405,60,0,0,15.880997278725019,202207,0.0,-1.0
1800000063,C000179,2022-07-19,2022-09-02,133108.65,Retail,International,NT45,High,CLEARED,11.798928503633356,45,5,0,1.3846153846153846,0.6153846153846154,13,133551.28461538462,7,3,1,0,1.3333333333333333,-0.05128205128205132,208943.23,0.9966856581225754,1736166.7,0.06911300274358713,45,0,0,15.880997278725019,202207,0.0,0.0
1800001594,C000172,2022-07-19,2022-09-02,33548.09,Logistics,Northeast,NT45,High,CLEARED,10.420765018335997,45,3,2,9.916666666666666,0.8333333333333334,12,143547.43666666668,7,3,1,0,4.666666666666667,-5.249999999999999,248872.63,0.23370734287580797,1722569.24,0.037431855778352056,45,0,0,15.880997278725019,202207,1.0,12.0
1800001361,C000106,2022-07-19,2022-08-18,57321.52,Healthcare,Northeast,NT30,High,CLEARED,10.956448844688223,30,2,2,11.555555555555555,1.0,9,113161.51,7,3,1,0,13.333333333333334,1.7777777777777786,242710.29,0.5065460862089946,1018453.59,0.20992324674241233,30,0,0,15.880997278725019,202207,1.0,12.0
1800004241,C000005,2022-07-19,2022-08-02,197547.72,Logistics,Northeast,NT14,High,CLEARED,12.193740516446235,14,3,2,9.529411764705882,0.9411764705882353,17,148351.0105882353,7,3,1,0,10.0,0.47058823529411775,246455.43,1.3316236890917825,2521967.18,0.2768758252322802,14,0,0,15.880997278725019,202207,1.0,16.0
1800000510,C000134,2022-07-19,2022-10-17,39100.85,Construction,West,NT90,Medium,CLEARED,10.573925059432163,90,0,4,1.0,0.4444444444444444,9,98426.06444444443,7,3,1,0,0.3333333333333333,-0.6666666666666667,170508.18,0.39726113424021,885834.58,0.024561689840693075,90,0,0,15.880997278725019,202207,1.0,3.0
1800004545,C000051,2022-07-19,2022-09-17,243046.07,Energy,Midwest,NT60,High,CLEARED,12.401010407268249,60,1,1,16.333333333333332,1.0,9,141929.05444444445,7,3,1,0,18.0,1.6666666666666679,240179.13,1.7124476094860195,1277361.49,0.2575577028923345,60,0,0,15.880997278725019,202207,1.0,5.0
1800004229,C000033,2022-07-20,2022-08-03,218076.63,Energy,Northeast,NT14,High,CLEARED,12.292606379299773,14,1,2,3.0,0.8235294117647058,17,118199.80588235294,7,3,2,0,1.6666666666666667,-1.3333333333333333,243987.46,1.8449829792195838,2009396.7,0.12632683531563657,14,0,0,15.880997278725019,202207,1.0,1.0
1800003750,C000194,2022-07-20,2022-10-18,160918.48,Construction,Midwest,NT90,High,CLEARED,11.988659394639164,90,0,1,10.2,0.9333333333333333,15,143955.07733333335,7,3,2,0,15.0,4.800000000000001,240865.52,1.1178381685516188,2159326.16,0.12256513550757855,90,0,0,15.880997278725019,202207,1.0,11.0
1800001953,C000119,2022-07-20,2022-09-03,38332.39,Logistics,International,NT45,High,CLEARED,10.554076596937055,45,3,0,3.2666666666666666,0.8,15,114735.204,7,3,2,0,-1.0,-4.266666666666667,221992.37,0.33409440750199043,1721028.06,0.03380899944213778,45,0,0,15.880997278725019,202207,1.0,2.0
1800003035,C000114,2022-07-20,2022-08-19,245437.25,Manufacturing,West,NT30,High,CLEARED,12.410800667083459,30,4,4,12.5,1.0,6,124706.45333333332,7,3,2,0,13.0,0.5,183832.22,1.9681198802435673,748238.72,0.229938011600008,30,0,0,15.880997278725019,202207,1.0,21.0
1800003303,C000041,2022-07-21,2022-08-04,96169.57,Manufacturing,South,NT14,High,CLEARED,11.473878664693226,14,4,3,18.75,1.0,4,174113.72,7,3,3,0,21.333333333333332,2.583333333333332,233510.12,0.5523376905622371,696454.88,0.11414685361639727,14,0,0,15.880997278725019,202207,1.0,47.0
1800003335,C000167,2022-07-21,2022-08-04,220152.84,Construction,Northeast,NT14,High,CLEARED,12.302081853684514,14,0,2,1.7,0.6,10,146065.059,7,3,3,0,1.0,-0.7,237201.79,1.5072245306798526,1460650.59,0.31568124603853104,14,0,0,15.880997278725019,202207,1.0,6.0
1800004829,C000028,2022-07-22,2022-10-20,65779.29,Manufacturing,Northeast,NT90,High,CLEARED,11.094075528368172,90,4,2,25.9375,0.9375,16,105255.806875,7,3,4,0,26.333333333333332,0.39583333333333215,233324.46,0.6249468979713239,1684092.91,0.0673415713568738,90,0,0,15.880997278725019,202207,1.0,35.0
1800001836,C000190,2022-07-22,2022-08-05,82205.57,Manufacturing,Northeast,NT14,High,CLEARED,11.316990504857577,14,4,2,1.8,0.6,15,113210.56533333333,7,3,4,0,0.3333333333333333,-1.4666666666666668,182774.42,0.7261298427223354,1698158.48,0.056219600601301066,14,0,0,15.880997278725019,202207,0.0,0.0
1800003287,C000192,2022-07-23,2022-09-21,40094.31,Logistics,Midwest,NT60,High,CLEARED,10.599014648848602,60,3,1,2.4444444444444446,0.6666666666666666,18,149310.29666666666,7,3,5,0,2.0,-0.44444444444444464,237613.27,0.2685301074011663,2687585.34,0.029458051787477676,60,0,0,15.880997278725019,202207,1.0,8.0
1800002604,C000176,2022-07-23,2022-08-06,46289.15,Healthcare,International,NT14,Medium,CLEARED,10.742684474460766,14,2,0,1.375,0.5,8,91205.44375,7,3,5,0,3.0,1.625,176452.64,0.507526174938434,729643.55,0.03349159518086384,14,0,0,15.880997278725019,202207,1.0,3.0
1800003196,C000093,2022-07-24,2022-08-23,183163.06,Manufacturing,Northeast,NT30,High,CLEARED,12.11813753293724,30,4,2,2.6666666666666665,0.8333333333333334,12,137497.07749999998,7,3,6,0,4.666666666666667,2.0000000000000004,245348.3,1.332123295493317,1649964.93,0.13053219923490283,30,0,0,15.880997278725019,202207,1.0,3.0
1800001552,C000070,2022-07-24,2022-10-22,241090.35,Energy,Midwest,NT90,Medium,CLEARED,12.392931186296293,90,1,1,0.7692307692307693,0.3076923076923077,13,133054.67846153845,7,3,6,0,-1.0,-1.7692307692307692,243557.77,1.8119644704540845,1729710.82,0.13696565137784383,90,0,0,15.880997278725019,202207,0.0,0.0
1800003394,C000051,2022-07-24,2022-09-22,184057.35,Energy,Midwest,NT60,High,CLEARED,12.123008105884558,60,1,1,15.2,1.0,10,152040.756,7,3,6,0,15.666666666666666,0.4666666666666668,243046.07,1.2105790239559189,1520407.56,0.19504692368179588,60,0,0,15.880997278725019,202207,1.0,12.0
1800002149,C000132,2022-07-24,2022-08-07,169919.89,Healthcare,West,NT14,High,CLEARED,12.04308825478094,14,2,4,1.6363636363636365,0.5454545454545454,11,123168.77,7,3,6,0,2.3333333333333335,0.696969696969697,249747.76,1.3795695938183032,1354856.47,0.1445891369205724,14,0,0,15.880997278725019,202207,1.0,1.0
1800002122,C000116,2022-07-24,2022-09-07,189792.8,Manufacturing,Midwest,NT45,High,CLEARED,12.153693498660248,45,4,1,10.9375,0.875,16,135183.424375,7,3,6,0,3.3333333333333335,-7.604166666666666,207844.11,1.4039650266109038,2162934.79,0.31956486881709656,45,0,0,15.880997278725019,202207,1.0,6.0
1800002168,C000179,2022-07-24,2022-09-07,167791.25,Retail,International,NT45,High,CLEARED,12.030481886013002,45,5,0,1.2857142857142858,0.5714285714285714,14,133519.66785714286,7,3,6,0,0.6666666666666666,-0.6190476190476192,208943.23,1.2566781560565703,1869275.35,0.0871209881671846,45,0,0,15.880997278725019,202207,0.0,0.0
1800003141,C000023,2022-07-24,2022-09-07,64268.19,Manufacturing,International,NT45,High,CLEARED,11.07083563520516,45,4,0,2.1,0.8,10,124782.005,7,3,6,0,2.6666666666666665,0.5666666666666664,249683.32,0.5150437356732648,1247820.05,0.03512644117771305,45,0,0,15.880997278725019,202207,1.0,4.0
1800003729,C000152,2022-07-25,2022-08-08,59575.05,Construction,West,NT14,High,CLEARED,10.995008926654263,14,0,4,1.1111111111111112,0.5555555555555556,9,136200.09333333335,7,3,0,0,0.0,-1.1111111111111112,241179.08,0.4374082905670059,1225800.84,0.04471131953443979,14,1,1,15.880997278725019,202207,1.0,5.0
1800002324,C000040,2022-07-25,2022-08-08,155519.86,Construction,West,NT14,High,CLEARED,11.954535149514367,14,0,4,27.2,1.0,10,117804.224,7,3,0,0,23.333333333333332,-3.866666666666667,234235.26,1.3201552093751747,1178042.24,1.046234427225154,14,1,1,15.880997278725019,202207,1.0,17.0
1800003402,C000016,2022-07-25,2022-09-23,207077.63,Manufacturing,West,NT60,High,CLEARED,12.240853855193297,60,4,4,9.375,0.875,8,146595.0975,7,3,0,0,1.0,-8.375,224363.65,1.4125822318171315,1172760.78,0.6425412543015508,60,1,1,15.880997278725019,202207,1.0,16.0
1800002825,C000163,2022-07-25,2022-10-23,38237.47,Retail,West,NT90,High,CLEARED,10.551597355904647,90,5,4,1.4444444444444444,0.5555555555555556,9,117293.59666666668,7,3,0,0,2.6666666666666665,1.222222222222222,208883.19,0.3259979324247851,1055642.37,0.033951471542060664,90,1,1,15.880997278725019,202207,1.0,6.0
1800003504,C000102,2022-07-26,2022-09-09,131822.42,Healthcare,Northeast,NT45,High,CLEARED,11.78921857873989,45,2,2,3.111111111111111,0.7777777777777778,9,58392.628888888896,7,3,1,0,2.3333333333333335,-0.7777777777777777,113175.64,2.2575181578283683,525533.66,0.186156710767618,45,1,0,15.880997278725019,202207,1.0,1.0
1800002334,C000026,2022-07-26,2022-09-09,194260.54,Manufacturing,Midwest,NT45,High,CLEARED,12.176960674444718,45,4,1,2.0833333333333335,0.6666666666666666,12,122725.12333333334,7,3,1,0,1.6666666666666667,-0.41666666666666674,236806.85,1.5828913813544887,1472701.48,0.37379389220630743,45,1,0,15.880997278725019,202207,1.0,1.0
1800002380,C000136,2022-07-27,2022-09-25,236301.93,Construction,Midwest,NT60,High,CLEARED,12.372869862590298,60,0,1,13.9375,0.9375,16,128368.17125,7,3,2,0,12.0,-1.9375,230104.42,1.840814024995312,2053890.74,1.4111867075539197,60,1,0,15.880997278725019,202207,1.0,1.0
1800002977,C000198,2022-07-27,2022-10-25,116457.43,Construction,West,NT90,High,CLEARED,11.665289664276713,90,0,4,9.75,1.0,8,175574.83625,7,3,2,0,12.333333333333334,2.583333333333334,249539.5,0.6632922603679774,1404598.69,0.07939187643793578,90,1,0,15.880997278725019,202207,1.0,24.0
1800001200,C000100,2022-07-27,2022-10-25,16578.37,Energy,International,NT90,High,CLEARED,9.715914430379904,90,1,0,27.444444444444443,0.8888888888888888,9,114881.18111111112,7,3,2,0,28.666666666666668,1.222222222222225,196637.07,0.14430884013949755,1033930.63,0.01376722732444476,90,1,0,15.880997278725019,202207,1.0,62.0
1800002591,C000066,2022-07-27,2022-09-25,5636.39,Retail,Northeast,NT60,High,CLEARED,8.637176471425446,60,5,2,26.88888888888889,1.0,9,120139.15333333332,7,3,2,0,23.333333333333332,-3.555555555555557,233822.99,0.046915512916605104,1081252.38,0.0035552290107000134,60,1,0,15.880997278725019,202207,0.0,0.0
1800002842,C000137,2022-07-27,2022-08-10,84329.48,Logistics,Northeast,NT14,High,CLEARED,11.34249864447707,14,3,2,30.125,1.0,8,113985.61125,7,3,2,0,40.666666666666664,10.541666666666664,225210.38,0.7398256593548775,911884.89,0.14897623739281038,14,1,0,15.880997278725019,202207,1.0,20.0
1800000776,C000066,2022-07-28,2022-09-26,34258.63,Retail,Northeast,NT60,High,CLEARED,10.441722972053302,60,5,2,24.2,0.9,10,108688.87700000001,7,3,3,0,9.666666666666666,-14.533333333333333,233822.99,0.3151990428606599,1086888.77,0.021609092919907563,60,1,0,15.880997278725019,202207,1.0,33.0
1800004429,C000002,2022-07-28,2022-10-26,222541.87,Construction,South,NT90,High,CLEARED,12.312875036186453,90,0,3,2.5714285714285716,0.7142857142857143,7,137497.70142857142,7,3,3,0,2.0,-0.5714285714285716,226364.41,1.6185133837717869,962483.91,1.9874029503764281,90,1,0,15.880997278725019,202207,1.0,6.0
1800004334,C000126,2022-07-28,2022-08-27,17462.83,Manufacturing,Northeast,NT30,High,CLEARED,9.76788716387182,30,4,2,12.6,1.0,5,125777.144,7,3,3,0,15.0,2.4000000000000004,193186.92,0.13883945401081774,628885.72,0.017564930550054834,30,1,0,15.880997278725019,202207,1.0,15.0
1800004341,C000114,2022-07-28,2022-08-27,177851.5,Manufacturing,West,NT30,High,CLEARED,12.088709834067235,30,4,4,13.714285714285714,1.0,7,141953.71,7,3,3,0,18.666666666666668,4.952380952380954,245437.25,1.252883774576938,993675.97,0.16662026758399073,30,1,0,15.880997278725019,202207,1.0,14.0
1800001039,C000171,2022-07-28,2022-09-26,192482.41,Energy,International,NT60,Medium,CLEARED,12.167765247177927,60,1,0,1.7,0.5,10,152507.206,7,3,3,0,2.6666666666666665,0.9666666666666666,247678.48,1.2621200994266462,1525072.06,1.0494053389681828,60,1,0,15.880997278725019,202207,1.0,2.0
1800002298,C000060,2022-07-29,2022-09-27,187796.07,Logistics,International,NT60,High,CLEARED,12.143117243930652,60,3,0,3.642857142857143,0.7857142857142857,14,106570.45285714287,7,3,4,0,4.666666666666667,1.0238095238095242,241297.28,1.7621776483556812,1491986.34,0.16419064527565763,60,1,0,15.880997278725019,202207,1.0,2.0
1800003626,C000061,2022-07-29,2022-08-28,153702.46,Energy,International,NT30,Medium,CLEARED,11.942780440659126,30,1,0,0.36363636363636365,0.45454545454545453,11,114786.93545454546,7,3,4,0,0.3333333333333333,-0.03030303030303033,247291.55,1.339023987280022,1262656.29,0.12960897463275903,30,1,0,15.880997278725019,202207,0.0,0.0
1800001468,C000061,2022-07-29,2022-08-28,67922.36,Energy,International,NT30,Medium,CLEARED,11.126135289726294,30,1,0,-0.2,0.4,10,119473.393,7,3,4,0,-2.6666666666666665,-2.4666666666666663,247291.55,0.5685145310973131,1194733.93,0.05727525398251353,30,1,0,15.880997278725019,202207,1.0,6.0
1800001273,C000189,2022-07-29,2022-09-27,110328.41,Logistics,Midwest,NT60,Medium,CLEARED,11.61122580614647,60,3,1,1.2857142857142858,0.42857142857142855,7,108155.18285714286,7,3,4,0,2.6666666666666665,1.3809523809523807,189055.69,1.020093601484893,757086.28,0.06817746008822043,60,1,0,15.880997278725019,202207,1.0,5.0
1800003277,C000095,2022-07-30,2022-08-29,79548.54,Healthcare,West,NT30,High,CLEARED,11.284135251222501,30,2,4,2.0,0.6666666666666666,9,117460.76666666668,7,3,5,0,3.0,1.0,201969.85,0.6772349803040617,1057146.9000000001,0.041982087626990953,30,1,0,15.880997278725019,202207,0.0,-5.0
1800002462,C000054,2022-07-30,2022-10-28,200115.35,Construction,Midwest,NT90,High,CLEARED,12.206654226379241,90,0,1,1.9333333333333333,0.7333333333333333,15,126844.28666666667,7,3,5,0,0.3333333333333333,-1.6,235228.36,1.5776457518018288,1902664.3,0.18504623049933636,90,1,0,15.880997278725019,202207,0.0,0.0
1800003622,C000179,2022-07-31,2022-09-14,176384.07,Retail,International,NT45,High,CLEARED,12.080424781784691,45,5,0,1.2,0.5333333333333333,15,135804.44,7,3,6,0,0.0,-1.2,208943.23,1.2988093025529945,2037066.6,0.09158257343782741,45,1,0,15.880997278725019,202207,1.0,4.0
1800001877,C000184,2022-07-31,2022-08-30,104776.41,Retail,International,NT30,High,CLEARED,11.559593474198984,30,5,0,28.818181818181817,1.0,11,112626.12090909091,7,3,6,0,22.0,-6.818181818181817,231114.41,0.9303029275470918,1238887.33,0.08113366554931503,30,1,0,15.880997278725019,202207,1.0,37.0
1800002362,C000175,2022-07-31,2022-10-29,23894.44,Construction,West,NT90,High,CLEARED,10.081442924736844,90,0,4,3.0,0.875,8,124639.8425,7,3,6,0,3.0,0.0,209031.8,0.19170788024704058,997118.74,0.014976962359783247,90,1,0,15.880997278725019,202207,0.0,-5.0
1800000188,C000022,2022-07-31,2022-09-14,182117.4,Energy,Midwest,NT45,High,CLEARED,12.112412303993917,45,1,1,32.2,1.0,5,111469.05600000001,7,3,6,0,36.333333333333336,4.133333333333333,221715.83,1.6337933282578438,557345.28,0.202850271907006,45,1,0,15.880997278725019,202207,1.0,15.0
1800003020,C000097,2022-08-01,2022-09-30,196085.33,Construction,West,NT60,High,CLEARED,12.186310300422656,60,0,4,1.3571428571428572,0.6428571428571429,14,118425.42714285714,8,3,0,0,1.3333333333333333,-0.023809523809523947,233980.6,1.6557705108672427,1657955.98,0.1322634151544149,60,0,1,15.581455831070565,202208,0.0,-1.0
1800003634,C000197,2022-08-01,2022-08-31,148596.3,Healthcare,West,NT30,High,CLEARED,11.908995241517955,30,2,4,25.214285714285715,0.9285714285714286,14,105904.34,8,3,0,0,20.666666666666668,-4.5476190476190474,244520.22,1.4031181347242236,1482660.76,0.10946738716270507,30,0,1,15.581455831070565,202208,1.0,19.0
1800001466,C000191,2022-08-01,2022-10-30,32605.72,Energy,Midwest,NT90,High,CLEARED,10.39227368108123,90,1,1,19.5625,0.9375,16,134362.64875,8,3,0,0,4.333333333333333,-15.229166666666668,200772.75,0.24266952388433027,2149802.38,0.42267483418108415,90,0,1,15.581455831070565,202208,1.0,67.0
1800004611,C000099,2022-08-01,2022-09-15,67388.1,Logistics,West,NT45,High,CLEARED,11.118238562753888,45,3,4,1.9473684210526316,0.7368421052631579,19,118171.66842105264,8,3,0,0,2.3333333333333335,0.38596491228070184,245026.79,0.5702559750607246,2245261.7,0.03989855357241437,45,0,1,15.581455831070565,202208,1.0,2.0
1800001706,C000004,2022-08-01,2022-10-30,44662.56,Manufacturing,West,NT90,High,CLEARED,10.706913235607264,90,4,4,8.6,0.9,10,142577.157,8,3,0,0,15.333333333333334,6.733333333333334,240848.93,0.3132518626388377,1425771.57,0.03724772658446549,90,0,1,15.581455831070565,202208,0.0,-5.0
1800002947,C000093,2022-08-02,2022-09-01,66482.09,Manufacturing,Northeast,NT30,High,CLEARED,11.104702908593566,30,4,2,2.6923076923076925,0.8461538461538461,13,141009.8453846154,8,3,1,0,3.3333333333333335,0.641025641025641,245348.3,0.47147126371683407,1833127.99,0.04737884056661174,30,0,0,15.581455831070565,202208,1.0,3.0
1800001325,C000200,2022-08-02,2022-09-16,134071.69,Healthcare,Northeast,NT45,High,CLEARED,11.80613739453992,45,2,2,1.5714285714285714,0.7142857142857143,7,108400.97857142858,8,3,1,0,2.3333333333333335,0.7619047619047621,230600.01,1.2368125432710575,758806.8500000001,0.07043124443805322,45,0,0,15.581455831070565,202208,0.0,0.0
1800004205,C000134,2022-08-02,2022-10-31,200176.06,Construction,West,NT90,Medium,CLEARED,12.206957553883262,90,0,4,1.2,0.5,10,92493.54299999999,8,3,1,0,3.0,1.8,170508.18,2.164216587529791,924935.4299999999,0.12574310530978144,90,0,0,15.581455831070565,202208,1.0,5.0
1800003393,C000061,2022-08-02,2022-09-01,99507.19,Energy,International,NT30,Medium,CLEARED,11.507995231317063,30,1,0,0.3333333333333333,0.4166666666666667,12,118029.89583333333,8,3,1,0,2.0,1.6666666666666667,247291.55,0.8430676761802051,1416358.75,0.08390903349554153,30,0,0,15.581455831070565,202208,1.0,5.0
1800002503,C000173,2022-08-02,2022-08-16,19774.59,Manufacturing,West,NT14,High,CLEARED,9.892203627841855,14,4,4,2.272727272727273,0.8181818181818182,11,91417.2809090909,8,3,1,0,0.0,-2.272727272727273,182042.8,0.21631129041854422,1005590.09,0.031192229098273034,14,0,0,15.581455831070565,202208,1.0,7.0
1800001219,C000161,2022-08-03,2022-10-02,22103.24,Construction,Midwest,NT60,Medium,CLEARED,10.003524724307608,60,0,1,1.2222222222222223,0.5,18,95268.45222222221,8,3,2,0,1.6666666666666667,0.4444444444444444,213210.53,0.23201006717777056,1714832.14,0.013395322809865927,60,0,0,15.581455831070565,202208,0.0,-2.0
1800001734,C000013,2022-08-03,2022-10-02,27900.62,Retail,West,NT60,High,CLEARED,10.236440030639907,60,5,4,1.6666666666666667,0.5555555555555556,9,115713.14555555556,8,3,2,0,3.3333333333333335,1.6666666666666667,231196.03,0.24111884493369432,1041418.31,0.020044761040218653,60,0,0,15.581455831070565,202208,1.0,2.0
1800002321,C000186,2022-08-03,2022-08-17,78850.84,Retail,International,NT14,High,CLEARED,11.275325927565968,14,5,0,11.642857142857142,0.8571428571428571,14,119276.00142857143,8,3,2,0,5.333333333333333,-6.309523809523809,245546.85,0.6610788344310814,1669864.02,0.25746959164680233,14,0,0,15.581455831070565,202208,1.0,6.0
1800001313,C000082,2022-08-03,2022-08-17,70278.2,Logistics,Northeast,NT14,High,CLEARED,11.160231159196975,14,3,2,11.083333333333334,0.9166666666666666,12,131967.34416666668,8,3,2,0,11.666666666666666,0.5833333333333321,237416.81,0.5325423531388411,1583608.1300000001,0.1439981575631806,14,0,0,15.581455831070565,202208,1.0,16.0
1800004907,C000137,2022-08-04,2022-08-18,14252.32,Logistics,Northeast,NT14,High,CLEARED,9.56474514101674,14,3,2,29.0,1.0,9,110690.48555555556,8,3,3,0,39.0,10.0,225210.38,0.12875831132610543,996214.37,0.025178110996513906,14,0,0,15.581455831070565,202208,1.0,34.0
1800003200,C000014,2022-08-04,2022-09-18,126677.61,Manufacturing,South,NT45,Medium,CLEARED,11.74940852806317,45,4,3,0.7142857142857143,0.42857142857142855,7,167598.40999999997,8,3,3,0,0.6666666666666666,-0.04761904761904767,247283.58,0.7558401657867758,1173188.8699999999,0.07820381269793977,45,0,0,15.581455831070565,202208,1.0,2.0
1800004283,C000147,2022-08-04,2022-09-18,141742.65,Energy,International,NT45,High,CLEARED,11.861775423408444,45,1,0,16.1,0.9,10,117469.718,8,3,3,0,13.0,-3.1000000000000014,208092.46,1.2066313975487708,1174697.18,0.14650757293243502,45,0,0,15.581455831070565,202208,1.0,6.0
1800001193,C000086,2022-08-05,2022-08-19,8268.88,Manufacturing,West,NT14,Medium,CLEARED,9.020375277634349,14,4,4,-0.25,0.5,4,137525.1775,8,3,4,0,-0.3333333333333333,-0.08333333333333331,216958.3,0.06012629941888277,550100.71,0.00511051132789179,14,0,0,15.581455831070565,202208,0.0,-1.0
1800003532,C000099,2022-08-05,2022-09-19,171773.11,Logistics,West,NT45,High,CLEARED,12.053935578689522,45,3,4,1.95,0.75,20,115632.48999999999,8,3,4,0,2.6666666666666665,0.7166666666666666,245026.79,1.485509046808557,2312649.8,0.10170191223131719,45,0,0,15.581455831070565,202208,1.0,5.0
1800004212,C000040,2022-08-06,2022-08-20,224588.52,Construction,West,NT14,High,CLEARED,12.322029659467647,14,0,4,26.272727272727273,1.0,11,121232.9181818182,8,3,5,0,21.333333333333332,-4.939393939393941,234235.26,1.8525374408885793,1333562.1,1.510882543126936,14,0,0,15.581455831070565,202208,1.0,44.0
1800000318,C000047,2022-08-06,2022-09-05,68925.03,Construction,South,NT30,High,CLEARED,11.14078917955981,30,0,3,2.4285714285714284,0.8571428571428571,7,119672.43428571429,8,3,5,0,1.0,-1.4285714285714284,248675.38,0.5759474219053954,837707.04,0.05043302947333496,30,0,0,15.581455831070565,202208,1.0,2.0
1800003822,C000168,2022-08-07,2022-10-06,175492.94,Construction,South,NT60,High,CLEARED,12.075359791377357,60,0,3,2.1666666666666665,0.75,12,107676.84916666667,8,3,6,0,1.6666666666666667,-0.4999999999999998,245921.07,1.6298112487333725,1292122.19,2.1956427686880486,60,0,0,15.581455831070565,202208,1.0,7.0
1800000841,C000075,2022-08-07,2022-09-21,133451.47,Retail,International,NT45,High,CLEARED,11.80150066346618,45,5,0,14.181818181818182,1.0,11,128907.31272727273,8,3,6,0,14.666666666666666,0.4848484848484844,240982.94,1.0352513536787573,1417980.44,0.07833360862788383,45,0,0,15.581455831070565,202208,1.0,17.0
1800002630,C000062,2022-08-08,2022-09-07,193942.74,Retail,South,NT30,High,CLEARED,12.175323395987334,30,5,3,1.3636363636363635,0.5454545454545454,11,126501.64363636365,8,3,0,0,0.0,-1.3636363636363635,230338.52,1.5331242695747078,1391518.08,0.10756585958655117,30,0,1,15.581455831070565,202208,1.0,2.0
1800003322,C000145,2022-08-08,2022-08-22,34677.87,Logistics,West,NT14,High,CLEARED,10.453885846741937,14,3,4,1.1538461538461537,0.6923076923076923,13,79805.8676923077,8,3,0,0,-1.6666666666666667,-2.8205128205128203,180939.05,0.4345278236144348,1037476.28,0.02825675889735159,14,0,1,15.581455831070565,202208,1.0,3.0
1800001780,C000084,2022-08-08,2022-10-07,150453.67,Logistics,West,NT60,High,CLEARED,11.92141712178915,60,3,4,13.181818181818182,1.0,11,104427.0290909091,8,3,0,0,4.0,-9.181818181818182,217639.26,1.440754096997458,1148697.32,0.3505863270566513,60,0,1,15.581455831070565,202208,1.0,15.0
1800001537,C000102,2022-08-08,2022-09-22,15913.87,Healthcare,Northeast,NT45,High,CLEARED,9.675009171288236,45,2,2,2.9,0.8,10,65735.60800000001,8,3,0,0,1.3333333333333333,-1.5666666666666667,131822.42,0.2420890364321267,657356.0800000001,0.02247321582158386,45,0,1,15.581455831070565,202208,1.0,7.0
1800001863,C000109,2022-08-08,2022-11-06,186691.71,Healthcare,West,NT90,High,CLEARED,12.137219282168655,90,2,4,31.9,1.0,10,127017.25700000001,8,3,0,0,27.666666666666668,-4.233333333333331,215869.2,1.4698137434978618,1270172.57,0.4274634741199213,90,0,1,15.581455831070565,202208,1.0,46.0
1800003212,C000108,2022-08-09,2022-08-23,34582.82,Retail,Northeast,NT14,High,CLEARED,10.451141221614979,14,5,2,26.666666666666668,0.8888888888888888,9,130903.11,8,3,1,0,32.666666666666664,5.9999999999999964,231539.59,0.2641863894601129,1178127.99,0.02934639012786473,14,0,0,15.581455831070565,202208,1.0,27.0
1800000608,C000173,2022-08-09,2022-08-23,83927.14,Manufacturing,West,NT14,High,CLEARED,11.337716235506393,14,4,4,2.6666666666666665,0.8333333333333334,12,85447.05666666667,8,3,1,0,2.6666666666666665,0.0,182042.8,0.9822121823037633,1025364.68,0.132385782888183,14,0,0,15.581455831070565,202208,1.0,5.0
1800000688,C000156,2022-08-10,2022-09-09,111151.65,Retail,Northeast,NT30,High,CLEARED,11.618659760763556,30,5,2,13.333333333333334,1.0,12,121368.6925,8,3,2,0,13.666666666666666,0.33333333333333215,244580.13,0.9158181381907858,1456424.31,1.44983167723665,30,0,0,15.581455831070565,202208,1.0,17.0
1800004045,C000158,2022-08-10,2022-09-24,157170.72,Logistics,International,NT45,High,CLEARED,11.965094244574788,45,3,0,2.0,0.5833333333333334,12,146000.705,8,3,2,0,0.6666666666666666,-1.3333333333333335,246168.57,1.0765065826223237,1752008.46,0.18271284894410836,45,0,0,15.581455831070565,202208,0.0,0.0
1800000078,C000070,2022-08-10,2022-11-08,166611.86,Energy,Midwest,NT90,Medium,CLEARED,12.023428196612167,90,1,1,0.7142857142857143,0.2857142857142857,14,140771.51214285713,8,3,2,0,-0.3333333333333333,-1.0476190476190477,243557.77,1.1835623377471407,1970801.17,0.09465373430406535,90,0,0,15.581455831070565,202208,1.0,3.0
1800003603,C000065,2022-08-10,2022-09-09,117252.1,Healthcare,Northeast,NT30,High,CLEARED,11.672090125191424,30,2,2,29.88888888888889,0.8888888888888888,9,152608.10555555555,8,3,2,0,33.0,3.1111111111111107,249901.83,0.7683215748806702,1373472.95,0.29331115698885185,30,0,0,15.581455831070565,202208,1.0,26.0
1800001825,C000200,2022-08-11,2022-09-25,32420.31,Healthcare,Northeast,NT45,High,CLEARED,10.386571201629396,45,2,2,1.375,0.625,8,111609.8175,8,3,3,0,1.3333333333333333,-0.04166666666666674,230600.01,0.2904790163284695,892878.54,0.01703120754551137,45,0,0,15.581455831070565,202208,0.0,0.0
1800000653,C000160,2022-08-11,2022-11-09,35382.54,Logistics,International,NT90,High,CLEARED,10.474002019237568,90,3,0,2.4545454545454546,0.8181818181818182,11,90065.84454545454,8,3,3,0,3.0,0.5454545454545454,192920.75,0.39285192048738404,990724.29,0.020395128457374578,90,0,0,15.581455831070565,202208,1.0,5.0
1800004325,C000105,2022-08-11,2022-08-25,242619.81,Manufacturing,South,NT14,High,CLEARED,12.399255050873455,14,4,3,29.928571428571427,1.0,14,113353.05785714286,8,3,3,0,24.0,-5.928571428571427,237963.87,2.14039051602622,1586942.81,0.14386027244353494,14,0,0,15.581455831070565,202208,0.0,-5.0
1800003973,C000126,2022-08-11,2022-09-10,133951.07,Manufacturing,Northeast,NT30,High,CLEARED,11.805237328380786,30,4,2,13.0,1.0,6,107724.75833333335,8,3,3,0,14.333333333333334,1.333333333333334,193186.92,1.243456676741984,646348.55,0.13473424649129226,30,0,0,15.581455831070565,202208,1.0,22.0
1800002042,C000130,2022-08-11,2022-10-10,96504.07,Energy,South,NT60,High,CLEARED,11.477350824807063,60,1,3,2.0,0.5555555555555556,9,123234.08777777778,8,3,3,0,1.3333333333333333,-0.6666666666666667,203563.71,0.7830955845108477,1109106.79,0.15965291365280737,60,0,0,15.581455831070565,202208,0.0,0.0
1800001112,C000039,2022-08-12,2022-09-11,204307.13,Manufacturing,West,NT30,High,CLEARED,12.227384574433907,30,4,4,1.3636363636363635,0.5454545454545454,11,137770.24636363637,8,3,4,0,0.3333333333333333,-1.0303030303030303,241789.09,1.4829553941621292,1515472.71,0.21458021576647843,30,0,0,15.581455831070565,202208,1.0,6.0
1800003949,C000155,2022-08-12,2022-10-11,239747.15,Energy,West,NT60,High,CLEARED,12.387344276344693,60,1,4,27.692307692307693,0.9230769230769231,13,82977.72538461538,8,3,4,0,30.333333333333332,2.6410256410256387,249366.55,2.8892952763977635,1078710.43,0.12309646889974513,60,0,0,15.581455831070565,202208,1.0,17.0
1800004516,C000024,2022-08-12,2022-09-26,26328.82,Construction,International,NT45,High,CLEARED,10.178457416158594,45,0,0,25.066666666666666,1.0,15,159461.04266666668,8,3,4,0,13.0,-12.066666666666666,249295.78,0.16511129966105326,2391915.64,0.07564957900832088,45,0,0,15.581455831070565,202208,1.0,33.0
1800004576,C000074,2022-08-13,2022-11-11,169081.12,Retail,Northeast,NT90,High,CLEARED,12.038139793045461,90,5,2,1.6470588235294117,0.5294117647058824,17,93874.04470588235,8,3,5,0,-1.6666666666666667,-3.313725490196078,241463.48,1.8011487683283451,1595858.76,0.9068495056528348,90,0,0,15.581455831070565,202208,0.0,0.0
1800002204,C000164,2022-08-14,2022-10-13,155147.47,Manufacturing,Midwest,NT60,High,CLEARED,11.952137808403474,60,4,1,4.714285714285714,0.8571428571428571,7,171113.20714285714,8,3,6,0,3.6666666666666665,-1.047619047619048,225129.53,0.9066948869146738,1197792.45,0.30086533306005825,60,0,0,15.581455831070565,202208,0.0,-1.0
1800003039,C000162,2022-08-14,2022-09-28,110241.01,Construction,International,NT45,Medium,CLEARED,11.610433319027566,45,0,0,-0.42857142857142855,0.2857142857142857,7,173201.63714285713,8,3,6,0,-0.6666666666666666,-0.23809523809523808,206600.61,0.6364894224935815,1212411.46,0.10971452510268026,45,0,0,15.581455831070565,202208,1.0,1.0
1800001054,C000012,2022-08-14,2022-08-28,178207.61,Logistics,International,NT14,High,CLEARED,12.090710109349958,14,3,0,1.0,0.6363636363636364,11,115674.28363636363,8,3,6,0,1.3333333333333333,0.33333333333333326,248588.91,1.540598345611697,1272417.1199999999,0.16325765586162116,14,0,0,15.581455831070565,202208,1.0,8.0
1800002397,C000015,2022-08-14,2022-08-28,167913.45,Construction,Northeast,NT14,High,CLEARED,12.031209902495231,14,0,2,2.0,0.75,12,135144.37166666667,8,3,6,0,0.6666666666666666,-1.3333333333333335,234147.69,1.242474606446491,1621732.46,0.2530257931372877,14,0,0,15.581455831070565,202208,0.0,-1.0
1800004131,C000063,2022-08-14,2022-08-28,118192.5,Manufacturing,Midwest,NT14,High,CLEARED,11.680078390902281,14,4,1,8.923076923076923,1.0,13,122446.0676923077,8,3,6,0,3.6666666666666665,-5.256410256410257,234352.78,0.965261704418337,1591798.8800000001,0.22026881619933572,14,0,0,15.581455831070565,202208,1.0,9.0
1800004680,C000200,2022-08-14,2022-09-28,51685.95,Healthcare,Northeast,NT45,High,CLEARED,10.852960610838815,45,2,2,1.2222222222222223,0.5555555555555556,9,102810.98333333334,8,3,6,0,0.6666666666666666,-0.5555555555555557,230600.01,0.5027279024501111,925298.8500000001,0.027151934748215648,45,0,0,15.581455831070565,202208,0.0,-4.0
1800004227,C000035,2022-08-14,2022-11-12,73587.68,Healthcare,International,NT90,High,CLEARED,11.20624648854004,90,2,0,1.0,0.5238095238095238,21,99238.62095238095,8,3,6,0,-0.3333333333333333,-1.3333333333333333,214743.13,0.7415225976921888,2084011.04,0.046574248730962026,90,0,0,15.581455831070565,202208,1.0,2.0
1800003186,C000135,2022-08-15,2022-11-13,163542.02,Healthcare,West,NT90,High,CLEARED,12.004831353975696,90,2,4,0.9230769230769231,0.5384615384615384,13,101747.83,8,3,0,0,-0.3333333333333333,-1.2564102564102564,235519.4,1.6073268589610215,1322721.79,0.2596570254719697,90,0,1,15.581455831070565,202208,0.0,-1.0
1800000395,C000148,2022-08-15,2022-09-29,11907.76,Construction,Northeast,NT45,High,CLEARED,9.38502954273933,45,0,2,13.555555555555555,0.8888888888888888,18,137193.18944444446,8,3,0,0,12.333333333333334,-1.2222222222222214,248646.7,0.08679556214284219,2469477.41,0.00924637425026995,45,0,1,15.581455831070565,202208,1.0,4.0
1800003468,C000191,2022-08-15,2022-11-13,209665.59,Energy,Midwest,NT90,High,CLEARED,12.253273881354623,90,1,1,22.352941176470587,0.9411764705882353,17,128376.94705882354,8,3,0,0,24.333333333333332,1.9803921568627452,200772.75,1.6332028047366574,2182408.1,2.717939321282559,90,0,1,15.581455831070565,202208,1.0,43.0
1800000871,C000113,2022-08-16,2022-10-15,36671.85,Healthcare,South,NT60,Medium,CLEARED,10.509791978252567,60,2,3,0.75,0.5,12,95258.11583333334,8,3,1,0,-0.6666666666666666,-1.4166666666666665,245331.65,0.384973497315045,1143097.3900000001,0.028441218480390152,60,0,0,15.581455831070565,202208,1.0,3.0
1800003251,C000044,2022-08-16,2022-11-14,131293.2,Manufacturing,West,NT90,High,CLEARED,11.785195885667068,90,4,4,24.22222222222222,0.8888888888888888,9,139813.7677777778,8,3,1,0,27.0,2.7777777777777786,243770.4,0.9390577343475893,1258323.9100000001,0.2088726107943638,90,0,0,15.581455831070565,202208,1.0,35.0
1800004294,C000170,2022-08-16,2022-08-30,112047.2,Logistics,Midwest,NT14,High,CLEARED,11.626684414843014,14,3,1,10.333333333333334,1.0,12,100982.9975,8,3,1,0,9.333333333333334,-1.0,248555.31,1.1095650037522407,1211795.97,0.14164930918857468,14,0,0,15.581455831070565,202208,1.0,22.0
1800001746,C000110,2022-08-16,2022-09-15,163091.42,Logistics,South,NT30,High,CLEARED,12.002072312973642,30,3,3,11.285714285714286,0.8571428571428571,7,65359.93,8,3,1,0,7.333333333333333,-3.9523809523809534,144085.42,2.495281436194929,457519.51,0.09548276488748582,30,0,0,15.581455831070565,202208,1.0,18.0
1800002981,C000138,2022-08-17,2022-09-16,237959.37,Construction,Northeast,NT30,High,CLEARED,12.379859426183806,30,0,2,3.3636363636363638,0.8181818181818182,11,154033.90818181817,8,3,2,0,1.3333333333333333,-2.0303030303030303,248495.46,1.5448505644557047,1694372.99,0.6698578645451255,30,0,0,15.581455831070565,202208,1.0,1.0
1800002190,C000037,2022-08-17,2022-10-16,13537.33,Logistics,South,NT60,High,CLEARED,9.51328020060246,60,3,3,3.142857142857143,1.0,7,128862.34,8,3,2,0,4.0,0.8571428571428572,201308.93,0.10505264765485402,902036.38,0.006874804557580115,60,0,0,15.581455831070565,202208,1.0,1.0
1800003248,C000153,2022-08-17,2022-10-16,6664.28,Manufacturing,South,NT60,High,CLEARED,8.804667242233018,60,4,3,1.8823529411764706,0.7058823529411765,17,133813.03588235294,8,3,2,0,0.6666666666666666,-1.215686274509804,230985.56,0.04980292059033148,2274821.61,0.008821372397769731,60,0,0,15.581455831070565,202208,1.0,5.0
1800002796,C000198,2022-08-17,2022-11-15,244150.29,Construction,West,NT90,High,CLEARED,12.405543353112956,90,0,4,11.333333333333334,1.0,9,169006.23555555556,8,3,2,0,17.666666666666668,6.333333333333334,249539.5,1.4446229702556932,1521056.12,0.16644322011885537,90,0,0,15.581455831070565,202208,1.0,3.0
1800002705,C000170,2022-08-18,2022-09-01,129437.59,Logistics,Midwest,NT14,High,CLEARED,11.770961839155115,14,3,1,11.23076923076923,1.0,13,101834.09,8,3,3,0,13.0,1.76923076923077,248555.31,1.2710634523272117,1323843.17,0.16363412210687964,14,0,0,15.581455831070565,202208,1.0,2.0
1800003763,C000141,2022-08-18,2022-11-16,211854.17,Healthcare,Northeast,NT90,High,CLEARED,12.263658159816407,90,2,2,13.88888888888889,0.8888888888888888,9,142579.83777777778,8,3,3,0,17.333333333333332,3.444444444444443,217062.14,1.4858634523781118,1283218.54,0.1905340499994676,90,0,0,15.581455831070565,202208,1.0,9.0
1800003996,C000175,2022-08-18,2022-11-16,43501.66,Construction,West,NT90,High,CLEARED,10.680577364632512,90,0,4,2.111111111111111,0.7777777777777778,9,113445.90888888888,8,3,3,0,0.0,-2.111111111111111,209031.8,0.38345728308815763,1021013.1799999999,0.027266708255480714,90,0,0,15.581455831070565,202208,1.0,2.0
1800001642,C000065,2022-08-19,2022-09-18,15589.22,Healthcare,Northeast,NT30,High,CLEARED,9.65439907356226,30,2,2,29.5,0.9,10,149072.505,8,3,4,0,30.0,0.5,249901.83,0.10457475038740376,1490725.05,0.03899710243785611,30,0,0,15.581455831070565,202208,1.0,20.0
1800004169,C000140,2022-08-19,2022-10-18,21158.8,Logistics,South,NT60,High,CLEARED,9.959858434131727,60,3,3,13.4,1.0,5,83708.222,8,3,4,0,7.0,-6.4,239050.62,0.25276847954075526,418541.11,0.011427142322122904,60,0,0,15.581455831070565,202208,0.0,-1.0
1800002112,C000184,2022-08-19,2022-09-18,247177.82,Retail,International,NT30,High,CLEARED,12.417867321283314,30,5,0,29.5,1.0,12,111971.97833333333,8,3,4,0,31.666666666666668,2.166666666666668,231114.41,2.2074971227548343,1343663.74,0.19140226868899965,30,0,0,15.581455831070565,202208,1.0,54.0
1800001037,C000037,2022-08-19,2022-10-18,209829.99,Logistics,South,NT60,High,CLEARED,12.254057676142743,60,3,3,2.875,1.0,8,114446.71375,8,3,4,0,3.0,0.125,201308.93,1.8334295771773526,915573.71,0.10656016892319164,60,0,0,15.581455831070565,202208,1.0,2.0
1800002260,C000107,2022-08-19,2022-10-18,126523.42,Retail,Midwest,NT60,High,CLEARED,11.748190611997478,60,5,1,27.466666666666665,1.0,15,140539.55866666665,8,3,4,0,18.666666666666668,-8.799999999999997,229510.32,0.9002690858030208,2108093.38,0.10274004900158608,60,0,0,15.581455831070565,202208,1.0,35.0
1800001532,C000194,2022-08-19,2022-11-17,182076.54,Construction,Midwest,NT90,High,CLEARED,12.11218791928402,90,0,1,10.25,0.9375,16,145015.29,8,3,4,0,12.666666666666666,2.416666666666666,240865.52,1.2555678783940645,2320244.64,0.13868037902080013,90,0,0,15.581455831070565,202208,1.0,22.0
1800002453,C000022,2022-08-20,2022-10-04,225983.05,Energy,Midwest,NT45,High,CLEARED,12.328219700542636,45,1,1,29.333333333333332,1.0,6,123243.77999999998,8,3,5,0,35.333333333333336,6.0000000000000036,221715.83,1.8336264110042715,739462.6799999999,0.251709738547083,45,0,0,15.581455831070565,202208,1.0,2.0
1800002009,C000126,2022-08-20,2022-09-19,142781.49,Manufacturing,Northeast,NT30,High,CLEARED,11.869077702321672,30,4,2,14.285714285714286,1.0,7,111471.37428571428,8,3,5,0,15.666666666666666,1.3809523809523796,193186.92,1.2808803238940447,780299.62,0.143616295622379,30,0,0,15.581455831070565,202208,1.0,9.0
1800003848,C000136,2022-08-20,2022-10-19,119172.81,Construction,Midwest,NT60,High,CLEARED,11.68833829470746,60,0,1,13.176470588235293,0.9411764705882353,17,134717.21588235293,8,3,5,0,9.0,-4.1764705882352935,236301.93,0.8846145551588025,2290192.67,0.7116957757130838,60,0,0,15.581455831070565,202208,1.0,17.0
1800003271,C000148,2022-08-20,2022-10-04,216985.2,Construction,Northeast,NT45,High,CLEARED,12.287589036030337,45,0,2,13.052631578947368,0.8947368421052632,19,130599.2194736842,8,3,5,0,13.0,-0.05263157894736814,248646.7,1.6614586279646382,2481385.17,0.16848898247610594,45,0,0,15.581455831070565,202208,1.0,8.0
1800004188,C000103,2022-08-20,2022-10-04,234847.84,Retail,West,NT45,High,CLEARED,12.36669735211997,45,5,4,18.5,1.0,8,95902.24250000001,8,3,5,0,11.0,-7.5,145060.04,2.448825323349451,767217.9400000001,0.24283760266652513,45,0,0,15.581455831070565,202208,1.0,3.0
1800000911,C000085,2022-08-20,2022-10-19,83908.11,Manufacturing,West,NT60,High,CLEARED,11.337489468205552,60,4,4,15.76923076923077,1.0,13,105215.71923076923,8,3,5,0,14.666666666666666,-1.102564102564104,247874.28,0.7974864460695713,1367804.35,0.06312140363137317,60,0,0,15.581455831070565,202208,1.0,6.0
1800001980,C000117,2022-08-21,2022-10-20,25303.16,Construction,International,NT60,High,CLEARED,10.138724088076465,60,0,0,1.5555555555555556,0.5555555555555556,9,160652.07666666666,8,3,6,0,-0.3333333333333333,-1.8888888888888888,249320.04,0.1575028504144453,1445868.69,0.03206872689137945,60,0,0,15.581455831070565,202208,1.0,1.0
1800003000,C000104,2022-08-21,2022-09-04,78715.23,Manufacturing,Midwest,NT14,High,CLEARED,11.27360463931915,14,4,1,10.75,0.75,8,106264.3075,8,3,6,0,8.0,-2.75,232781.35,0.740749475076568,850114.46,0.42825210866554714,14,0,0,15.581455831070565,202208,1.0,4.0
1800004108,C000072,2022-08-21,2022-10-05,153270.49,Construction,West,NT45,High,CLEARED,11.93996607235237,45,0,4,3.3333333333333335,0.8333333333333334,6,83153.99,8,3,6,0,5.666666666666667,2.3333333333333335,229773.41,1.8432126949049585,498923.94,0.556316977780204,45,0,0,15.581455831070565,202208,1.0,4.0
1800002707,C000003,2022-08-21,2022-09-20,9979.22,Construction,International,NT30,High,CLEARED,9.208360413150718,30,0,0,2.727272727272727,0.7272727272727273,11,115890.81818181818,8,3,6,0,0.3333333333333333,-2.3939393939393936,185809.79,0.08610880617258093,1274799.0,0.00871983308131075,30,0,0,15.581455831070565,202208,1.0,4.0
1800003501,C000072,2022-08-21,2022-10-05,72509.64,Construction,West,NT45,High,CLEARED,11.191488588695464,45,0,4,2.0,0.8,5,85282.86,8,3,6,0,4.0,2.0,229773.41,0.8502252386939181,426414.3,0.26318402051647766,45,0,0,15.581455831070565,202208,1.0,10.0
1800000443,C000092,2022-08-21,2022-10-05,152285.65,Retail,Northeast,NT45,Medium,CLEARED,11.933519879099027,45,5,2,1.5333333333333334,0.4666666666666667,15,160024.75533333333,8,3,6,0,2.6666666666666665,1.133333333333333,244604.99,0.9516380742641181,2400371.33,0.22613311309684161,45,0,0,15.581455831070565,202208,0.0,-2.0
1800000168,C000100,2022-08-22,2022-11-20,105005.8,Energy,International,NT90,High,CLEARED,11.561780388947462,90,1,0,30.9,0.9,10,105050.9,8,3,0,0,37.333333333333336,6.433333333333337,196637.07,0.9995706843063696,1050509.0,0.08720029285057468,90,0,1,15.581455831070565,202208,1.0,33.0
1800002769,C000138,2022-08-22,2022-09-21,63174.16,Construction,Northeast,NT30,High,CLEARED,11.053666464900596,30,0,2,3.1666666666666665,0.8333333333333334,12,161027.69666666668,8,3,0,0,0.6666666666666666,-2.5,248495.46,0.3923185967863209,1932332.36,0.17783585454959008,30,0,1,15.581455831070565,202208,1.0,4.0
1800004022,C000038,2022-08-22,2022-10-21,211994.31,Energy,Midwest,NT60,High,CLEARED,12.26431943076793,60,1,1,1.5454545454545454,0.5454545454545454,11,116572.07999999999,8,3,0,0,-1.3333333333333333,-2.878787878787879,243122.55,1.8185684771173338,1282292.88,0.5004579549266025,60,0,1,15.581455831070565,202208,1.0,3.0
1800001272,C000076,2022-08-22,2022-10-06,204365.42,Retail,International,NT45,High,CLEARED,12.227669838101024,45,5,0,11.818181818181818,0.9090909090909091,11,108798.78272727272,8,3,0,0,18.333333333333332,6.515151515151514,245278.82,1.878379655333878,1196786.6099999999,0.24146217942524806,45,0,1,15.581455831070565,202208,1.0,25.0
1800000319,C000149,2022-08-22,2022-09-05,226421.25,Retail,West,NT14,High,CLEARED,12.330156897867418,14,5,4,2.25,0.625,8,130329.29625,8,3,0,0,2.3333333333333335,0.08333333333333348,190209.41,1.7373012554727119,1042634.37,0.3234814012864922,14,0,1,15.581455831070565,202208,0.0,0.0
1800003559,C000199,2022-08-23,2022-09-06,8762.12,Construction,West,NT14,High,CLEARED,9.078307284902522,14,0,4,28.2,1.0,10,156722.905,8,3,1,0,32.666666666666664,4.466666666666665,240816.02,0.05590835621634247,1567229.05,0.004657844292428495,14,0,0,15.581455831070565,202208,0.0,0.0
1800001776,C000063,2022-08-23,2022-09-06,39243.89,Manufacturing,Midwest,NT14,High,CLEARED,10.577576523652157,14,4,1,8.928571428571429,1.0,14,122142.24142857143,8,3,1,0,4.666666666666667,-4.261904761904762,234352.78,0.32129662548357407,1709991.3800000001,0.07313666428374854,14,0,0,15.581455831070565,202208,1.0,2.0
1800003924,C000172,2022-08-24,2022-10-08,143264.8,Logistics,Northeast,NT45,High,CLEARED,11.872456925178872,45,3,2,10.857142857142858,0.8571428571428571,14,129400.05428571429,8,3,2,0,13.333333333333334,2.4761904761904763,248872.63,1.1071463670615813,1811600.76,0.15985015336832742,45,0,0,15.581455831070565,202208,1.0,20.0
1800002749,C000144,2022-08-24,2022-10-23,58252.6,Construction,Midwest,NT60,High,CLEARED,10.972561172093354,60,0,1,2.5,0.6666666666666666,12,131965.95333333334,8,3,2,0,4.666666666666667,2.166666666666667,232345.82,0.44142143127522837,1583591.44,0.05751067320835444,60,0,0,15.581455831070565,202208,0.0,0.0
1800001551,C000158,2022-08-24,2022-10-08,109310.74,Logistics,International,NT45,High,CLEARED,11.601959079192477,45,3,0,1.8461538461538463,0.5384615384615384,13,146859.93692307692,8,3,2,0,0.6666666666666666,-1.1794871794871797,246168.57,0.7443196714516864,1909179.18,0.12707504760166974,45,0,0,15.581455831070565,202208,1.0,6.0
1800004264,C000173,2022-08-24,2022-09-07,86617.91,Manufacturing,West,NT14,High,CLEARED,11.369273430990528,14,4,4,2.8461538461538463,0.8461538461538461,13,85330.14,8,3,2,0,4.0,1.1538461538461537,182042.8,1.0150916194441963,1109291.82,0.136630175024291,14,0,0,15.581455831070565,202208,0.0,0.0
1800001673,C000172,2022-08-24,2022-10-08,55483.43,Logistics,Northeast,NT45,High,CLEARED,10.923857719835127,45,3,2,10.076923076923077,0.8461538461538461,13,135085.94846153847,8,3,2,0,8.666666666666666,-1.4102564102564106,248872.63,0.4107268789380946,1756117.33,0.06190658692784871,45,0,0,15.581455831070565,202208,1.0,21.0
1800003227,C000091,2022-08-24,2022-10-08,76899.89,Healthcare,International,NT45,High,CLEARED,11.250272728898805,45,2,0,15.333333333333334,1.0,6,132125.905,8,3,2,0,13.333333333333334,-2.0,242446.48,0.5820197787859996,792755.43,0.14887804166356988,45,0,0,15.581455831070565,202208,1.0,12.0
1800000256,C000151,2022-08-24,2022-10-23,149165.27,Energy,International,NT60,High,CLEARED,11.912816868807525,60,1,0,12.7,1.0,10,118669.897,8,3,2,0,11.666666666666666,-1.0333333333333332,230077.27,1.2569764849463043,1186698.97,0.6727744787715488,60,0,0,15.581455831070565,202208,1.0,1.0
1800001619,C000086,2022-08-24,2022-09-07,155174.96,Manufacturing,West,NT14,Medium,CLEARED,11.952314977826275,14,4,4,-0.4,0.4,5,111673.91799999999,8,3,2,0,-1.0,-0.6,216958.3,1.3895362747100894,558369.59,0.09590457122187715,14,0,0,15.581455831070565,202208,1.0,1.0
1800004703,C000159,2022-08-25,2022-10-24,5957.28,Healthcare,Northeast,NT60,High,CLEARED,8.692537127805087,60,2,2,1.9090909090909092,0.6363636363636364,11,139310.9381818182,8,3,3,0,2.0,0.09090909090909083,236351.84,0.04276247133032012,1532420.32,0.017940813097135674,60,1,0,15.581455831070565,202208,1.0,1.0
1800003545,C000111,2022-08-25,2022-09-08,84442.3,Energy,International,NT14,High,CLEARED,11.343835582202878,14,1,0,12.357142857142858,1.0,14,146157.53785714286,8,3,3,0,13.0,0.6428571428571423,244079.76,0.577748511900464,2046205.53,0.07755159067673428,14,1,0,15.581455831070565,202208,0.0,-4.0
1800004012,C000178,2022-08-26,2022-09-09,209270.35,Retail,West,NT14,Medium,CLEARED,12.251387014210229,14,5,4,2.0,0.5,14,92507.03642857143,8,3,4,0,0.6666666666666666,-1.3333333333333335,205599.66,2.2622100769770785,1295098.51,0.18754069091624295,14,1,0,15.581455831070565,202208,1.0,2.0
1800003646,C000169,2022-08-26,2022-09-25,114440.46,Healthcare,South,NT30,High,CLEARED,11.647818704859668,30,2,3,1.8181818181818181,0.6363636363636364,11,96485.82272727274,8,3,4,0,-0.6666666666666666,-2.484848484848485,216206.29,1.1860857560750446,1061344.05,0.16113962372641036,30,1,0,15.581455831070565,202208,0.0,0.0
1800004860,C000057,2022-08-27,2022-09-26,173562.87,Manufacturing,Midwest,NT30,Medium,CLEARED,12.064300937428158,30,4,1,1.4666666666666666,0.4666666666666667,15,113542.572,8,3,5,0,0.0,-1.4666666666666666,240567.15,1.5286149233963098,1703138.58,0.13488321658232252,30,1,0,15.581455831070565,202208,1.0,1.0
1800000835,C000175,2022-08-27,2022-11-25,182236.68,Construction,West,NT90,High,CLEARED,12.113067048134656,90,0,4,2.1,0.8,10,106451.48399999998,8,3,5,0,-0.6666666666666666,-2.7666666666666666,209031.8,1.711922400255125,1064514.8399999999,0.11422539707697124,90,1,0,15.581455831070565,202208,1.0,1.0
1800004981,C000176,2022-08-28,2022-09-11,166714.55,Healthcare,International,NT14,High,CLEARED,12.024044345732182,14,2,0,1.5555555555555556,0.5555555555555556,9,86214.74444444446,8,3,6,0,3.3333333333333335,1.777777777777778,176452.64,1.9337127433861205,775932.7000000001,0.1206230017047166,14,1,0,15.581455831070565,202208,1.0,4.0
1800002900,C000026,2022-08-28,2022-10-12,209790.93,Manufacturing,Midwest,NT45,High,CLEARED,12.253871508999572,45,4,1,2.0,0.6923076923076923,13,128227.8476923077,8,3,6,0,1.6666666666666667,-0.33333333333333326,236806.85,1.6360793211113471,1666962.02,0.4036772896558456,45,1,0,15.581455831070565,202208,0.0,0.0
1800003092,C000142,2022-08-29,2022-10-13,232622.55,Energy,Northeast,NT45,High,CLEARED,12.357176760717172,45,1,2,11.76923076923077,0.9230769230769231,13,135367.10384615386,8,3,0,0,8.0,-3.76923076923077,245566.0,1.7184570208754557,1759772.35,0.6227356410974676,45,1,1,15.581455831070565,202208,1.0,15.0
1800000322,C000039,2022-08-30,2022-09-29,56287.46,Manufacturing,West,NT30,High,CLEARED,10.938244819760856,30,4,4,1.75,0.5833333333333334,12,143314.98666666666,8,3,1,0,2.3333333333333335,0.5833333333333335,241789.09,0.39275348174798935,1719779.8399999999,0.059117737651872566,30,1,0,15.581455831070565,202208,1.0,2.0
1800001864,C000098,2022-08-30,2022-09-29,230287.91,Manufacturing,West,NT30,High,CLEARED,12.347089930068327,30,4,4,11.076923076923077,1.0,13,132620.14923076922,8,3,1,0,10.666666666666666,-0.4102564102564106,247663.32,1.7364473749707625,1724061.94,0.25590953417518986,30,1,0,15.581455831070565,202208,1.0,8.0
1800003852,C000048,2022-08-31,2022-09-14,231878.41,Manufacturing,International,NT14,High,CLEARED,12.353972731030904,14,4,0,2.0,0.6,10,142045.562,8,3,2,0,0.6666666666666666,-1.3333333333333335,223638.39,1.6324227715048218,1420455.62,0.19174401882193629,14,1,0,15.581455831070565,202208,0.0,0.0
1800003958,C000112,2022-08-31,2022-09-14,96656.76,Logistics,International,NT14,High,CLEARED,11.478931771118553,14,3,0,9.0,0.7692307692307693,13,184670.3076923077,8,3,2,0,8.0,-1.0,242663.76,0.5234017379829501,2400714.0,1.2944230939463135,14,1,0,15.581455831070565,202208,1.0,12.0
1800003601,C000087,2022-08-31,2022-10-30,233152.0,Construction,South,NT60,High,CLEARED,12.359450169406527,60,0,3,9.25,0.75,8,142107.3525,8,3,2,0,13.666666666666666,4.416666666666666,236206.27,1.6406751367773176,1136858.82,0.12677736025134448,60,1,0,15.581455831070565,202208,1.0,4.0
1800002688,C000173,2022-08-31,2022-09-14,16956.03,Manufacturing,West,NT14,High,CLEARED,9.738437776086432,14,4,4,2.642857142857143,0.7857142857142857,14,85422.12357142857,8,3,2,0,4.0,1.3571428571428572,182042.8,0.1984969383935023,1195909.73,0.026746262367876677,14,1,0,15.581455831070565,202208,0.0,-3.0
1800001399,C000126,2022-08-31,2022-09-30,172928.54,Manufacturing,Northeast,NT30,High,CLEARED,12.060639507280577,30,4,2,13.625,1.0,8,115385.13875,8,3,2,0,15.333333333333334,1.708333333333334,193186.92,1.4987072154471888,923081.11,0.17393960745322373,30,1,0,15.581455831070565,202208,1.0,7.0
1800004944,C000092,2022-09-01,2022-10-16,21184.75,Retail,Northeast,NT45,Medium,CLEARED,9.961084064841373,45,5,2,1.3125,0.4375,16,159541.06125,9,3,3,1,2.0,0.6875,244604.99,0.13278556525836072,2552656.98,0.0314578127858949,45,0,0,16.36440081401556,202209,1.0,6.0
1800002817,C000014,2022-09-01,2022-10-16,144397.29,Manufacturing,South,NT45,Medium,CLEARED,11.880330663265482,45,4,3,0.7777777777777778,0.4444444444444444,9,149515.62555555554,9,3,3,1,0.6666666666666666,-0.11111111111111116,247283.58,0.965767219736818,1345640.63,0.089142971842065,45,0,0,16.36440081401556,202209,0.0,0.0
1800001639,C000014,2022-09-01,2022-10-16,45774.15,Manufacturing,South,NT45,Medium,CLEARED,10.731496646435213,45,4,3,0.875,0.5,8,162483.31,9,3,3,1,0.6666666666666666,-0.20833333333333337,247283.58,0.2817160113244862,1299866.48,0.028258451142292626,45,0,0,16.36440081401556,202209,0.0,0.0
1800001203,C000007,2022-09-01,2022-11-30,47553.0,Energy,Midwest,NT90,High,CLEARED,10.769621186412348,90,1,1,7.0,0.75,12,83741.82583333332,9,3,3,1,0.6666666666666666,-6.333333333333333,200066.13,0.5678524384534209,1004901.9099999999,0.05027389775169014,90,0,0,16.36440081401556,202209,1.0,12.0
1800004894,C000096,2022-09-01,2022-11-30,231633.02,Healthcare,West,NT90,High,CLEARED,12.352913905085233,90,2,4,1.8571428571428572,0.5714285714285714,7,126538.75,9,3,3,1,2.6666666666666665,0.8095238095238093,246127.58,1.830530331617785,885771.25,0.12266448616258259,90,0,0,16.36440081401556,202209,1.0,3.0
1800002933,C000122,2022-09-01,2022-09-15,119789.7,Manufacturing,Midwest,NT14,High,CLEARED,11.693501332267866,14,4,1,14.0,1.0,8,114585.9575,9,3,3,1,15.666666666666666,1.666666666666666,225444.56,1.0454134399496553,916687.66,0.08562615344789806,14,0,0,16.36440081401556,202209,1.0,2.0
1800001076,C000022,2022-09-01,2022-10-16,226396.69,Energy,Midwest,NT45,High,CLEARED,12.3300484220789,45,1,1,25.428571428571427,1.0,7,137920.81857142856,9,3,3,1,26.333333333333332,0.9047619047619051,225983.05,1.6414975806045566,965445.73,0.25217046874898363,45,0,0,16.36440081401556,202209,1.0,34.0
1800001547,C000093,2022-09-02,2022-10-02,24798.67,Manufacturing,Northeast,NT30,High,CLEARED,10.118585625612928,30,4,2,2.7142857142857144,0.8571428571428571,14,135686.4342857143,9,3,4,1,4.333333333333333,1.6190476190476186,245348.3,0.1827645492384416,1899610.08,0.017672913595135436,30,0,0,16.36440081401556,202209,1.0,1.0
1800001929,C000167,2022-09-02,2022-09-16,161042.34,Construction,Northeast,NT14,High,CLEARED,11.98942880028737,14,0,2,2.090909090909091,0.6363636363636364,11,152800.3118181818,9,3,4,1,2.3333333333333335,0.24242424242424265,237201.79,1.0539398649370915,1680803.43,0.23092160226577488,14,0,0,16.36440081401556,202209,1.0,2.0
1800002345,C000136,2022-09-02,2022-11-01,83310.13,Construction,Midwest,NT60,High,CLEARED,11.330337432674831,60,0,1,13.38888888888889,0.9444444444444444,18,133853.63777777777,9,3,4,1,12.666666666666666,-0.7222222222222232,236301.93,0.6223972047611475,2409365.48,0.49752512838379714,60,0,0,16.36440081401556,202209,1.0,5.0
1800001991,C000149,2022-09-02,2022-09-16,77464.23,Retail,West,NT14,High,CLEARED,11.257584469508796,14,5,4,2.0,0.5555555555555556,9,141006.18000000002,9,3,4,1,2.3333333333333335,0.3333333333333335,226421.25,0.5493676234616098,1269055.62,0.1106708741780161,14,0,0,16.36440081401556,202209,1.0,2.0
1800002539,C000091,2022-09-02,2022-10-17,52486.74,Healthcare,International,NT45,High,CLEARED,10.868334897499262,45,2,0,14.857142857142858,1.0,7,124236.4742857143,9,3,4,1,12.666666666666666,-2.1904761904761916,242446.48,0.42247448103922364,869655.3200000001,0.10161422941573726,45,0,0,16.36440081401556,202209,1.0,6.0
1800000470,C000030,2022-09-03,2022-10-03,224771.08,Healthcare,Midwest,NT30,High,CLEARED,12.322842190000047,30,2,1,31.0,1.0,13,134015.98,9,3,5,1,31.666666666666668,0.6666666666666679,245918.44,1.67719610750897,1742207.74,0.17063503248908962,30,0,0,16.36440081401556,202209,1.0,59.0
1800002756,C000023,2022-09-03,2022-10-18,19931.18,Manufacturing,International,NT45,High,CLEARED,9.900090790064914,45,4,0,2.272727272727273,0.8181818181818182,11,119280.74909090908,9,3,5,1,2.0,-0.27272727272727293,249683.32,0.16709469174115912,1312088.24,0.010893591711115728,45,0,0,16.36440081401556,202209,1.0,6.0
1800001377,C000075,2022-09-03,2022-10-18,248242.1,Retail,International,NT45,High,CLEARED,12.42216378695921,45,5,0,14.416666666666666,1.0,12,129285.9925,9,3,5,1,17.666666666666668,3.2500000000000018,240982.94,1.9201005089549823,1551431.91,0.14571364036952159,45,0,0,16.36440081401556,202209,1.0,8.0
1800004818,C000099,2022-09-03,2022-10-18,221201.02,Logistics,West,NT45,High,CLEARED,12.306831680595854,45,3,4,2.0952380952380953,0.7619047619047619,21,118305.85285714286,9,3,5,1,3.6666666666666665,1.5714285714285712,245026.79,1.8697386025956424,2484422.91,0.13096675446766864,45,0,0,16.36440081401556,202209,0.0,0.0
1800000083,C000057,2022-09-04,2022-10-04,24214.3,Manufacturing,Midwest,NT30,Medium,CLEARED,10.094739943775659,30,4,1,1.4375,0.5,16,117293.840625,9,3,6,1,0.0,-1.4375,240567.15,0.20644136018544665,1876701.45,0.01881798031623545,30,0,0,16.36440081401556,202209,1.0,1.0
1800000710,C000070,2022-09-04,2022-12-03,119884.68,Energy,Midwest,NT90,Medium,CLEARED,11.694293901022217,90,1,1,0.8666666666666667,0.3333333333333333,15,142494.20200000002,9,3,6,1,0.6666666666666666,-0.20000000000000007,243557.77,0.8413302318083088,2137413.0300000003,0.06810759238776817,90,0,0,16.36440081401556,202209,1.0,5.0
1800003321,C000063,2022-09-04,2022-09-18,131427.57,Manufacturing,Midwest,NT14,High,CLEARED,11.786218789100344,14,4,1,8.466666666666667,1.0,15,116615.68466666667,9,3,6,1,4.666666666666667,-3.8,234352.78,1.1270145210369558,1749235.27,0.24493428313856913,14,0,0,16.36440081401556,202209,0.0,0.0
1800002491,C000177,2022-09-04,2022-12-03,183510.23,Manufacturing,Northeast,NT90,High,CLEARED,12.120031143514266,90,4,2,4.285714285714286,0.8571428571428571,7,105845.44428571429,9,3,6,1,3.6666666666666665,-0.6190476190476191,165381.02,1.7337565280999814,740918.11,0.14182567446154054,90,0,0,16.36440081401556,202209,0.0,-3.0
1800003654,C000159,2022-09-05,2022-11-04,166629.97,Healthcare,Northeast,NT60,High,CLEARED,12.023536885796407,60,2,2,1.8333333333333333,0.6666666666666666,12,128198.13333333335,9,3,0,1,2.3333333333333335,0.5000000000000002,236351.84,1.2997846822522636,1538377.6,0.5018191436614234,60,0,1,16.36440081401556,202209,0.0,0.0
1800001009,C000025,2022-09-05,2022-12-04,53642.85,Energy,International,NT90,High,CLEARED,10.890122109614857,90,1,0,11.75,0.9166666666666666,12,127867.74166666665,9,3,0,1,3.6666666666666665,-8.083333333333334,227686.87,0.41951824049445885,1534412.9,0.07864317702376047,90,0,1,16.36440081401556,202209,0.0,0.0
1800004521,C000093,2022-09-06,2022-10-06,149145.25,Manufacturing,Northeast,NT30,High,CLEARED,11.912682647152797,30,4,2,2.6,0.8666666666666667,15,128293.91666666667,9,3,1,1,2.3333333333333335,-0.2666666666666666,245348.3,1.1625278413434776,1924408.75,0.10628921294468105,30,0,0,16.36440081401556,202209,0.0,0.0
1800003876,C000031,2022-09-06,2022-12-05,3978.39,Energy,West,NT90,High,CLEARED,8.28888382020034,90,1,4,0.0,0.6,5,129808.86000000002,9,3,1,1,-0.3333333333333333,-0.3333333333333333,246421.28,0.03064806208143265,649044.3,0.008149769642035874,90,0,0,16.36440081401556,202209,1.0,1.0
1800004047,C000038,2022-09-06,2022-11-05,87615.54,Energy,Midwest,NT60,High,CLEARED,11.38072507188698,60,1,1,1.6666666666666667,0.5833333333333334,12,124523.9325,9,3,1,1,0.0,-1.6666666666666667,243122.55,0.7036040240698309,1494287.19,0.20683523990898595,60,0,0,16.36440081401556,202209,0.0,0.0
1800003896,C000129,2022-09-07,2022-09-21,234109.33,Construction,South,NT14,High,CLEARED,12.36354777894715,14,0,3,2.75,0.8333333333333334,12,126074.81416666666,9,3,2,1,4.666666666666667,1.916666666666667,217576.84,1.8569079918731057,1512897.77,0.1660392345358738,14,0,0,16.36440081401556,202209,1.0,3.0
1800001657,C000164,2022-09-07,2022-11-06,44848.99,Manufacturing,Midwest,NT60,High,CLEARED,10.711078644521477,60,4,1,4.0,0.75,8,169117.49,9,3,2,1,0.6666666666666666,-3.3333333333333335,225129.53,0.26519427411085633,1352939.92,0.08697213247342815,60,0,0,16.36440081401556,202209,0.0,0.0
1800003326,C000152,2022-09-08,2022-09-22,229360.92,Construction,West,NT14,High,CLEARED,12.343056471641852,14,0,4,1.5,0.6,10,128537.58899999999,9,3,3,1,0.0,-1.5,241179.08,1.7843879116170447,1285375.89,0.17213631180893818,14,0,0,16.36440081401556,202209,0.0,-1.0
1800002638,C000197,2022-09-08,2022-10-08,190623.27,Healthcare,West,NT30,High,CLEARED,12.158059596828284,30,2,4,24.8,0.9333333333333333,15,108750.47066666668,9,3,3,1,24.333333333333332,-0.46666666666666856,244520.22,1.7528500688910427,1631257.06,0.14042766407582735,30,0,0,16.36440081401556,202209,1.0,28.0
1800003274,C000122,2022-09-08,2022-09-22,95794.6,Manufacturing,Midwest,NT14,High,CLEARED,11.469972033885393,14,4,1,12.666666666666666,1.0,9,115164.1511111111,9,3,3,1,8.333333333333334,-4.333333333333332,225444.56,0.8318091964883827,1036477.36,0.06847436064269312,14,0,0,16.36440081401556,202209,1.0,16.0
1800002068,C000129,2022-09-08,2022-09-22,64691.5,Construction,South,NT14,High,CLEARED,11.077400554140736,14,0,3,2.769230769230769,0.8461538461538461,13,134385.1615384615,9,3,3,1,4.666666666666667,1.8974358974358978,234109.33,0.48138871330288246,1747007.0999999999,0.045881670504022545,14,0,0,16.36440081401556,202209,1.0,4.0
1800002730,C000106,2022-09-08,2022-10-08,19024.11,Healthcare,Northeast,NT30,High,CLEARED,9.853514964579137,30,2,2,11.6,1.0,10,107577.51100000001,9,3,3,1,14.0,2.4000000000000004,242710.29,0.17684095702864885,1075775.11,0.06967022049633008,30,0,0,16.36440081401556,202209,1.0,9.0
1800004537,C000159,2022-09-09,2022-11-08,192231.89,Healthcare,Northeast,NT60,High,CLEARED,12.166462884707661,60,2,2,1.6923076923076923,0.6153846153846154,13,131154.42846153845,9,3,4,1,2.3333333333333335,0.6410256410256412,236351.84,1.465691187517719,1705007.57,0.5789213214418568,60,0,0,16.36440081401556,202209,1.0,4.0
1800003762,C000121,2022-09-09,2022-10-09,144906.69,Logistics,West,NT30,High,CLEARED,11.88385219798406,30,3,4,11.333333333333334,1.0,12,152224.34916666665,9,3,4,1,10.0,-1.333333333333334,238023.15,0.951928458182109,1826692.19,0.1438848771563862,30,0,0,16.36440081401556,202209,1.0,11.0
1800000923,C000192,2022-09-09,2022-11-08,133878.88,Logistics,Midwest,NT60,High,CLEARED,11.804698258999794,60,3,1,2.736842105263158,0.6842105263157895,19,143562.08684210526,9,3,4,1,3.3333333333333335,0.5964912280701755,237613.27,0.9325503894858035,2727679.65,0.09836335829920778,60,0,0,16.36440081401556,202209,1.0,2.0
1800001696,C000035,2022-09-09,2022-12-08,198168.79,Healthcare,International,NT90,High,CLEARED,12.196879467464477,90,2,0,1.0454545454545454,0.5454545454545454,22,98072.6690909091,9,3,4,1,-0.3333333333333333,-1.3787878787878787,214743.13,2.0206321683394397,2157598.72,0.12542265928445878,90,0,0,16.36440081401556,202209,0.0,0.0
1800004239,C000151,2022-09-09,2022-11-08,76716.5,Energy,International,NT60,High,CLEARED,11.247885122999271,60,1,0,11.636363636363637,1.0,11,121442.20363636363,9,3,4,1,6.0,-5.636363636363637,230077.27,0.6317120218743186,1335864.24,0.34601153003428703,60,0,0,16.36440081401556,202209,1.0,15.0
1800003883,C000108,2022-09-10,2022-09-24,234687.86,Retail,Northeast,NT14,High,CLEARED,12.36601591586388,14,5,2,26.7,0.9,10,121271.081,9,3,5,1,34.666666666666664,7.966666666666665,231539.59,1.935233512101702,1212710.81,0.19915210783370757,14,0,0,16.36440081401556,202209,1.0,41.0
1800003915,C000058,2022-09-10,2022-11-09,45432.1,Energy,Midwest,NT60,Medium,CLEARED,10.723996193273319,60,1,1,0.2727272727272727,0.45454545454545453,11,149011.16272727272,9,3,5,1,0.3333333333333333,0.06060606060606061,242563.82,0.30489058113821965,1639122.79,0.03530476366845683,60,0,0,16.36440081401556,202209,0.0,-2.0
1800000399,C000181,2022-09-11,2022-11-10,129330.51,Retail,International,NT60,High,CLEARED,11.77013423189978,60,5,0,2.0833333333333335,0.75,12,134678.68000000002,9,3,6,1,-0.6666666666666666,-2.75,236792.42,0.9602894088359046,1616144.1600000001,0.20628482448297886,60,0,0,16.36440081401556,202209,0.0,-3.0
1800003628,C000112,2022-09-11,2022-09-25,33388.43,Logistics,International,NT14,High,CLEARED,10.415994661812654,14,3,0,9.214285714285714,0.7857142857142857,14,178383.6257142857,9,3,6,1,9.0,-0.21428571428571352,242663.76,0.187172056102715,2497370.76,0.44713639131510213,14,0,0,16.36440081401556,202209,1.0,20.0
1800001245,C000079,2022-09-11,2022-10-26,171489.47,Manufacturing,Midwest,NT45,High,CLEARED,12.052282975531025,45,4,1,14.666666666666666,1.0,6,128809.67333333334,9,3,6,1,15.333333333333334,0.6666666666666679,198680.88,1.3313399961524628,772858.04,0.10838468581151849,45,0,0,16.36440081401556,202209,0.0,0.0
1800004314,C000053,2022-09-11,2022-10-26,93037.86,Manufacturing,South,NT45,Medium,CLEARED,11.440772534322983,45,4,3,0.75,0.5,8,139688.3425,9,3,6,1,2.0,1.25,212445.82,0.6660388285443362,1117506.74,0.1535974196624837,45,0,0,16.36440081401556,202209,0.0,-3.0
1800000008,C000143,2022-09-11,2022-12-10,114224.62,Healthcare,Midwest,NT90,High,CLEARED,11.645930894300305,90,2,1,1.5555555555555556,0.5555555555555556,9,130277.73333333334,9,3,6,1,0.0,-1.5555555555555556,248806.66,0.8767777660649094,1172499.6,0.1184950586799649,90,0,0,16.36440081401556,202209,0.0,0.0
1800000049,C000012,2022-09-11,2022-09-25,241042.52,Logistics,International,NT14,High,CLEARED,12.392732777082884,14,3,0,1.5833333333333333,0.6666666666666666,12,120885.39416666667,9,3,6,1,3.6666666666666665,2.083333333333333,248588.91,1.9939755473491756,1450624.73,0.22082130374891362,14,0,0,16.36440081401556,202209,0.0,0.0
1800004171,C000010,2022-09-12,2022-10-27,184204.44,Manufacturing,South,NT45,High,CLEARED,12.123806935483428,45,4,3,11.4,0.8666666666666667,15,120165.94133333332,9,3,0,1,10.0,-1.4000000000000004,241660.56,1.5329172139469005,1802489.1199999999,0.23280295560114833,45,0,1,16.36440081401556,202209,1.0,20.0
1800001441,C000043,2022-09-12,2022-11-11,134561.15,Healthcare,Midwest,NT60,High,CLEARED,11.809781453081506,60,2,1,1.6153846153846154,0.6923076923076923,13,111701.00615384616,9,3,0,1,2.0,0.3846153846153846,204121.46,1.2046547711008841,1452113.08,0.07020205456117987,60,0,1,16.36440081401556,202209,1.0,2.0
1800002689,C000049,2022-09-12,2022-11-11,56220.79,Construction,International,NT60,High,CLEARED,10.937059683156797,60,0,0,13.666666666666666,0.8888888888888888,9,139180.72,9,3,0,1,10.333333333333334,-3.333333333333332,239827.83,0.4039409337730111,1252626.48,0.08429899964193671,60,0,1,16.36440081401556,202209,1.0,14.0
1800002790,C000031,2022-09-12,2022-12-11,200018.21,Energy,West,NT90,High,CLEARED,12.206168690917668,90,1,4,0.16666666666666666,0.6666666666666666,6,108837.11499999999,9,3,0,1,-0.6666666666666666,-0.8333333333333333,246421.28,1.8377757440556928,653022.69,0.4097391999558505,90,0,1,16.36440081401556,202209,1.0,3.0
1800004160,C000081,2022-09-13,2022-10-13,18603.95,Retail,South,NT30,High,CLEARED,9.8311829533275,30,5,3,2.0714285714285716,0.5714285714285714,14,140942.48642857143,9,3,1,1,4.0,1.9285714285714284,245372.05,0.13199674896773117,1973194.81,0.01383692281360822,30,0,0,16.36440081401556,202209,1.0,6.0
1800003383,C000116,2022-09-13,2022-10-28,148857.64,Manufacturing,Midwest,NT45,High,CLEARED,11.910752409771133,45,4,1,10.647058823529411,0.8823529411764706,17,138395.7405882353,9,3,1,1,5.666666666666667,-4.980392156862744,207844.11,1.0755940852463928,2352727.59,0.25064002532773944,45,0,0,16.36440081401556,202209,1.0,24.0
1800002213,C000175,2022-09-14,2022-12-13,114160.54,Construction,West,NT90,High,CLEARED,11.645369741898554,90,0,4,2.0,0.8181818181818182,11,113341.04727272727,9,3,2,1,-0.6666666666666666,-2.6666666666666665,209031.8,1.0072303260556683,1246751.52,0.07155547945683305,90,0,0,16.36440081401556,202209,1.0,2.0
1800002590,C000041,2022-09-14,2022-09-28,150240.02,Manufacturing,South,NT14,High,CLEARED,11.919996083556423,14,4,3,24.4,1.0,5,158524.88999999998,9,3,2,1,28.0,3.6000000000000014,233510.12,0.9477377338031902,792624.45,0.17832486482225715,14,0,0,16.36440081401556,202209,1.0,32.0
1800003412,C000174,2022-09-14,2022-10-29,234522.77,Retail,South,NT45,High,CLEARED,12.36531222633697,45,5,3,3.375,1.0,8,117351.4625,9,3,2,1,3.0,-0.375,233163.08,1.9984648252679424,938811.7,0.3003082579454586,45,0,0,16.36440081401556,202209,1.0,1.0
1800004276,C000098,2022-09-14,2022-10-14,83488.88,Manufacturing,West,NT30,High,CLEARED,11.332480705889134,30,4,4,10.857142857142858,1.0,14,139596.41785714286,9,3,2,1,9.0,-1.8571428571428577,247663.32,0.5980732262445232,1954349.85,0.09277777712954331,30,0,0,16.36440081401556,202209,1.0,15.0
1800002134,C000133,2022-09-14,2022-10-14,100793.6,Construction,Northeast,NT30,High,CLEARED,11.520840061755834,30,0,2,7.3076923076923075,0.8461538461538461,13,119255.75923076922,9,3,2,1,7.0,-0.3076923076923075,223979.88,0.8451885313560119,1550324.8699999999,0.46641512276774616,30,0,0,16.36440081401556,202209,1.0,29.0
1800004253,C000044,2022-09-14,2022-12-13,173521.96,Manufacturing,West,NT90,High,CLEARED,12.064065203907589,90,4,4,25.3,0.9,10,138961.711,9,3,2,1,27.666666666666668,2.366666666666667,243770.4,1.2487033928360307,1389617.11,0.27605378508068323,90,0,0,16.36440081401556,202209,1.0,37.0
1800001665,C000133,2022-09-15,2022-10-15,141214.11,Construction,Northeast,NT30,High,CLEARED,11.858039609647419,30,0,2,8.857142857142858,0.8571428571428571,14,117937.03357142858,9,3,3,1,12.666666666666666,3.8095238095238084,223979.88,1.1973686782148345,1651118.47,0.6534581208746191,30,0,0,16.36440081401556,202209,1.0,9.0
1800003362,C000093,2022-09-15,2022-10-15,191370.17,Manufacturing,Northeast,NT30,High,CLEARED,12.161970119696363,30,4,2,2.4375,0.8125,16,129597.125,9,3,3,1,1.3333333333333333,-1.1041666666666667,245348.3,1.4766544396721766,2073554.0,0.13638104297917508,30,0,0,16.36440081401556,202209,0.0,0.0
1800004196,C000113,2022-09-15,2022-11-14,70009.19,Healthcare,South,NT60,High,CLEARED,11.156396081865575,60,2,3,0.9230769230769231,0.5384615384615384,13,90751.48,9,3,3,1,0.0,-0.9230769230769231,245331.65,0.7714385484402018,1179769.24,0.0542963245220829,60,0,0,16.36440081401556,202209,1.0,3.0
1800000802,C000034,2022-09-16,2022-10-16,128083.46,Logistics,Midwest,NT30,High,CLEARED,11.760445169050584,30,3,1,1.6923076923076923,0.5384615384615384,13,101046.48846153845,9,3,4,1,2.6666666666666665,0.9743589743589742,165843.04,1.267569630079255,1313604.3499999999,0.2738219927635386,30,0,0,16.36440081401556,202209,1.0,1.0
1800001766,C000107,2022-09-16,2022-11-15,52182.07,Retail,Midwest,NT60,High,CLEARED,10.862513391762628,60,5,1,27.9375,1.0,16,139663.55000000002,9,3,4,1,26.666666666666668,-1.2708333333333321,229510.32,0.3736269771175084,2234616.8000000003,0.04237309131229772,60,0,0,16.36440081401556,202209,1.0,57.0
1800002968,C000026,2022-09-16,2022-10-31,26466.1,Manufacturing,Midwest,NT45,High,CLEARED,10.183657731229054,45,4,1,1.8571428571428572,0.6428571428571429,14,134053.78214285715,9,3,4,1,1.6666666666666667,-0.19047619047619047,236806.85,0.19742896900734855,1876752.95,0.05092576459697555,45,0,0,16.36440081401556,202209,1.0,4.0
1800002196,C000078,2022-09-16,2022-10-16,112319.96,Construction,International,NT30,High,CLEARED,11.62911576623166,30,0,0,15.0,1.0,9,145241.11333333334,9,3,4,1,13.0,-2.0,215622.24,0.7733344741183706,1307170.02,0.13342093757748594,30,0,0,16.36440081401556,202209,1.0,58.0
1800002506,C000063,2022-09-16,2022-09-30,8767.36,Manufacturing,Midwest,NT14,High,CLEARED,9.078905066739084,14,4,1,7.9375,0.9375,16,117541.4275,9,3,4,1,3.6666666666666665,-4.270833333333334,234352.78,0.07458953142286791,1880662.84,0.016339243254803886,14,0,0,16.36440081401556,202209,1.0,11.0
1800002864,C000065,2022-09-16,2022-10-16,85009.69,Healthcare,Northeast,NT30,High,CLEARED,11.350532292270618,30,2,2,28.636363636363637,0.9090909090909091,11,136937.66090909092,9,3,4,1,24.0,-4.636363636363637,249901.83,0.6207911646485298,1506314.27,0.21265538552540744,30,0,0,16.36440081401556,202209,1.0,37.0
1800002175,C000122,2022-09-17,2022-10-01,169397.6,Manufacturing,Midwest,NT14,High,CLEARED,12.04000979670313,14,4,1,13.0,1.0,10,113227.196,9,3,5,1,11.333333333333334,-1.666666666666666,225444.56,1.4960857990336527,1132271.96,0.12108607744493606,14,0,0,16.36440081401556,202209,1.0,8.0
1800001349,C000144,2022-09-17,2022-11-16,93589.1,Construction,Midwest,NT60,High,CLEARED,11.446679887640954,60,0,1,2.142857142857143,0.5714285714285714,14,120274.54642857143,9,3,5,1,3.3333333333333335,1.1904761904761907,232345.82,0.7781288957558501,1683843.65,0.09239711439427606,60,0,0,16.36440081401556,202209,1.0,4.0
1800000054,C000080,2022-09-17,2022-11-01,227515.51,Healthcare,West,NT45,High,CLEARED,12.334978086168535,45,2,4,16.333333333333332,1.0,9,110592.62666666666,9,3,5,1,18.0,1.6666666666666679,213986.05,2.0572394096918094,995333.64,0.166376589053196,45,0,0,16.36440081401556,202209,1.0,10.0
1800000511,C000144,2022-09-17,2022-11-16,41999.61,Construction,Midwest,NT60,High,CLEARED,10.64543942096956,60,0,1,2.3076923076923075,0.6153846153846154,13,126295.69538461539,9,3,5,1,3.3333333333333335,1.025641025641026,232345.82,0.3325498139275153,1641844.04,0.04146468733736065,60,0,0,16.36440081401556,202209,0.0,0.0
1800004779,C000152,2022-09-17,2022-10-01,103827.37,Construction,West,NT14,High,CLEARED,11.550494526435951,14,0,4,1.2727272727272727,0.5454545454545454,11,137703.34636363637,9,3,5,1,0.0,-1.2727272727272727,241179.08,0.7539930781770596,1514736.81,0.07792286731594027,14,0,0,16.36440081401556,202209,1.0,4.0
1800001807,C000090,2022-09-18,2022-11-17,204782.9,Logistics,Northeast,NT60,High,CLEARED,12.229710555776053,60,3,2,28.333333333333332,1.0,9,158473.20444444445,9,3,6,1,26.0,-2.333333333333332,249899.17,1.2922241379411887,1426258.84,0.2207578116602478,60,0,0,16.36440081401556,202209,1.0,19.0
1800000823,C000075,2022-09-18,2022-11-02,161824.32,Retail,International,NT45,High,CLEARED,11.994272760856527,45,5,0,13.923076923076923,1.0,13,138436.4623076923,9,3,6,1,12.666666666666666,-1.2564102564102573,248242.1,1.1689429020536892,1799674.01,0.09498796041252625,45,0,0,16.36440081401556,202209,1.0,15.0
1800002542,C000187,2022-09-18,2022-11-02,114206.22,Manufacturing,West,NT45,High,CLEARED,11.645769796622407,45,4,4,22.714285714285715,1.0,7,123077.81714285714,9,3,6,1,14.666666666666666,-8.04761904761905,240348.44,0.9279187968327403,861544.72,0.37114693202508675,45,0,0,16.36440081401556,202209,1.0,11.0
1800000114,C000061,2022-09-18,2022-10-18,45923.6,Energy,International,NT30,Medium,CLEARED,10.734756200192374,30,1,0,0.6923076923076923,0.46153846153846156,13,116605.0723076923,9,3,6,1,3.6666666666666665,2.9743589743589745,247291.55,0.3938387849785714,1515865.94,0.0387248890319971,30,0,0,16.36440081401556,202209,1.0,2.0
1800003124,C000045,2022-09-18,2022-12-17,45918.74,Energy,International,NT90,High,CLEARED,10.734650368956514,90,1,0,24.857142857142858,1.0,7,170719.08857142858,9,3,6,1,35.666666666666664,10.809523809523807,241835.25,0.26897249970256065,1195033.62,0.06941300173244006,90,0,0,16.36440081401556,202209,1.0,36.0
1800000945,C000129,2022-09-18,2022-10-02,205576.39,Construction,South,NT14,High,CLEARED,12.233577835698792,14,0,3,2.857142857142857,0.8571428571428571,14,129407.04285714285,9,3,6,1,4.0,1.1428571428571428,234109.33,1.5886027951890014,1811698.5999999999,0.14580258904781054,14,0,0,16.36440081401556,202209,1.0,3.0
1800003602,C000137,2022-09-18,2022-10-02,148977.61,Logistics,Northeast,NT14,High,CLEARED,11.911558017575317,14,3,2,29.5,1.0,10,101046.66900000001,9,3,6,1,32.666666666666664,3.1666666666666643,225210.38,1.4743445922002631,1010466.6900000001,0.2631834536816013,14,0,0,16.36440081401556,202209,1.0,35.0
1800000438,C000025,2022-09-18,2022-12-17,159740.62,Energy,International,NT90,High,CLEARED,11.98131291389986,90,1,0,10.846153846153847,0.8461538461538461,13,122158.13461538461,9,3,6,1,0.3333333333333333,-10.512820512820513,227686.87,1.3076543817809922,1588055.75,0.2341879645944474,90,0,0,16.36440081401556,202209,1.0,7.0
1800000677,C000113,2022-09-19,2022-11-18,31346.65,Healthcare,South,NT60,High,CLEARED,10.352894583123824,60,2,3,1.0714285714285714,0.5714285714285714,14,89269.88785714285,9,3,0,1,1.6666666666666667,0.5952380952380953,245331.65,0.3511447225089331,1249778.43,0.02431120658702307,60,0,1,16.36440081401556,202209,0.0,0.0
1800004235,C000166,2022-09-20,2022-11-19,82250.3,Logistics,West,NT60,High,CLEARED,11.317534473973838,60,3,4,24.875,1.0,8,139193.765,9,3,1,1,17.0,-7.875,236797.87,0.5909050595764831,1113550.12,0.04190894427718944,60,0,0,16.36440081401556,202209,1.0,14.0
1800000198,C000143,2022-09-20,2022-12-19,188857.01,Healthcare,Midwest,NT90,Medium,CLEARED,12.148750741855903,90,2,1,1.4,0.5,10,128672.42199999999,9,3,1,1,1.0,-0.3999999999999999,248806.66,1.4677349432343787,1286724.22,0.19591767941160776,90,0,0,16.36440081401556,202209,1.0,4.0
1800002156,C000168,2022-09-21,2022-11-20,230179.1,Construction,South,NT60,High,CLEARED,12.346617324964997,60,0,3,2.5384615384615383,0.7692307692307693,13,112893.47153846153,9,3,2,1,2.6666666666666665,0.1282051282051282,245921.07,2.038905322541885,1467615.13,2.879837083008144,60,0,0,16.36440081401556,202209,1.0,3.0
1800004345,C000151,2022-09-21,2022-11-20,96060.61,Energy,International,NT60,High,CLEARED,11.472745035436471,60,1,0,11.916666666666666,1.0,12,117715.06166666666,9,3,2,1,7.0,-4.916666666666666,230077.27,0.8160434921404918,1412580.74,0.4332585381518569,60,0,0,16.36440081401556,202209,1.0,15.0
1800003890,C000072,2022-09-21,2022-11-05,164442.26,Construction,West,NT45,High,CLEARED,12.010320865675435,45,0,4,3.4285714285714284,0.8571428571428571,7,93170.63285714285,9,3,2,1,5.666666666666667,2.2380952380952386,229773.41,1.764958066262541,652194.4299999999,0.5968665011937165,45,0,0,16.36440081401556,202209,1.0,6.0
1800004054,C000178,2022-09-21,2022-10-05,135390.98,Retail,West,NT14,High,CLEARED,11.815929405800567,14,5,4,2.0,0.5333333333333333,15,100291.25733333334,9,3,2,1,-0.3333333333333333,-2.3333333333333335,209270.35,1.3499778903958435,1504368.86,0.1213326108214911,14,0,0,16.36440081401556,202209,0.0,0.0
1800002147,C000172,2022-09-21,2022-11-05,148096.83,Logistics,Northeast,NT45,High,CLEARED,11.905628347886559,45,3,2,11.466666666666667,0.8666666666666667,15,130324.37066666667,9,3,2,1,17.666666666666668,6.200000000000001,248872.63,1.1363709584202812,1954865.56,0.165241573567709,45,0,0,16.36440081401556,202209,1.0,11.0
1800001430,C000147,2022-09-21,2022-11-05,125761.19,Energy,International,NT45,High,CLEARED,11.742148021633547,45,1,0,15.181818181818182,0.9090909090909091,11,119676.34818181819,9,3,2,1,8.666666666666666,-6.515151515151516,208092.46,1.0508441468228744,1316439.83,0.1299888686714607,45,0,0,16.36440081401556,202209,1.0,4.0
1800000254,C000060,2022-09-21,2022-11-20,174921.51,Logistics,International,NT60,High,CLEARED,12.072098354840781,60,3,0,3.533333333333333,0.8,15,111985.49399999999,9,3,2,1,4.0,0.4666666666666668,241297.28,1.562001503516161,1679782.41,0.15293438035999582,60,0,0,16.36440081401556,202209,1.0,1.0
1800002394,C000092,2022-09-21,2022-11-05,134955.73,Retail,Northeast,NT45,Medium,CLEARED,11.812709487525009,45,5,2,1.588235294117647,0.47058823529411764,17,151402.45470588235,9,3,2,1,2.0,0.41176470588235303,244604.99,0.8913708186711232,2573841.73,0.200399442463271,45,0,0,16.36440081401556,202209,1.0,1.0
1800001184,C000142,2022-09-22,2022-11-06,61734.32,Energy,Northeast,NT45,High,CLEARED,11.030611493433781,45,1,2,12.0,0.9285714285714286,14,142313.92142857143,9,3,3,1,12.333333333333334,0.3333333333333339,245566.0,0.43378974720322766,1992394.9,0.16526412139715696,45,0,0,16.36440081401556,202209,1.0,19.0
1800002913,C000118,2022-09-22,2022-11-06,159326.93,Healthcare,Northeast,NT45,High,CLEARED,11.978719810096562,45,2,2,1.375,0.625,8,114400.75125,9,3,3,1,-0.3333333333333333,-1.7083333333333333,191691.09,1.3927087738420774,915206.01,0.21475275097199292,45,0,0,16.36440081401556,202209,0.0,-1.0
1800003256,C000123,2022-09-22,2022-12-21,174990.05,Healthcare,Midwest,NT90,High,CLEARED,12.072490108740668,90,2,1,1.3,0.6,10,134133.619,9,3,3,1,1.6666666666666667,0.3666666666666667,249060.7,1.3045950098461145,1341336.19,0.16123690183201977,90,0,0,16.36440081401556,202209,1.0,6.0
1800002339,C000135,2022-09-23,2022-12-22,128947.87,Healthcare,West,NT90,Medium,CLEARED,11.767171248184628,90,2,4,0.7857142857142857,0.5,14,106161.70071428572,9,3,4,1,-1.6666666666666667,-2.4523809523809526,235519.4,1.2146364379282033,1486263.81,0.20473160576802366,90,0,0,16.36440081401556,202209,0.0,-1.0
1800001340,C000166,2022-09-23,2022-11-22,1168.31,Logistics,West,NT60,High,CLEARED,7.064169110234906,60,3,4,23.666666666666668,1.0,9,132866.71333333332,9,3,4,1,13.333333333333334,-10.333333333333334,236797.87,0.008793097764591855,1195800.42,0.0005952882687173565,60,0,0,16.36440081401556,202209,1.0,48.0
1800003943,C000109,2022-09-24,2022-12-23,121034.52,Healthcare,West,NT90,High,CLEARED,11.703839335219424,90,2,4,33.18181818181818,1.0,11,132442.20727272728,9,3,5,1,40.0,6.81818181818182,215869.2,0.9138666780957798,1456864.28,0.27712980082317046,90,0,0,16.36440081401556,202209,1.0,51.0
1800001561,C000144,2022-09-25,2022-11-24,146592.3,Construction,Midwest,NT60,High,CLEARED,11.895417364798206,60,0,1,2.2666666666666666,0.6,15,118495.51666666666,9,3,6,1,1.3333333333333333,-0.9333333333333333,232345.82,1.2371126277492073,1777432.75,0.14472524591453526,60,1,0,16.36440081401556,202209,0.0,0.0
1800003923,C000053,2022-09-25,2022-11-09,19156.96,Manufacturing,South,NT45,Medium,CLEARED,9.860473574040041,45,4,3,0.3333333333333333,0.4444444444444444,9,134504.95555555556,9,3,6,1,0.6666666666666666,0.3333333333333333,212445.82,0.14242568179644102,1210544.6,0.03162647576564437,45,1,0,16.36440081401556,202209,0.0,0.0
1800003860,C000090,2022-09-25,2022-11-24,229592.46,Logistics,Northeast,NT60,High,CLEARED,12.344065458701305,60,3,2,27.4,1.0,10,163104.174,9,3,6,1,15.0,-12.399999999999999,249899.17,1.4076430686562318,1631041.74,0.24750274091876312,60,1,0,16.36440081401556,202209,1.0,47.0
1800001799,C000020,2022-09-25,2022-10-09,16348.2,Healthcare,West,NT14,High,CLEARED,9.701934245464695,14,2,4,1.9090909090909092,0.5454545454545454,11,113589.79454545454,9,3,6,1,0.0,-1.9090909090909092,226804.35,0.1439231408545073,1249487.74,0.00820512896698364,14,1,0,16.36440081401556,202209,0.0,0.0
1800003733,C000161,2022-09-25,2022-11-24,96314.61,Construction,Midwest,NT60,Medium,CLEARED,11.475385682261448,60,0,1,1.0526315789473684,0.47368421052631576,19,91417.65157894736,9,3,6,1,-0.6666666666666666,-1.719298245614035,213210.53,1.053566880536454,1736935.38,0.058369962605316725,60,1,0,16.36440081401556,202209,0.0,-2.0
1800000288,C000186,2022-09-25,2022-10-09,42219.25,Retail,International,NT14,High,CLEARED,10.650655242749062,14,5,0,11.266666666666667,0.8666666666666667,15,116580.99066666668,9,3,6,1,5.0,-6.2666666666666675,245546.85,0.3621452327568143,1748714.86,0.13785741606727664,14,1,0,16.36440081401556,202209,1.0,15.0
1800001699,C000152,2022-09-26,2022-10-10,44376.47,Construction,West,NT14,High,CLEARED,10.700487187200478,14,0,4,1.5,0.5833333333333334,12,134880.34833333333,9,3,0,1,2.6666666666666665,1.1666666666666665,241179.08,0.32900619362526606,1618564.18,0.03330472286604008,14,1,1,16.36440081401556,202209,0.0,0.0
1800003645,C000089,2022-09-26,2022-11-25,117600.7,Logistics,International,NT60,High,CLEARED,11.675058770124492,60,3,0,12.846153846153847,0.8461538461538461,13,121715.81692307691,9,3,0,1,18.333333333333332,5.4871794871794854,216198.26,0.9661907792503449,1582305.6199999999,0.1333122891615215,60,1,1,16.36440081401556,202209,1.0,18.0
1800002379,C000071,2022-09-26,2022-12-25,229067.18,Energy,Midwest,NT90,Medium,CLEARED,12.341774967481458,90,1,1,1.3333333333333333,0.5,6,150448.23,9,3,0,1,0.6666666666666666,-0.6666666666666666,232282.46,1.522564805182487,902689.38,0.18879464791449896,90,1,1,16.36440081401556,202209,0.0,0.0
1800002361,C000049,2022-09-26,2022-11-25,134721.95,Construction,International,NT60,High,CLEARED,11.81097572650482,60,0,0,13.7,0.9,10,130884.727,9,3,0,1,12.666666666666666,-1.0333333333333332,239827.83,1.0293175765267097,1308847.27,0.20200579918587086,60,1,1,16.36440081401556,202209,1.0,16.0
1800001969,C000074,2022-09-26,2022-12-25,181910.92,Retail,Northeast,NT90,Medium,CLEARED,12.111277892870454,90,5,2,1.5555555555555556,0.5,18,98052.21555555555,9,3,0,1,-2.0,-3.5555555555555554,241463.48,1.8552453809361487,1764939.88,0.9756608418187223,90,1,1,16.36440081401556,202209,1.0,4.0
1800000463,C000128,2022-09-27,2022-11-11,65812.15,Retail,Northeast,NT45,Medium,CLEARED,11.094574945370768,45,5,2,0.3333333333333333,0.4444444444444444,9,161320.25444444444,9,3,1,1,1.0,0.6666666666666667,236385.24,0.4079596218506116,1451882.29,0.04600202126879159,45,1,0,16.36440081401556,202209,1.0,5.0
1800002514,C000029,2022-09-27,2022-11-11,92088.84,Construction,International,NT45,High,CLEARED,11.430519901283128,45,0,0,2.272727272727273,0.6363636363636364,11,110274.0990909091,9,3,1,1,1.3333333333333333,-0.9393939393939397,230369.45,0.835090386220999,1213015.09,0.04770187729945668,45,1,0,16.36440081401556,202209,1.0,2.0
1800001550,C000152,2022-09-27,2022-10-11,142387.36,Construction,West,NT14,High,CLEARED,11.866313533045954,14,0,4,1.3846153846153846,0.5384615384615384,13,127918.51153846153,9,3,1,1,1.0,-0.3846153846153846,241179.08,1.113109887595808,1662940.65,0.10686229806983477,14,1,0,16.36440081401556,202209,1.0,7.0
1800002085,C000035,2022-09-27,2022-12-26,207832.53,Healthcare,International,NT90,High,CLEARED,12.244492701704722,90,2,0,1.0,0.5217391304347826,23,102424.67434782609,9,3,1,1,0.0,-1.0,214743.13,2.0291256118053855,2355767.5100000002,0.13153891991981712,90,1,0,16.36440081401556,202209,1.0,2.0
1800004730,C000179,2022-09-28,2022-11-12,187345.18,Retail,International,NT45,High,CLEARED,12.140713414368912,45,5,0,1.375,0.5625,16,138340.666875,9,3,2,1,1.3333333333333333,-0.04166666666666674,208943.23,1.3542307134407472,2213450.67,0.09727382810461849,45,1,0,16.36440081401556,202209,1.0,2.0
1800003071,C000180,2022-09-29,2022-11-28,131493.37,Manufacturing,Midwest,NT60,High,CLEARED,11.786719315995212,60,4,1,14.4,0.9,10,79343.211,9,3,3,1,11.0,-3.4000000000000004,189417.68,1.6572731093527335,793432.11,0.07671706673940706,60,1,0,16.36440081401556,202209,1.0,17.0
1800000638,C000090,2022-09-29,2022-11-28,210450.61,Logistics,Northeast,NT60,High,CLEARED,12.257011024442678,60,3,2,29.181818181818183,1.0,11,169148.56363636363,9,3,3,1,29.666666666666668,0.4848484848484844,249899.17,1.24417615778534,1860634.2,0.22686765411645338,60,1,0,16.36440081401556,202209,1.0,11.0
1800003584,C000140,2022-09-29,2022-11-28,125513.52,Logistics,South,NT60,High,CLEARED,11.740176728072726,60,3,3,11.0,0.8333333333333334,6,73283.31833333334,9,3,3,1,6.0,-5.0,239050.62,1.7127161113132816,439699.91000000003,0.06778554815918765,60,1,0,16.36440081401556,202209,1.0,5.0
1800000558,C000112,2022-09-29,2022-10-13,67600.45,Logistics,International,NT14,High,CLEARED,11.121384711505156,14,3,0,9.933333333333334,0.8,15,168717.27933333334,9,3,3,1,16.0,6.066666666666666,242663.76,0.4006729498431654,2530759.19,0.9053022638164476,14,1,0,16.36440081401556,202209,1.0,6.0
1800004667,C000165,2022-09-30,2022-11-29,192510.67,Retail,South,NT60,Medium,CLEARED,12.167912054249078,60,5,3,1.5,0.42857142857142855,14,107370.14714285715,9,3,4,1,0.0,-1.5,248402.81,1.7929627100525667,1503182.06,0.19799438383289486,60,1,0,16.36440081401556,202209,0.0,-2.0
1800002098,C000147,2022-09-30,2022-11-14,10812.02,Energy,International,NT45,High,CLEARED,9.288506242569277,45,1,0,14.25,0.9166666666666666,12,120183.41833333333,9,3,4,1,7.666666666666667,-6.583333333333333,208092.46,0.0899626599903528,1442201.02,0.01117548464556678,45,1,0,16.36440081401556,202209,1.0,11.0
1800002234,C000083,2022-09-30,2022-10-14,153102.09,Manufacturing,South,NT14,Medium,CLEARED,11.938866764329106,14,4,3,1.6666666666666667,0.3333333333333333,6,126715.23,9,3,4,1,2.0,0.33333333333333326,237730.96,1.2082374786361514,760291.38,0.12327216709873735,14,1,0,16.36440081401556,202209,1.0,4.0
1800003607,C000079,2022-10-01,2022-11-15,78723.58,Manufacturing,Midwest,NT45,High,CLEARED,11.273710710928002,45,4,1,12.571428571428571,0.8571428571428571,7,134906.78714285715,10,4,5,0,10.666666666666666,-1.904761904761905,198680.88,0.5835405443066186,944347.51,0.04975483616724654,45,0,0,15.91369935160015,202210,1.0,5.0
1800003768,C000094,2022-10-01,2022-10-15,92375.54,Healthcare,West,NT14,High,CLEARED,11.433628329288807,14,2,4,9.615384615384615,0.9230769230769231,13,128301.01153846153,10,4,5,0,8.666666666666666,-0.9487179487179489,243254.75,0.7199907381268623,1667913.15,0.08336452509544967,14,0,0,15.91369935160015,202210,1.0,10.0
1800000506,C000137,2022-10-01,2022-10-15,108721.95,Logistics,Northeast,NT14,High,CLEARED,11.596558182378908,14,3,2,30.0,1.0,11,105404.02727272728,10,4,5,0,29.666666666666668,-0.33333333333333215,225210.38,1.031478140002068,1159444.3,0.19206791068804482,14,0,0,15.91369935160015,202210,1.0,30.0
1800000127,C000069,2022-10-01,2022-11-15,180677.4,Retail,South,NT45,High,CLEARED,12.104473934294308,45,5,3,1.6470588235294117,0.7058823529411765,17,132596.1517647059,10,4,5,0,2.6666666666666665,1.0196078431372548,243662.1,1.3626142055812833,2254134.58,0.13888759597001557,45,0,0,15.91369935160015,202210,1.0,2.0
1800003049,C000162,2022-10-01,2022-11-15,87568.51,Construction,International,NT45,Medium,CLEARED,11.380188156977034,45,0,0,-0.25,0.375,8,165331.55875,10,4,5,0,-0.3333333333333333,-0.08333333333333331,206600.61,0.5296539309377315,1322652.47,0.08715030358121091,45,0,0,15.91369935160015,202210,1.0,6.0
1800003862,C000089,2022-10-01,2022-11-30,84406.88,Logistics,International,NT60,High,CLEARED,11.343416041154725,60,3,0,13.214285714285714,0.8571428571428571,14,121421.87999999999,10,4,5,0,13.666666666666666,0.45238095238095255,216198.26,0.695153789415878,1699906.3199999998,0.09568373652352277,60,0,0,15.91369935160015,202210,0.0,0.0
1800000079,C000051,2022-10-01,2022-11-30,94200.95,Energy,Midwest,NT60,High,CLEARED,11.453196160987142,60,1,1,14.909090909090908,1.0,11,154951.35545454547,10,4,5,0,12.333333333333334,-2.5757575757575744,243046.07,0.6079388574799113,1704464.9100000001,0.09982543758998305,60,0,0,15.91369935160015,202210,1.0,11.0
1800000349,C000008,2022-10-02,2022-12-01,72737.29,Construction,South,NT60,High,CLEARED,11.194623209878621,60,0,3,1.7777777777777777,0.6666666666666666,9,72451.52666666667,10,4,6,0,3.0,1.2222222222222223,143602.72,1.0039442003016452,652063.74,0.04362477314902529,60,0,0,15.91369935160015,202210,1.0,6.0
1800002245,C000157,2022-10-02,2022-11-01,193264.15,Healthcare,South,NT30,High,CLEARED,12.171818359237157,30,2,3,1.0,0.5714285714285714,7,144424.78857142857,10,4,6,0,0.6666666666666666,-0.33333333333333337,249242.86,1.338164673195397,1010973.52,0.14718900362884008,30,0,0,15.91369935160015,202210,1.0,4.0
1800003795,C000191,2022-10-02,2022-12-31,73012.9,Energy,Midwest,NT90,High,CLEARED,11.198405112963567,90,1,1,23.5,0.9444444444444444,18,132892.98277777777,10,4,6,0,40.333333333333336,16.833333333333336,209665.59,0.5494112516241086,2392073.69,0.9464816418892168,90,0,0,15.91369935160015,202210,1.0,22.0
1800001666,C000009,2022-10-02,2022-11-16,47870.18,Manufacturing,International,NT45,High,CLEARED,10.77626893217675,45,4,0,13.285714285714286,1.0,14,115893.79357142856,10,4,6,0,11.666666666666666,-1.6190476190476204,206735.83,0.41305214476818625,1622513.1099999999,0.2578760167802477,45,0,0,15.91369935160015,202210,1.0,10.0
1800004404,C000189,2022-10-02,2022-12-01,4211.52,Logistics,Midwest,NT60,Medium,CLEARED,8.345816322423827,60,3,1,1.75,0.5,8,108426.83625,10,4,6,0,3.0,1.25,189055.69,0.038842044512757794,867414.69,0.002602509514192601,60,0,0,15.91369935160015,202210,1.0,1.0
1800001046,C000073,2022-10-03,2022-11-02,108530.14,Energy,Midwest,NT30,High,CLEARED,11.594792415393002,30,1,1,30.714285714285715,1.0,7,128291.25285714286,10,4,0,0,24.0,-6.714285714285715,191484.1,0.8459667949525164,898038.77,0.120547233306279,30,0,1,15.91369935160015,202210,1.0,36.0
1800000128,C000127,2022-10-03,2023-01-01,194432.07,Retail,International,NT90,High,CLEARED,12.177843269709596,90,5,0,13.333333333333334,1.0,9,138919.85777777777,10,4,0,0,10.666666666666666,-2.666666666666668,244835.16,1.3995988270519395,1250278.72,0.11617419313526037,90,0,1,15.91369935160015,202210,1.0,6.0
1800000587,C000198,2022-10-03,2023-01-01,92118.4,Construction,West,NT90,High,CLEARED,11.430840840669815,90,0,4,10.5,1.0,10,176520.641,10,4,0,0,14.333333333333334,3.833333333333334,249539.5,0.5218562513604287,1765206.41,0.06279936480188808,90,0,1,15.91369935160015,202210,1.0,7.0
1800003840,C000077,2022-10-04,2022-11-18,42732.5,Manufacturing,International,NT45,Medium,CLEARED,10.662738434948997,45,4,0,0.9166666666666666,0.5,12,114134.8725,10,4,1,0,0.0,-0.9166666666666666,195546.68,0.37440353735883836,1369618.47,0.049125136866660646,45,0,0,15.91369935160015,202210,0.0,-1.0
1800001165,C000158,2022-10-04,2022-11-18,27032.79,Logistics,International,NT45,High,CLEARED,10.204842844017746,45,3,0,2.142857142857143,0.5714285714285714,14,144177.85142857142,10,4,1,0,2.0,-0.1428571428571428,246168.57,0.1874961357250672,2018489.92,0.031425942922497285,45,0,0,15.91369935160015,202210,1.0,3.0
1800001567,C000047,2022-10-05,2022-11-04,241194.05,Construction,South,NT30,High,CLEARED,12.393361221236521,30,0,3,2.375,0.875,8,113329.00875000001,10,4,2,0,1.0,-1.375,248675.38,2.1282640046033223,906632.0700000001,0.17648373359348593,30,0,0,15.91369935160015,202210,1.0,4.0
1800004728,C000142,2022-10-06,2022-11-20,146497.23,Energy,Northeast,NT45,High,CLEARED,11.89476862545501,45,1,2,12.466666666666667,0.9333333333333333,15,136941.948,10,4,3,0,11.333333333333334,-1.1333333333333329,245566.0,1.0697761506941614,2054129.22,0.3921762806015718,45,0,0,15.91369935160015,202210,1.0,10.0
1800004751,C000038,2022-10-06,2022-12-05,151847.87,Energy,Midwest,NT60,High,CLEARED,11.93064102889204,60,1,1,1.5384615384615385,0.5384615384615384,13,121684.82538461538,10,4,3,0,1.0,-0.5384615384615385,243122.55,1.247878439403161,1581902.73,0.3584694064673745,60,0,0,15.91369935160015,202210,0.0,0.0
1800001723,C000108,2022-10-06,2022-10-20,60260.99,Retail,Northeast,NT14,High,CLEARED,11.00645683570358,14,5,2,28.0,0.9090909090909091,11,131581.69727272727,10,4,3,0,39.0,11.0,234687.86,0.457973952677461,1447398.67,0.05113644642141257,14,0,0,15.91369935160015,202210,1.0,48.0
1800003519,C000128,2022-10-06,2022-11-20,212169.38,Retail,Northeast,NT45,Medium,CLEARED,12.265144910122196,45,5,2,0.8,0.5,10,151769.444,10,4,3,0,1.6666666666666667,0.8666666666666667,236385.24,1.3979716496820007,1517694.44,0.14830423153393904,45,0,0,15.91369935160015,202210,1.0,6.0
1800001972,C000119,2022-10-06,2022-11-20,196439.37,Logistics,International,NT45,High,CLEARED,12.188114203678184,45,3,0,3.1875,0.8125,16,109960.028125,10,4,3,0,0.6666666666666666,-2.5208333333333335,221992.37,1.78646162018704,1759360.45,0.17325866064557668,45,0,0,15.91369935160015,202210,1.0,7.0
1800001910,C000058,2022-10-06,2022-12-05,172523.78,Energy,Midwest,NT60,Medium,CLEARED,12.05829615731048,60,1,1,0.08333333333333333,0.4166666666666667,12,140379.57416666666,10,4,3,0,-2.0,-2.0833333333333335,242563.82,1.2289806478196743,1684554.89,0.1340662500762421,60,0,0,15.91369935160015,202210,1.0,6.0
1800004985,C000080,2022-10-07,2022-11-21,221467.85,Healthcare,West,NT45,High,CLEARED,12.308037226523536,45,2,4,15.7,1.0,10,122284.915,10,4,4,0,19.0,3.3000000000000007,227515.51,1.811080704435212,1222849.15,0.16195408158303076,45,0,0,15.91369935160015,202210,1.0,13.0
1800003593,C000123,2022-10-07,2023-01-05,234567.94,Healthcare,Midwest,NT90,High,CLEARED,12.365504810869522,90,2,1,1.7272727272727273,0.6363636363636364,11,137847.84,10,4,4,0,4.333333333333333,2.6060606060606055,249060.7,1.7016439285519454,1516326.24,0.2161323338939506,90,0,0,15.91369935160015,202210,1.0,1.0
1800004589,C000022,2022-10-07,2022-11-21,8008.6,Energy,Midwest,NT45,High,CLEARED,8.988396101237456,45,1,1,26.5,1.0,8,148980.3025,10,4,4,0,17.0,-9.5,226396.69,0.05375609973674205,1191842.42,0.00892032660028338,45,0,0,15.91369935160015,202210,1.0,74.0
1800004865,C000183,2022-10-07,2022-10-21,24724.58,Logistics,International,NT14,High,CLEARED,10.1155936142542,14,3,0,10.692307692307692,0.9230769230769231,13,126743.62923076922,10,4,4,0,13.666666666666666,2.9743589743589745,201575.82,0.19507552490060526,1647667.18,0.014769444752333112,14,0,0,15.91369935160015,202210,1.0,17.0
1800002248,C000066,2022-10-08,2022-12-07,34524.37,Retail,Northeast,NT60,High,CLEARED,10.4494496950919,60,5,2,25.0,0.9090909090909091,11,101922.4909090909,10,4,5,0,16.333333333333332,-8.666666666666668,233822.99,0.3387316154860637,1121147.4,0.021776712008952755,60,0,0,15.91369935160015,202210,1.0,21.0
1800002889,C000113,2022-10-08,2022-12-07,16884.31,Healthcare,South,NT60,High,CLEARED,9.734199292141806,60,2,3,1.0,0.5333333333333333,15,85408.33866666668,10,4,5,0,2.0,1.0,245331.65,0.1976892451438075,1281125.08,0.013094794770392994,60,0,0,15.91369935160015,202210,1.0,3.0
1800002139,C000087,2022-10-08,2022-12-07,200174.88,Construction,South,NT60,High,CLEARED,12.206951659084538,60,0,3,8.666666666666666,0.7777777777777778,9,152223.42444444445,10,4,5,0,10.0,1.333333333333334,236206.27,1.315007074177706,1370010.82,0.10884591543297784,60,0,0,15.91369935160015,202210,0.0,-1.0
1800000808,C000061,2022-10-08,2022-11-07,201921.92,Energy,International,NT30,Medium,CLEARED,12.215641319403165,30,1,0,0.7857142857142857,0.5,14,111556.39571428571,10,4,5,0,2.3333333333333335,1.547619047619048,247291.55,1.8100434198067432,1561789.54,0.1702698382776567,30,0,0,15.91369935160015,202210,0.0,0.0
1800001463,C000055,2022-10-08,2023-01-06,131228.34,Logistics,Midwest,NT90,High,CLEARED,11.784701758539882,90,3,1,14.833333333333334,0.9166666666666666,12,132515.7675,10,4,5,0,14.0,-0.8333333333333339,241415.98,0.9902847221557993,1590189.21,0.06976840737350012,90,0,0,15.91369935160015,202210,1.0,7.0
1800000120,C000045,2022-10-08,2023-01-06,100795.3,Energy,International,NT90,High,CLEARED,11.520856927596505,90,1,0,26.25,1.0,8,155119.045,10,4,5,0,37.333333333333336,11.083333333333336,241835.25,0.6497931959289718,1240952.36,0.15236708005319433,90,0,0,15.91369935160015,202210,1.0,31.0
1800001711,C000138,2022-10-09,2022-11-08,237248.24,Construction,Northeast,NT30,High,CLEARED,12.376866513095074,30,0,2,3.230769230769231,0.8461538461538461,13,153500.50153846154,10,4,6,0,1.6666666666666667,-1.564102564102564,248495.46,1.5455860900920533,1995506.52,0.6678560269069859,30,0,0,15.91369935160015,202210,0.0,-3.0
1800000867,C000114,2022-10-09,2022-11-08,80407.02,Manufacturing,West,NT30,High,CLEARED,11.294869201436015,30,4,4,13.75,1.0,8,146440.93375,10,4,6,0,16.333333333333332,2.583333333333332,245437.25,0.5490747562240261,1171527.47,0.0753293572898249,30,0,0,15.91369935160015,202210,1.0,27.0
1800000599,C000165,2022-10-09,2022-12-08,99082.02,Retail,South,NT60,Medium,CLEARED,11.50371336355864,60,5,3,1.2666666666666666,0.4,15,113046.182,10,4,6,0,-0.6666666666666666,-1.9333333333333331,248402.81,0.8764738290763328,1695692.73,0.10190439573462898,60,0,0,15.91369935160015,202210,1.0,5.0
1800004737,C000057,2022-10-10,2022-11-09,64322.17,Manufacturing,Midwest,NT30,High,CLEARED,11.071675187464262,30,4,1,1.411764705882353,0.5294117647058824,17,111818.57352941176,10,4,0,0,0.6666666666666666,-0.7450980392156864,240567.15,0.5752369035818657,1900915.75,0.04998754161621646,30,0,1,15.91369935160015,202210,0.0,-1.0
1800003497,C000108,2022-10-10,2022-10-24,121432.08,Retail,Northeast,NT14,High,CLEARED,11.707118608133671,14,5,2,29.666666666666668,0.9166666666666666,12,125638.305,10,4,0,0,38.666666666666664,8.999999999999996,234687.86,0.9665211576994771,1507659.66,0.10304518815174933,14,0,1,15.91369935160015,202210,1.0,21.0
1800000797,C000071,2022-10-10,2023-01-08,82701.29,Energy,Midwest,NT90,Medium,CLEARED,11.32300257107581,90,1,1,1.1428571428571428,0.42857142857142855,7,161679.50857142857,10,4,0,0,0.0,-1.1428571428571428,232282.46,0.511513739315105,1131756.56,0.06816149274472613,90,0,1,15.91369935160015,202210,0.0,-3.0
1800004712,C000158,2022-10-11,2022-11-25,235847.37,Logistics,International,NT45,High,CLEARED,12.370944377516171,45,3,0,2.2,0.6,15,136368.18066666665,10,4,1,0,3.0,0.7999999999999998,246168.57,1.7294897449464153,2045522.71,0.27417539913716266,45,0,0,15.91369935160015,202210,1.0,5.0
1800003902,C000156,2022-10-11,2022-11-10,192700.25,Retail,Northeast,NT30,High,CLEARED,12.168896341148415,30,5,2,13.615384615384615,1.0,13,120582.76615384615,10,4,1,0,15.333333333333334,1.717948717948719,244580.13,1.5980745519981054,1567575.96,2.5135292787954273,30,0,0,15.91369935160015,202210,1.0,14.0
1800001331,C000098,2022-10-11,2022-11-10,141969.39,Manufacturing,West,NT30,High,CLEARED,11.863373793713084,30,4,4,11.133333333333333,1.0,15,135855.91533333334,10,4,1,0,10.333333333333334,-0.7999999999999989,247663.32,1.044999694357561,2037838.73,0.15776477567596087,30,0,0,15.91369935160015,202210,0.0,-1.0
1800000597,C000082,2022-10-11,2022-10-25,30583.94,Logistics,Northeast,NT14,High,CLEARED,10.328263009928786,14,3,2,11.461538461538462,0.9230769230769231,13,127222.0253846154,10,4,1,0,12.0,0.5384615384615383,237416.81,0.24039815360224906,1653886.33,0.06266567742234237,14,0,0,15.91369935160015,202210,1.0,21.0
1800003997,C000198,2022-10-11,2023-01-09,148169.58,Construction,West,NT90,High,CLEARED,11.906119456617741,90,0,4,10.181818181818182,1.0,11,168847.71,10,4,1,0,11.333333333333334,1.1515151515151523,249539.5,0.8775338439591511,1857324.81,0.10101082418889754,90,0,0,15.91369935160015,202210,1.0,12.0
1800001248,C000016,2022-10-11,2022-12-10,21584.99,Manufacturing,West,NT60,High,CLEARED,9.979799772121957,60,4,4,10.11111111111111,0.8888888888888888,9,153315.37888888887,10,4,1,0,5.333333333333333,-4.777777777777778,224363.65,0.14078815939034486,1379838.41,0.06697607341114746,60,0,0,15.91369935160015,202210,1.0,18.0
1800004114,C000056,2022-10-12,2022-10-26,122814.14,Logistics,South,NT14,Medium,CLEARED,11.718435576997884,14,3,3,2.25,0.5,4,107077.98250000001,10,4,2,0,1.3333333333333333,-0.9166666666666667,144494.64,1.1469597869944923,428311.93000000005,0.34779381101372436,14,0,0,15.91369935160015,202210,0.0,-1.0
1800000123,C000044,2022-10-12,2023-01-10,54568.09,Manufacturing,West,NT90,High,CLEARED,10.907222884212024,90,4,4,26.363636363636363,0.9090909090909091,11,142103.55181818182,10,4,2,0,30.333333333333332,3.969696969696969,243770.4,0.3840022948182083,1563139.07,0.0868116507508524,90,0,0,15.91369935160015,202210,1.0,25.0
1800000037,C000141,2022-10-12,2023-01-10,186670.65,Healthcare,Northeast,NT90,High,CLEARED,12.13710647011545,90,2,2,13.4,0.9,10,149507.271,10,4,2,0,16.0,2.5999999999999996,217062.14,1.248572385486188,1495072.71,0.1678848944088904,90,0,0,15.91369935160015,202210,1.0,16.0
1800002026,C000166,2022-10-13,2022-12-12,158738.4,Logistics,West,NT60,High,CLEARED,11.97501914287207,60,3,4,26.1,1.0,10,119696.87299999999,10,4,3,0,28.666666666666668,2.5666666666666664,236797.87,1.3261699827363076,1196968.73,0.08088187836701152,60,0,0,15.91369935160015,202210,1.0,34.0
1800001357,C000122,2022-10-13,2022-10-27,176220.81,Manufacturing,Midwest,NT14,High,CLEARED,12.079498764619816,14,4,1,12.545454545454545,1.0,11,118333.59636363637,10,4,3,0,8.666666666666666,-3.878787878787879,225444.56,1.4891866335108888,1301669.56,0.1259633350594658,14,0,0,15.91369935160015,202210,1.0,4.0
1800004307,C000158,2022-10-13,2022-11-27,49418.06,Logistics,International,NT45,High,CLEARED,10.80809145872229,45,3,0,2.375,0.625,16,142585.63,10,4,3,0,4.666666666666667,2.291666666666667,246168.57,0.34658513624409415,2281370.08,0.05744908804827568,45,0,0,15.91369935160015,202210,1.0,1.0
1800004961,C000036,2022-10-13,2022-11-12,14828.22,Energy,South,NT30,High,CLEARED,9.604354837659747,30,1,3,8.333333333333334,0.8666666666666667,15,153295.764,10,4,3,0,8.0,-0.3333333333333339,248636.81,0.09672948301428604,2299436.46,0.0166506351845721,30,0,0,15.91369935160015,202210,1.0,7.0
1800001531,C000183,2022-10-13,2022-10-27,212402.49,Logistics,International,NT14,High,CLEARED,12.266242999476699,14,3,0,11.142857142857142,0.9285714285714286,14,119456.55428571429,10,4,3,0,17.333333333333332,6.19047619047619,201575.82,1.7780731352084633,1672391.76,0.12688049064182227,14,0,0,15.91369935160015,202210,1.0,9.0
1800004525,C000067,2022-10-14,2022-10-28,181574.92,Manufacturing,West,NT14,High,CLEARED,12.109429137238347,14,4,4,1.1875,0.5625,16,134996.359375,10,4,4,0,1.6666666666666667,0.47916666666666674,248221.29,1.3450356797816423,2159941.75,0.11055840510088547,14,0,0,15.91369935160015,202210,1.0,1.0
1800004426,C000195,2022-10-14,2022-12-13,78581.79,Logistics,Midwest,NT60,High,CLEARED,11.271907997699769,60,3,1,11.461538461538462,0.8461538461538461,13,105214.45307692306,10,4,4,0,15.333333333333334,3.8717948717948723,220702.53,0.7468725797828201,1367787.89,0.2831591729086623,60,0,0,15.91369935160015,202210,1.0,5.0
1800000646,C000133,2022-10-14,2022-11-13,38706.38,Construction,Northeast,NT30,High,CLEARED,10.563785558511801,30,0,2,8.866666666666667,0.8666666666666667,15,119488.83866666668,10,4,4,0,14.666666666666666,5.799999999999999,223979.88,0.3239330169404162,1792332.58,0.1791109850188408,30,0,0,15.91369935160015,202210,1.0,3.0
1800003411,C000019,2022-10-15,2022-10-29,194904.05,Logistics,Northeast,NT14,High,CLEARED,12.180267795883424,14,3,2,11.294117647058824,1.0,17,106360.16529411764,10,4,5,0,14.0,2.7058823529411757,247674.67,1.8324910408049107,1808122.81,0.12223101701442977,14,0,0,15.91369935160015,202210,1.0,12.0
1800002573,C000092,2022-10-15,2022-11-29,58356.24,Retail,Northeast,NT45,Medium,CLEARED,10.974338708852178,45,5,2,1.5555555555555556,0.5,18,150488.74777777778,10,4,5,0,1.6666666666666667,0.11111111111111116,244604.99,0.3877780954505177,2708797.46,0.08665477160734733,45,0,0,15.91369935160015,202210,0.0,-1.0
1800000074,C000024,2022-10-15,2022-11-29,113921.23,Construction,International,NT45,High,CLEARED,11.64327130159466,45,0,0,25.5625,1.0,16,151140.27875,10,4,5,0,15.666666666666666,-9.895833333333334,249295.78,0.7537450039273531,2418244.46,0.32732545893093934,45,0,0,15.91369935160015,202210,1.0,4.0
1800003975,C000065,2022-10-15,2022-11-14,248962.57,Healthcare,Northeast,NT30,High,CLEARED,12.425061859522309,30,2,2,29.333333333333332,0.9166666666666666,12,132610.33,10,4,5,0,27.666666666666668,-1.6666666666666643,249901.83,1.8773995208367253,1591323.96,0.6227905466394036,30,0,0,15.91369935160015,202210,0.0,-5.0
1800002999,C000012,2022-10-15,2022-10-29,170679.14,Logistics,International,NT14,High,CLEARED,12.047546557550017,14,3,0,1.4615384615384615,0.6153846153846154,13,130128.25,10,4,5,0,3.0,1.5384615384615385,248588.91,1.3116224954996323,1691667.25,0.15636075418371562,14,0,0,15.91369935160015,202210,1.0,1.0
1800003539,C000040,2022-10-16,2022-10-30,199516.34,Construction,West,NT14,High,CLEARED,12.203656428828198,14,0,4,27.75,1.0,12,129845.88500000001,10,4,6,0,28.666666666666668,0.9166666666666679,234235.26,1.536562671970698,1558150.62,1.3422135520309695,14,0,0,15.91369935160015,202210,1.0,34.0
1800004094,C000038,2022-10-16,2022-12-15,34964.75,Energy,Midwest,NT60,Medium,CLEARED,10.462124289929369,60,1,1,1.4285714285714286,0.5,14,123839.32857142857,10,4,6,0,1.0,-0.4285714285714286,243122.55,0.28233962831793685,1733750.6,0.08254177802941941,60,0,0,15.91369935160015,202210,1.0,3.0
1800004777,C000137,2022-10-16,2022-10-30,235183.36,Logistics,Northeast,NT14,High,CLEARED,12.368124996196972,14,3,2,30.0,1.0,12,105680.52083333333,10,4,6,0,33.0,3.0,225210.38,2.2254182525358956,1268166.25,0.4154743047176241,14,0,0,15.91369935160015,202210,1.0,10.0
1800001682,C000075,2022-10-16,2022-11-30,6456.31,Retail,International,NT45,High,CLEARED,8.772968101385752,45,5,0,14.0,1.0,14,140107.02357142858,10,4,6,0,13.333333333333334,-0.6666666666666661,248242.1,0.04608127298278148,1961498.33,0.0037897376530981086,45,0,0,15.91369935160015,202210,1.0,20.0
1800000827,C000138,2022-10-17,2022-11-16,217535.45,Construction,Northeast,NT30,High,CLEARED,12.290121701676773,30,0,2,2.7857142857142856,0.7857142857142857,14,159482.48285714284,10,4,0,0,0.6666666666666666,-2.119047619047619,248495.46,1.364008423388156,2232754.76,0.6123643376592522,30,0,1,15.91369935160015,202210,0.0,0.0
1800004596,C000075,2022-10-17,2022-12-01,86940.61,Retail,International,NT45,High,CLEARED,11.372992022889836,45,5,0,14.4,1.0,15,131196.976,10,4,0,0,14.333333333333334,-0.06666666666666643,248242.1,0.6626723622044459,1967954.64,0.051032571747688375,45,0,1,15.91369935160015,202210,1.0,4.0
1800003898,C000151,2022-10-17,2022-12-16,230751.15,Energy,International,NT60,High,CLEARED,12.34909946976481,60,1,0,12.153846153846153,1.0,13,116049.33461538462,10,4,0,0,10.333333333333334,-1.8205128205128194,230077.27,1.988388393305009,1508641.35,1.04074818935524,60,0,1,15.91369935160015,202210,1.0,18.0
1800003055,C000152,2022-10-17,2022-10-31,39601.34,Construction,West,NT14,High,CLEARED,10.586643486405864,14,0,4,1.7857142857142858,0.5714285714285714,14,128952.00071428572,10,4,0,0,3.6666666666666665,1.8809523809523807,241179.08,0.30710140037100514,1805328.01,0.029720968202829736,14,0,1,15.91369935160015,202210,0.0,0.0
1800000209,C000164,2022-10-17,2022-12-16,14986.86,Manufacturing,Midwest,NT60,High,CLEARED,9.614995819063974,60,4,1,3.5555555555555554,0.6666666666666666,9,155309.87888888887,10,4,0,0,-0.3333333333333333,-3.888888888888889,225129.53,0.09649650175003895,1397788.91,0.029062843405854213,60,0,1,15.91369935160015,202210,1.0,1.0
1800001160,C000194,2022-10-17,2023-01-15,98392.41,Construction,Midwest,NT90,High,CLEARED,11.496729109252936,90,0,1,10.941176470588236,0.9411764705882353,17,147195.36352941178,10,4,0,0,15.666666666666666,4.725490196078431,240865.52,0.668447752977897,2502321.18,0.07494154223037172,90,0,1,15.91369935160015,202210,1.0,5.0
1800000528,C000112,2022-10-17,2022-10-31,180437.56,Logistics,International,NT14,High,CLEARED,12.103145610998357,14,3,0,9.6875,0.8125,16,162397.4775,10,4,0,0,12.666666666666666,2.979166666666666,242663.76,1.1110859773052817,2598359.64,2.416411895860399,14,0,1,15.91369935160015,202210,1.0,14.0
1800002943,C000042,2022-10-17,2022-12-16,41654.1,Manufacturing,South,NT60,High,CLEARED,10.637179089078316,60,4,3,1.7142857142857142,0.6428571428571429,14,137450.58142857143,10,4,0,0,0.3333333333333333,-1.380952380952381,245065.83,0.30304782684128745,1924308.14,0.7684834360613686,60,0,1,15.91369935160015,202210,1.0,2.0
1800000412,C000146,2022-10-18,2022-11-17,223764.74,Construction,International,NT30,Medium,CLEARED,12.318354980031627,30,0,0,0.8333333333333334,0.5,12,141375.69583333333,10,4,1,0,0.6666666666666666,-0.16666666666666674,236408.5,1.582766674858983,1696508.35,0.11192903265406831,30,0,0,15.91369935160015,202210,0.0,0.0
1800001814,C000158,2022-10-18,2022-12-02,225791.52,Logistics,International,NT45,High,CLEARED,12.327371803488237,45,3,0,2.2941176470588234,0.6470588235294118,17,137105.18470588236,10,4,1,0,3.0,0.7058823529411766,246168.57,1.646848880911158,2330788.14,0.26248535278467017,45,0,0,15.91369935160015,202210,1.0,1.0
1800001907,C000066,2022-10-18,2022-12-17,41714.89,Retail,Northeast,NT60,High,CLEARED,10.63863739035969,60,5,2,24.666666666666668,0.9166666666666666,12,96305.98083333333,10,4,1,0,18.0,-6.666666666666668,233822.99,0.4331495265303573,1155671.77,0.02631222947776145,60,0,0,15.91369935160015,202210,1.0,22.0
1800000061,C000162,2022-10-18,2022-12-02,81971.18,Construction,International,NT45,Medium,CLEARED,11.314135200389199,45,0,0,0.4444444444444444,0.4444444444444444,9,156691.22,10,4,1,0,1.3333333333333333,0.8888888888888888,206600.61,0.5231383098555235,1410220.98,0.08157970510072723,45,0,0,15.91369935160015,202210,1.0,7.0
1800001536,C000152,2022-10-18,2022-11-01,123515.19,Construction,West,NT14,High,CLEARED,11.724127519575626,14,0,4,1.6666666666666667,0.5333333333333333,15,122995.29000000001,10,4,1,0,2.3333333333333335,0.6666666666666667,241179.08,1.0042269911311237,1844929.35,0.0926986570291933,14,0,0,15.91369935160015,202210,0.0,-1.0
1800002301,C000158,2022-10-18,2022-12-02,63389.69,Logistics,International,NT45,High,CLEARED,11.057072284216604,45,3,0,2.2222222222222223,0.6666666666666666,18,142032.20333333334,10,4,1,0,2.3333333333333335,0.11111111111111116,246168.57,0.44630505274378973,2556579.66,0.073691275662438,45,0,0,15.91369935160015,202210,0.0,0.0
1800000744,C000138,2022-10-18,2022-11-17,65058.96,Construction,Northeast,NT30,High,CLEARED,11.083064585210062,30,0,2,2.6,0.7333333333333333,15,163352.68066666665,10,4,1,0,0.3333333333333333,-2.2666666666666666,248495.46,0.3982729866108391,2450290.21,0.18314158427603308,30,0,0,15.91369935160015,202210,1.0,4.0
1800002672,C000090,2022-10-18,2022-12-17,184209.83,Logistics,Northeast,NT60,High,CLEARED,12.123836195863271,60,3,2,27.666666666666668,1.0,12,172590.40083333335,10,4,1,0,25.666666666666668,-2.0,249899.17,1.067323727800408,2071084.81,0.1985798568000857,60,0,0,15.91369935160015,202210,1.0,23.0
1800004792,C000181,2022-10-19,2022-12-18,7810.37,Retail,International,NT60,High,CLEARED,8.963335643583283,60,5,0,1.6923076923076923,0.6923076923076923,13,134267.2823076923,10,4,2,0,-1.6666666666666667,-3.358974358974359,236792.42,0.05817031421028871,1745474.67,0.012457700851849447,60,0,0,15.91369935160015,202210,1.0,3.0
1800003937,C000077,2022-10-19,2022-12-03,109578.36,Manufacturing,International,NT45,Medium,CLEARED,11.604404314593511,45,4,0,0.7692307692307693,0.46153846153846156,13,108642.3823076923,10,4,2,0,-0.3333333333333333,-1.1025641025641026,195546.68,1.0086152169386056,1412350.97,0.12597091049258088,45,0,0,15.91369935160015,202210,0.0,-1.0
1800003875,C000129,2022-10-20,2022-11-03,208090.69,Construction,South,NT14,High,CLEARED,12.245734078859742,14,0,3,2.8666666666666667,0.8666666666666667,15,134484.99933333334,10,4,3,0,3.3333333333333335,0.4666666666666668,234109.33,1.547315247288125,2017274.99,0.1475858261678072,14,0,0,15.91369935160015,202210,1.0,2.0
1800004225,C000120,2022-10-20,2022-11-19,111521.15,Manufacturing,South,NT30,High,CLEARED,11.621978504861596,30,4,3,3.727272727272727,0.8181818181818182,11,149291.13363636364,10,4,3,0,2.6666666666666665,-1.0606060606060606,225243.15,0.7470045091333957,1642202.47,0.13236384385006558,30,0,0,15.91369935160015,202210,0.0,0.0
1800003308,C000079,2022-10-20,2022-12-04,60849.84,Manufacturing,Midwest,NT45,High,CLEARED,11.016180902757533,45,4,1,11.625,0.875,8,127883.88625,10,4,3,0,7.0,-4.625,198680.88,0.47582101063964183,1023071.09,0.038458284290465,45,0,0,15.91369935160015,202210,1.0,1.0
1800003040,C000166,2022-10-20,2022-12-19,172623.25,Logistics,West,NT60,High,CLEARED,12.058872546024386,60,3,4,26.818181818181817,1.0,11,123246.10272727272,10,4,3,0,32.0,5.181818181818183,236797.87,1.4006386099038957,1355707.13,0.08795661736428126,60,0,0,15.91369935160015,202210,1.0,43.0
1800004636,C000111,2022-10-21,2022-11-04,57245.61,Energy,International,NT14,High,CLEARED,10.95512370568947,14,1,0,11.266666666666667,0.9333333333333333,15,142043.18866666668,10,4,4,0,7.0,-4.2666666666666675,244079.76,0.40301552321764966,2130647.83,0.05257422067802472,14,0,0,15.91369935160015,202210,1.0,6.0
1800000763,C000112,2022-10-21,2022-11-04,163767.16,Logistics,International,NT14,High,CLEARED,12.006207048111822,14,3,0,9.941176470588236,0.8235294117647058,17,163458.65882352943,10,4,4,0,13.333333333333334,3.3921568627450984,242663.76,1.001887334563314,2778797.2,2.1931626296391578,14,0,0,15.91369935160015,202210,1.0,19.0
1800002779,C000158,2022-10-21,2022-12-05,155546.2,Logistics,International,NT45,High,CLEARED,11.95470450152089,45,3,0,2.1052631578947367,0.631578947368421,19,137893.12368421053,10,4,4,0,0.6666666666666666,-1.4385964912280702,246168.57,1.1280199900048449,2619969.35,0.1808243249406128,45,0,0,15.91369935160015,202210,0.0,-1.0
1800002427,C000133,2022-10-21,2022-11-20,76036.33,Construction,Northeast,NT30,High,CLEARED,11.238979682887518,30,0,2,8.5,0.875,16,114439.935,10,4,4,0,13.666666666666666,5.166666666666666,223979.88,0.6644212966391496,1831038.96,0.3518526393715361,30,0,0,15.91369935160015,202210,0.0,0.0
1800002466,C000197,2022-10-22,2022-11-21,115855.04,Healthcare,West,NT30,High,CLEARED,11.660103664884723,30,2,4,25.0,0.9375,16,113867.520625,10,4,5,0,24.666666666666668,-0.33333333333333215,244520.22,1.0174546645442952,1821880.33,0.08534767365291519,30,0,0,15.91369935160015,202210,1.0,36.0
1800003684,C000127,2022-10-22,2023-01-20,143972.88,Retail,International,NT90,High,CLEARED,11.877387173216295,90,5,0,12.6,1.0,10,144471.079,10,4,5,0,6.666666666666667,-5.933333333333333,244835.16,0.9965515658673804,1444710.79,0.08602455946367112,90,0,0,15.91369935160015,202210,1.0,7.0
1800000800,C000017,2022-10-22,2023-01-20,52144.97,Logistics,Midwest,NT90,High,CLEARED,10.86180218035756,90,3,1,16.555555555555557,1.0,9,130563.46222222224,10,4,5,0,14.666666666666666,-1.888888888888891,243868.16,0.3993840934705605,1175071.1600000001,0.05889119421810903,90,0,0,15.91369935160015,202210,1.0,14.0
1800003386,C000164,2022-10-22,2022-12-21,196943.05,Manufacturing,Midwest,NT60,High,CLEARED,12.19067495722932,60,4,1,3.3,0.7,10,141277.577,10,4,5,0,0.0,-3.3,225129.53,1.3940149185882484,1412775.77,0.38191622674938686,60,0,0,15.91369935160015,202210,1.0,2.0
1800003955,C000040,2022-10-22,2022-11-05,162300.35,Construction,West,NT14,High,CLEARED,11.997210071397848,14,0,4,28.23076923076923,1.0,13,135205.15076923076,10,4,5,0,31.666666666666668,3.435897435897438,234235.26,1.2004006435895,1757666.96,1.0918490649405936,14,0,0,15.91369935160015,202210,1.0,42.0
1800001943,C000152,2022-10-22,2022-11-05,152653.48,Construction,West,NT14,Medium,CLEARED,11.935932345914491,14,0,4,1.5,0.5,16,123027.78375,10,4,5,0,2.0,0.5,241179.08,1.2408049250907522,1968444.54,0.11456706326430635,14,0,0,15.91369935160015,202210,1.0,5.0
1800002526,C000187,2022-10-23,2022-12-07,129020.03,Manufacturing,West,NT45,High,CLEARED,11.767730693312776,45,4,4,21.25,1.0,8,121968.8675,10,4,6,0,6.666666666666667,-14.583333333333332,240348.44,1.0578111664437648,975750.94,0.4192887944657012,45,0,0,15.91369935160015,202210,1.0,22.0
1800000383,C000178,2022-10-23,2022-11-06,136957.42,Retail,West,NT14,Medium,CLEARED,11.827432655094073,14,5,4,1.875,0.5,16,102484.99,10,4,6,0,1.0,-0.875,209270.35,1.3363656473011316,1639759.84,0.12273639898297141,14,0,0,15.91369935160015,202210,1.0,2.0
1800002768,C000148,2022-10-23,2022-12-07,51488.87,Construction,Northeast,NT45,High,CLEARED,10.84914036827491,45,0,2,12.8,0.9,20,134918.5185,10,4,6,0,8.333333333333334,-4.466666666666667,248646.7,0.3816293758072951,2698370.37,0.03998110154584044,45,0,0,15.91369935160015,202210,1.0,12.0
1800003103,C000159,2022-10-23,2022-12-22,206087.1,Healthcare,Northeast,NT60,High,CLEARED,12.236059026249924,60,2,2,1.8571428571428572,0.6428571428571429,14,135517.10428571427,10,4,6,0,1.6666666666666667,-0.19047619047619047,236351.84,1.5207460422523578,1897239.46,0.6206473663871279,60,0,0,15.91369935160015,202210,1.0,3.0
1800001101,C000044,2022-10-24,2023-01-22,236872.45,Manufacturing,West,NT90,High,CLEARED,12.3752813112618,90,4,4,26.25,0.9166666666666666,12,134808.93000000002,10,4,0,0,32.333333333333336,6.083333333333336,243770.4,1.757097619571641,1617707.1600000001,0.3768372395276937,90,0,1,15.91369935160015,202210,1.0,13.0
1800001747,C000044,2022-10-24,2023-01-22,41501.47,Manufacturing,West,NT90,High,CLEARED,10.633508222519948,90,4,4,25.23076923076923,0.9230769230769231,13,142659.97,10,4,0,0,25.0,-0.23076923076922995,243770.4,0.290911809388436,1854579.61,0.06602413826994821,90,0,1,15.91369935160015,202210,1.0,19.0
1800001700,C000102,2022-10-24,2022-12-08,242216.98,Healthcare,Northeast,NT45,High,CLEARED,12.397593343514217,45,2,2,3.272727272727273,0.8181818181818182,11,61206.3590909091,10,4,0,0,4.333333333333333,1.06060606060606,131822.42,3.957382592227679,673269.9500000001,0.3420534707894599,45,0,1,15.91369935160015,202210,0.0,-2.0
1800003749,C000035,2022-10-24,2023-01-22,22081.2,Healthcare,International,NT90,High,CLEARED,10.002527133108687,90,2,0,1.0416666666666667,0.5416666666666666,24,106816.66833333333,10,4,0,0,1.3333333333333333,0.2916666666666665,214743.13,0.2067205460021759,2563600.04,0.013975373338011455,90,0,1,15.91369935160015,202210,1.0,6.0
1800004790,C000075,2022-10-24,2022-12-08,184708.59,Retail,International,NT45,High,CLEARED,12.126540086875163,45,5,0,13.75,1.0,16,128430.953125,10,4,0,0,13.0,-0.75,248242.1,1.4381937181469469,2054895.25,0.10842061461944373,45,0,1,15.91369935160015,202210,1.0,5.0
1800001207,C000074,2022-10-24,2023-01-22,132401.04,Retail,Northeast,NT90,High,CLEARED,11.79359833022133,90,5,2,1.6842105263157894,0.5263157894736842,19,102465.83157894737,10,4,0,0,0.3333333333333333,-1.3508771929824561,241463.48,1.2921482015981913,1946850.8,0.7101196021881166,90,0,1,15.91369935160015,202210,0.0,-1.0
1800001614,C000122,2022-10-24,2022-11-07,44029.0,Manufacturing,Midwest,NT14,High,CLEARED,10.6926264987498,14,4,1,11.833333333333334,1.0,12,123157.53083333334,10,4,0,0,9.333333333333334,-2.5,225444.56,0.3575014836858298,1477890.37,0.031472104113771916,14,0,1,15.91369935160015,202210,1.0,6.0
1800002205,C000006,2022-10-25,2022-12-09,76844.89,Energy,South,NT45,High,CLEARED,11.249557266729827,45,1,3,1.7777777777777777,0.5555555555555556,9,136264.1688888889,10,4,1,0,0.3333333333333333,-1.4444444444444444,249161.14,0.5639405474425199,1226377.52,0.322069902575863,45,1,0,15.91369935160015,202210,1.0,3.0
1800002807,C000021,2022-10-25,2023-01-23,153657.93,Logistics,South,NT90,Medium,CLEARED,11.942490684971636,90,3,3,0.7142857142857143,0.42857142857142855,7,122316.44428571429,10,4,1,0,1.0,0.2857142857142857,240270.45,1.2562328057957304,856215.11,0.5620756255397786,90,1,0,15.91369935160015,202210,1.0,2.0
1800004499,C000141,2022-10-25,2023-01-23,150496.99,Healthcare,Northeast,NT90,High,CLEARED,11.921705007600155,90,2,2,13.636363636363637,0.9090909090909091,11,152885.76,10,4,1,0,14.666666666666666,1.0303030303030294,217062.14,0.9843754578582072,1681743.36,0.13535160066676702,90,1,0,15.91369935160015,202210,1.0,9.0
1800001345,C000152,2022-10-26,2022-11-09,233248.67,Construction,West,NT14,High,CLEARED,12.359864703917593,14,0,4,1.7058823529411764,0.5294117647058824,17,124770.47176470589,10,4,2,0,1.3333333333333333,-0.37254901960784315,241179.08,1.8694220411369769,2121098.02,0.1750540841401409,14,1,0,15.91369935160015,202210,1.0,3.0
1800001324,C000055,2022-10-26,2023-01-24,16769.34,Logistics,Midwest,NT90,High,CLEARED,9.727367128911078,90,3,1,14.23076923076923,0.9230769230769231,13,132416.73461538463,10,4,2,0,10.0,-4.23076923076923,241415.98,0.12664063986102614,1721417.55,0.00891552956095254,90,1,0,15.91369935160015,202210,1.0,12.0
1800003066,C000055,2022-10-26,2023-01-24,60457.85,Logistics,Midwest,NT90,High,CLEARED,11.009718247312325,90,3,1,14.071428571428571,0.9285714285714286,14,124156.20642857144,10,4,2,0,10.0,-4.071428571428571,241415.98,0.4869498814365122,1738186.8900000001,0.03214281235079225,90,1,0,15.91369935160015,202210,1.0,5.0
1800002079,C000100,2022-10-26,2023-01-24,75978.0,Energy,International,NT90,High,CLEARED,11.238212265296752,90,1,0,31.09090909090909,0.9090909090909091,11,105046.8,10,4,2,0,44.0,12.90909090909091,196637.07,0.7232776248300757,1155514.8,0.06309464667857359,90,1,0,15.91369935160015,202210,1.0,21.0
1800003556,C000113,2022-10-26,2022-12-25,200084.3,Healthcare,South,NT60,High,CLEARED,12.206499054604901,60,2,3,1.125,0.5625,16,81125.58687500001,10,4,2,0,2.0,0.875,245331.65,2.4663525739209016,1298009.3900000001,0.15517737149328237,60,1,0,15.91369935160015,202210,0.0,-2.0
1800003028,C000058,2022-10-27,2022-12-26,249246.3,Energy,Midwest,NT60,Medium,CLEARED,12.42620085526792,60,1,1,0.5384615384615384,0.46153846153846156,13,142852.20538461537,10,4,3,0,1.0,0.46153846153846156,242563.82,1.74478440377542,1857078.67,0.19368644013235775,60,1,0,15.91369935160015,202210,0.0,0.0
1800003679,C000038,2022-10-27,2022-12-26,197044.37,Energy,Midwest,NT60,High,CLEARED,12.191189285772628,60,1,1,1.5333333333333334,0.5333333333333333,15,117914.35666666667,10,4,3,0,1.0,-0.5333333333333334,243122.55,1.6710803974195167,1768715.35,0.4651654209021025,60,1,0,15.91369935160015,202210,0.0,-1.0
1800001936,C000116,2022-10-28,2022-12-12,99890.98,Manufacturing,Midwest,NT45,High,CLEARED,11.51184468113373,45,4,1,11.38888888888889,0.8888888888888888,18,138976.95722222223,10,4,4,0,10.0,-1.3888888888888893,207844.11,0.7187592964801762,2501585.23,0.16819209116315906,45,1,0,15.91369935160015,202210,1.0,10.0
1800000364,C000008,2022-10-28,2022-12-27,22317.87,Construction,South,NT60,High,CLEARED,10.013187787973502,60,0,3,2.2,0.7,10,72480.103,10,4,4,0,2.6666666666666665,0.46666666666666634,143602.72,0.3079171948748472,724801.03,0.013385321558164142,60,1,0,15.91369935160015,202210,1.0,5.0
1800000084,C000060,2022-10-29,2022-12-28,25044.54,Logistics,International,NT60,High,CLEARED,10.128451046749136,60,3,0,3.375,0.8125,16,115918.995,10,4,5,0,2.0,-1.375,241297.28,0.21605208016166808,1854703.92,0.021896513506550048,60,1,0,15.91369935160015,202210,0.0,0.0
1800000096,C000184,2022-10-29,2022-11-28,88559.9,Retail,International,NT30,High,CLEARED,11.391445729932505,30,5,0,31.384615384615383,1.0,13,122372.4276923077,10,4,5,0,43.0,11.615384615384617,247177.82,0.7236916164045902,1590841.56,0.06857640291054812,30,1,0,15.91369935160015,202210,1.0,29.0
1800003174,C000160,2022-10-29,2023-01-27,227006.25,Logistics,International,NT90,High,CLEARED,12.332737234279513,90,3,0,2.6666666666666665,0.8333333333333334,12,85508.9025,10,4,5,0,3.0,0.3333333333333335,192920.75,2.654767437811519,1026106.83,0.13085045984196975,90,1,0,15.91369935160015,202210,1.0,4.0
1800003297,C000108,2022-10-29,2022-11-12,8337.01,Retail,Northeast,NT14,High,CLEARED,9.028579857768399,14,5,2,29.0,0.9230769230769231,13,125314.74923076923,10,4,5,0,36.666666666666664,7.666666666666664,234687.86,0.06652856149157076,1629091.74,0.007074644229704504,14,1,0,15.91369935160015,202210,1.0,38.0
1800004881,C000106,2022-10-29,2022-11-28,65812.62,Healthcare,Northeast,NT30,High,CLEARED,11.09458208677521,30,2,2,11.363636363636363,1.0,11,99527.20181818181,10,4,5,0,13.333333333333334,1.9696969696969706,242710.29,0.6612525902238038,1094799.22,0.2410194088890982,30,1,0,15.91369935160015,202210,1.0,2.0
1800001956,C000085,2022-10-29,2022-12-28,200788.57,Manufacturing,West,NT60,High,CLEARED,12.210012723219592,60,4,4,15.071428571428571,1.0,14,103693.74714285714,10,4,5,0,13.0,-2.071428571428571,247874.28,1.9363614058943877,1451712.46,0.15104685794419903,60,1,0,15.91369935160015,202210,1.0,16.0
1800002077,C000078,2022-10-29,2022-11-28,119124.69,Construction,International,NT30,High,CLEARED,11.687934433174776,30,0,0,19.3,1.0,10,141948.998,10,4,5,0,25.0,5.699999999999999,215622.24,0.8392076850024683,1419489.98,0.14150403746963017,30,1,0,15.91369935160015,202210,1.0,26.0
1800004783,C000128,2022-10-29,2022-12-13,205240.09,Retail,Northeast,NT45,High,CLEARED,12.231940615897383,45,5,2,1.2727272727272727,0.5454545454545454,11,157260.34727272726,10,4,5,0,3.3333333333333335,2.0606060606060606,236385.24,1.3050975249600862,1729863.8199999998,0.14346072853399716,45,1,0,15.91369935160015,202210,0.0,-2.0
1800004649,C000175,2022-10-29,2023-01-27,108794.71,Construction,West,NT90,High,CLEARED,11.597227182479532,90,0,4,2.0,0.8333333333333334,12,113409.33833333333,10,4,5,0,1.6666666666666667,-0.33333333333333326,209031.8,0.959309979220847,1360912.06,0.06819219352341106,90,1,0,15.91369935160015,202210,1.0,3.0
1800000661,C000035,2022-10-29,2023-01-27,161183.97,Healthcare,International,NT90,High,CLEARED,11.990307866494312,90,2,0,1.24,0.56,25,103427.24960000001,10,4,5,0,2.6666666666666665,1.4266666666666665,214743.13,1.558428466611762,2585681.24,0.10201466210409027,90,1,0,15.91369935160015,202210,1.0,3.0
1800003286,C000079,2022-10-30,2022-12-14,98956.55,Manufacturing,Midwest,NT45,High,CLEARED,11.50244624928213,45,4,1,9.1,0.8,10,110767.992,10,4,6,0,1.0,-8.1,198680.88,0.8933677338847129,1107679.92,0.06254246736398346,45,1,0,15.91369935160015,202210,1.0,18.0
1800003025,C000079,2022-10-30,2022-12-14,23758.99,Manufacturing,Midwest,NT45,High,CLEARED,10.075758352601072,45,4,1,10.444444444444445,0.8888888888888888,9,120435.65888888888,10,4,6,0,2.0,-8.444444444444445,198680.88,0.19727537690410687,1083920.93,0.015016144526827271,45,1,0,15.91369935160015,202210,0.0,-3.0
1800003908,C000092,2022-10-30,2022-12-14,15954.6,Retail,Northeast,NT45,Medium,CLEARED,9.677565143771483,45,5,2,1.4210526315789473,0.47368421052631576,19,145639.66842105263,10,4,6,0,2.0,0.5789473684210527,244604.99,0.10954845045289678,2767153.7,0.023691420473398967,45,1,0,15.91369935160015,202210,1.0,4.0
1800002058,C000181,2022-10-30,2022-12-29,229633.15,Retail,International,NT60,High,CLEARED,12.344242669301105,60,5,0,1.7857142857142858,0.7142857142857143,14,125234.64571428571,10,4,6,0,0.0,-1.7857142857142858,236792.42,1.8336231854234037,1753285.04,0.36626959905457385,60,1,0,15.91369935160015,202210,0.0,-2.0
1800002299,C000125,2022-10-30,2022-11-29,41072.91,Logistics,South,NT30,High,CLEARED,10.623128405730476,30,3,3,2.125,0.625,8,100317.37000000001,10,4,6,0,1.0,-1.125,167788.66,0.40942969298337867,802538.9600000001,0.06173420792799551,30,1,0,15.91369935160015,202210,1.0,1.0
1800003836,C000149,2022-10-30,2022-11-13,86923.85,Retail,West,NT14,High,CLEARED,11.372799231249035,14,5,4,2.0,0.6,10,134651.98500000002,10,4,6,0,1.6666666666666667,-0.33333333333333326,226421.25,0.6455445123961596,1346519.85,0.12418555591940623,14,1,0,15.91369935160015,202210,1.0,6.0
1800000850,C000033,2022-10-31,2022-11-14,191747.31,Energy,Northeast,NT14,High,CLEARED,12.16393890563134,14,1,2,2.888888888888889,0.8333333333333334,18,123748.51833333334,10,4,0,0,1.3333333333333333,-1.5555555555555556,243987.46,1.5494917642852315,2227473.33,0.11107485865214586,14,1,1,15.91369935160015,202210,0.0,0.0
1800003976,C000051,2022-10-31,2022-12-30,10223.63,Energy,Midwest,NT60,High,CLEARED,9.23255479443721,60,1,1,14.583333333333334,1.0,12,149888.82166666668,10,4,0,0,9.333333333333334,-5.25,243046.07,0.0682080884105956,1798665.86,0.010834055691668485,60,1,1,15.91369935160015,202210,1.0,5.0
1800002775,C000108,2022-10-31,2022-11-14,191296.81,Retail,Northeast,NT14,High,CLEARED,12.161586707375362,14,5,2,29.642857142857142,0.9285714285714286,14,116959.19642857143,10,4,0,0,35.666666666666664,6.023809523809522,234687.86,1.6355858781641643,1637428.75,0.16233120423597655,14,1,1,15.91369935160015,202210,1.0,58.0
1800004778,C000029,2022-10-31,2022-12-15,118301.73,Construction,International,NT45,High,CLEARED,11.681002126623287,45,0,0,2.25,0.6666666666666666,12,108758.66083333333,10,4,0,0,1.3333333333333333,-0.9166666666666667,230369.45,1.0877453721252683,1305103.93,0.06128011395054442,45,1,1,15.91369935160015,202210,1.0,3.0
1800003403,C000064,2022-10-31,2023-01-29,115875.44,Construction,West,NT90,High,CLEARED,11.660279729975406,90,0,4,2.5714285714285716,0.7142857142857143,7,109388.51857142858,10,4,0,0,1.6666666666666667,-0.9047619047619049,240204.86,1.059301666329228,765719.63,0.32977336921747263,90,1,1,15.91369935160015,202210,0.0,-2.0
1800002814,C000188,2022-10-31,2022-12-15,70627.75,Construction,International,NT45,High,CLEARED,11.165192564384261,45,0,0,2.090909090909091,0.5454545454545454,11,127186.14181818183,10,4,0,0,3.6666666666666665,1.5757575757575757,242705.68,0.5553101068272475,1399047.56,0.04230671843285891,45,1,1,15.91369935160015,202210,1.0,1.0
1800001921,C000024,2022-10-31,2022-12-15,227967.34,Construction,International,NT45,High,CLEARED,12.336962038645561,45,0,0,24.294117647058822,1.0,17,148950.92294117645,10,4,0,0,16.666666666666668,-7.627450980392155,249295.78,1.5304862534489203,2532165.69,0.655009730730308,45,1,1,15.91369935160015,202210,1.0,25.0
1800004467,C000092,2022-10-31,2022-12-15,142988.6,Retail,Northeast,NT45,Medium,CLEARED,11.870527179324561,45,5,2,1.55,0.5,20,139155.41499999998,10,4,0,0,1.3333333333333333,-0.21666666666666679,244604.99,1.027546071419499,2783108.3,0.212327670107847,45,1,1,15.91369935160015,202210,1.0,2.0
1800002404,C000021,2022-10-31,2023-01-29,194026.48,Logistics,South,NT90,Medium,CLEARED,12.17575507749866,90,3,3,0.875,0.5,8,126234.13,10,4,0,0,1.6666666666666667,0.7916666666666667,240270.45,1.5370366160086817,1009873.04,0.7097424462068529,90,1,1,15.91369935160015,202210,1.0,4.0
1800001289,C000064,2022-11-01,2023-01-30,176309.39,Construction,West,NT90,High,CLEARED,12.080001300285291,90,0,4,2.0,0.625,8,110199.38375000001,11,4,1,0,0.0,-2.0,240204.86,1.599912667388215,881595.0700000001,0.501764149201741,90,0,0,16.249896079203022,202211,1.0,2.0
1800001695,C000033,2022-11-01,2022-11-15,237224.69,Energy,Northeast,NT14,High,CLEARED,12.376767245468775,14,1,2,2.736842105263158,0.7894736842105263,19,127327.40210526316,11,4,1,0,0.3333333333333333,-2.4035087719298245,243987.46,1.8631079098266954,2419220.64,0.13741887127672936,14,0,0,16.249896079203022,202211,0.0,0.0
1800002081,C000004,2022-11-02,2023-01-31,165958.26,Manufacturing,West,NT90,High,CLEARED,12.019497615531103,90,4,4,7.363636363636363,0.8181818181818182,11,133675.83,11,4,2,0,2.6666666666666665,-4.696969696969697,240848.93,1.241497883349593,1470434.13,0.13840603612765673,90,0,0,16.249896079203022,202211,1.0,8.0
1800004514,C000152,2022-11-02,2022-11-16,36698.52,Construction,West,NT14,High,CLEARED,10.510518954938057,14,0,4,1.7777777777777777,0.5555555555555556,18,130797.03833333333,11,4,2,0,2.3333333333333335,0.5555555555555558,241179.08,0.2805760777738303,2354346.69,0.02754238987900185,14,0,0,16.249896079203022,202211,0.0,0.0
1800004286,C000101,2022-11-02,2022-11-16,172597.6,Manufacturing,West,NT14,High,CLEARED,12.058723946358707,14,4,4,10.454545454545455,0.8181818181818182,11,125566.02454545455,11,4,2,0,5.333333333333333,-5.121212121212122,215579.33,1.3745565380826417,1381226.27,0.4268291838497066,14,0,0,16.249896079203022,202211,1.0,5.0
1800004394,C000156,2022-11-02,2022-12-02,136384.37,Retail,Northeast,NT30,High,CLEARED,11.823239760574426,30,5,2,13.642857142857142,1.0,14,125734.015,11,4,2,0,15.333333333333334,1.6904761904761916,244580.13,1.0847054394946347,1760276.21,1.778960365464335,30,0,0,16.249896079203022,202211,1.0,15.0
1800003288,C000050,2022-11-02,2022-12-17,87348.2,Retail,Northeast,NT45,Medium,CLEARED,11.377669156962735,45,5,2,0.0,0.4,5,102034.92799999999,11,4,2,0,-1.0,-1.0,194107.77,0.8560617595574724,510174.63999999996,0.28618800695187435,45,0,0,16.249896079203022,202211,0.0,0.0
1800003934,C000075,2022-11-03,2022-12-18,129330.37,Retail,International,NT45,High,CLEARED,11.770133149409705,45,5,0,13.235294117647058,1.0,17,131741.40235294116,11,4,3,0,9.666666666666666,-3.568627450980392,248242.1,0.9816987499003396,2239603.84,0.07591459717363479,45,0,0,16.249896079203022,202211,1.0,8.0
1800002377,C000193,2022-11-03,2022-12-18,239765.31,Logistics,South,NT45,High,CLEARED,12.387420019628884,45,3,3,9.4,0.8,5,131626.682,11,4,3,0,6.0,-3.4000000000000004,214555.25,1.8215555262572067,658133.41,0.2473388528825371,45,0,0,16.249896079203022,202211,1.0,12.0
1800000542,C000057,2022-11-04,2022-12-04,121253.26,Manufacturing,Midwest,NT30,Medium,CLEARED,11.705644942203163,30,4,1,1.2777777777777777,0.5,18,109179.88444444444,11,4,4,0,0.3333333333333333,-0.9444444444444444,240567.15,1.1105824174204821,1965237.92,0.09423115514218372,30,0,0,16.249896079203022,202211,1.0,1.0
1800000918,C000044,2022-11-04,2023-02-02,151495.98,Manufacturing,West,NT90,High,CLEARED,11.928320969739477,90,4,4,24.785714285714285,0.9285714285714286,14,135434.36285714287,11,4,4,0,19.0,-5.785714285714285,243770.4,1.118593367325832,1896081.08,0.24101294558629635,90,0,0,16.249896079203022,202211,1.0,41.0
1800002916,C000110,2022-11-04,2022-12-04,160242.53,Logistics,South,NT30,High,CLEARED,11.98444999955287,30,3,3,12.125,0.875,8,77576.36624999999,11,4,4,0,12.333333333333334,0.20833333333333393,163091.42,2.065610156108595,620610.9299999999,0.09381486663716516,30,0,0,16.249896079203022,202211,1.0,18.0
1800002150,C000109,2022-11-04,2023-02-02,95557.94,Healthcare,West,NT90,High,CLEARED,11.467498508870898,90,2,4,34.666666666666664,1.0,12,131491.56666666668,11,4,4,0,40.666666666666664,6.0,215869.2,0.7267229558701737,1577898.8,0.218796694358539,90,0,0,16.249896079203022,202211,1.0,26.0
1800002547,C000180,2022-11-05,2023-01-04,207582.14,Manufacturing,Midwest,NT60,High,CLEARED,12.243287213103013,60,4,1,14.636363636363637,0.9090909090909091,11,84084.13454545454,11,4,5,0,11.333333333333334,-3.3030303030303028,189417.68,2.468743254862003,924925.48,0.12110947409963667,60,0,0,16.249896079203022,202211,1.0,13.0
1800000194,C000029,2022-11-05,2022-12-20,190293.61,Construction,International,NT45,High,CLEARED,12.156328729183695,45,0,0,2.3076923076923075,0.6923076923076923,13,109492.74307692307,11,4,5,0,1.6666666666666667,-0.6410256410256407,230369.45,1.7379563672663771,1423405.66,0.09857179692013344,45,0,0,16.249896079203022,202211,1.0,6.0
1800000728,C000150,2022-11-06,2022-12-06,240570.71,Healthcare,Midwest,NT30,High,CLEARED,12.39077349456214,30,2,1,9.666666666666666,1.0,12,125087.77333333333,11,4,6,0,9.666666666666666,0.0,233825.5,1.923215223912638,1501053.28,0.23674384284538,30,0,0,16.249896079203022,202211,1.0,18.0
1800002925,C000188,2022-11-06,2022-12-21,1022.99,Construction,International,NT45,High,CLEARED,6.931462039926769,45,0,0,2.0,0.5833333333333334,12,122472.9425,11,4,6,0,3.0,1.0,242705.68,0.008352783717922021,1469675.31,0.000612781093686693,45,0,0,16.249896079203022,202211,1.0,6.0
1800003525,C000038,2022-11-06,2023-01-05,159738.38,Energy,Midwest,NT60,Medium,CLEARED,11.981298891156724,60,1,1,1.375,0.5,16,122859.9825,11,4,6,0,0.6666666666666666,-0.7083333333333334,243122.55,1.3001660650570255,1965759.72,0.37709664461319037,60,0,0,16.249896079203022,202211,1.0,1.0
1800002428,C000120,2022-11-07,2022-12-07,22539.8,Manufacturing,South,NT30,High,CLEARED,10.023082279421777,30,4,3,3.4166666666666665,0.75,12,146143.63499999998,11,4,0,0,1.0,-2.4166666666666665,225243.15,0.1542304596433502,1753723.6199999999,0.02675236551642185,30,0,1,16.249896079203022,202211,1.0,5.0
1800002004,C000089,2022-11-07,2023-01-06,75290.58,Logistics,International,NT60,High,CLEARED,11.22912358814662,60,3,0,12.333333333333334,0.8,15,118954.21333333333,11,4,0,0,8.333333333333334,-4.0,216198.26,0.6329374798101589,1784313.2,0.0853494883287146,60,0,1,16.249896079203022,202211,1.0,7.0
1800004949,C000043,2022-11-07,2023-01-06,148956.86,Healthcare,Midwest,NT60,High,CLEARED,11.911418726134873,60,2,1,1.6428571428571428,0.7142857142857143,14,113333.87357142857,11,4,0,0,2.3333333333333335,0.6904761904761907,204121.46,1.3143189701896147,1586674.23,0.0777124572209886,60,0,1,16.249896079203022,202211,1.0,2.0
1800003104,C000056,2022-11-07,2022-11-21,67188.09,Logistics,South,NT14,Medium,CLEARED,11.115266162140383,14,3,3,1.6,0.4,5,110225.214,11,4,0,0,1.0,-0.6000000000000001,144494.64,0.6095528197386851,551126.0700000001,0.1902680088451794,14,0,1,16.249896079203022,202211,1.0,5.0
1800004991,C000156,2022-11-07,2022-12-07,11069.08,Retail,Northeast,NT30,High,CLEARED,9.312001252415504,30,5,2,13.733333333333333,1.0,15,126444.03866666667,11,4,0,0,15.333333333333334,1.6000000000000014,244580.13,0.08754133541384615,1896660.58,0.1443820476067306,30,0,1,16.249896079203022,202211,1.0,20.0
1800001258,C000135,2022-11-08,2023-02-06,29437.46,Healthcare,West,NT90,Medium,CLEARED,10.290057261691999,90,2,4,0.6666666666666666,0.4666666666666667,15,107680.77866666667,11,4,1,0,-2.3333333333333335,-3.0,235519.4,0.2733771093086697,1615211.68,0.04673810009837282,90,0,0,16.249896079203022,202211,1.0,4.0
1800001742,C000134,2022-11-08,2023-02-06,136959.97,Construction,West,NT90,High,CLEARED,11.827451273710302,90,0,4,1.5454545454545454,0.5454545454545454,11,102282.86272727273,11,4,1,0,4.666666666666667,3.1212121212121215,200176.06,1.3390314501187788,1125111.49,0.08603312469500352,90,0,0,16.249896079203022,202211,0.0,0.0
1800004888,C000090,2022-11-09,2023-01-08,30093.67,Logistics,Northeast,NT60,High,CLEARED,10.312103358645128,60,3,2,27.307692307692307,1.0,13,173484.2030769231,11,4,2,0,27.0,-0.3076923076923066,249899.17,0.17346634140894332,2255294.64,0.03244124745779872,60,0,0,16.249896079203022,202211,1.0,22.0
1800003427,C000035,2022-11-09,2023-02-07,96637.76,Healthcare,International,NT90,High,CLEARED,11.478735181960495,90,2,0,1.3076923076923077,0.5769230769230769,26,105648.66192307693,11,4,2,0,3.6666666666666665,2.3589743589743586,214743.13,0.9147087927186641,2746865.21,0.06116283420054842,90,0,0,16.249896079203022,202211,1.0,2.0
1800004116,C000042,2022-11-09,2023-01-08,148303.64,Manufacturing,South,NT60,High,CLEARED,11.907023815566438,60,4,3,1.7333333333333334,0.6666666666666666,15,131064.14933333333,11,4,2,0,1.6666666666666667,-0.06666666666666665,245065.83,1.1315347541975171,1965962.24,2.736078581642821,60,0,0,16.249896079203022,202211,0.0,0.0
1800003791,C000040,2022-11-09,2022-11-23,128653.11,Construction,West,NT14,High,CLEARED,11.764882764343003,14,0,4,29.214285714285715,1.0,14,137140.52214285714,11,4,2,0,40.0,10.785714285714285,234235.26,0.9381115660766121,1919967.31,0.8654927599059358,14,0,0,16.249896079203022,202211,1.0,42.0
1800004030,C000128,2022-11-10,2022-12-25,163287.19,Retail,Northeast,NT45,Medium,CLEARED,12.003271955461463,45,5,2,1.0,0.5,12,161258.65916666665,11,4,3,0,3.0,2.0,236385.24,1.0125793606607927,1935103.91,0.11413607954308155,45,0,0,16.249896079203022,202211,0.0,0.0
1800003772,C000065,2022-11-10,2022-12-10,120901.69,Healthcare,Northeast,NT30,High,CLEARED,11.702741286148578,30,2,2,26.692307692307693,0.8461538461538461,13,141560.5023076923,11,4,3,0,17.333333333333332,-9.358974358974361,249901.83,0.8540637256090767,1840286.53,0.3024407629015386,30,0,0,16.249896079203022,202211,1.0,26.0
1800000924,C000168,2022-11-11,2023-01-10,90455.63,Construction,South,NT60,High,CLEARED,11.412625788302952,60,0,3,2.5714285714285716,0.7857142857142857,14,121271.01642857143,11,4,4,0,4.0,1.4285714285714284,245921.07,0.7458965271663104,1697794.23,1.1317164661816124,60,0,0,16.249896079203022,202211,1.0,1.0
1800003788,C000013,2022-11-11,2023-01-10,14140.79,Retail,West,NT60,High,CLEARED,9.556889522669122,60,5,4,1.7,0.6,10,106931.893,11,4,4,0,2.6666666666666665,0.9666666666666666,231196.03,0.13224108919497013,1069318.93,0.010159227876294991,60,0,0,16.249896079203022,202211,1.0,2.0
1800000032,C000077,2022-11-11,2022-12-26,81619.09,Manufacturing,International,NT45,Medium,CLEARED,11.309830711630102,45,4,0,0.6428571428571429,0.42857142857142855,14,108709.23785714286,11,4,4,0,-1.0,-1.6428571428571428,195546.68,0.7508017865717851,1521929.33,0.09382902865927088,45,0,0,16.249896079203022,202211,1.0,7.0
1800003143,C000186,2022-11-11,2022-11-25,112427.45,Retail,International,NT14,High,CLEARED,11.630072298292818,14,5,0,11.5,0.875,16,111933.381875,11,4,4,0,11.333333333333334,-0.16666666666666607,245546.85,1.0044139479815926,1790934.11,0.3671064206975004,14,0,0,16.249896079203022,202211,1.0,10.0
1800003430,C000020,2022-11-11,2022-11-25,237488.72,Healthcare,West,NT14,Medium,CLEARED,12.377879617309517,14,2,4,1.75,0.5,12,105486.32833333332,11,4,4,0,0.0,-1.75,226804.35,2.2513696680155886,1265835.94,0.11919511480186605,14,0,0,16.249896079203022,202211,1.0,1.0
1800002597,C000070,2022-11-11,2023-02-09,248201.18,Energy,Midwest,NT90,Medium,CLEARED,12.421998934953395,90,1,1,1.125,0.375,16,141081.106875,11,4,4,0,2.6666666666666665,1.5416666666666665,243557.77,1.7592800729860307,2257297.71,0.1410053794830422,90,0,0,16.249896079203022,202211,1.0,4.0
1800004613,C000038,2022-11-12,2023-01-11,147409.32,Energy,Midwest,NT60,High,CLEARED,11.900975269855058,60,1,1,1.3529411764705883,0.5294117647058824,17,125029.3,11,4,5,0,1.0,-0.3529411764705883,243122.55,1.1789982028212587,2125498.1,0.3479912589367193,60,0,0,16.249896079203022,202211,0.0,-4.0
1800000712,C000068,2022-11-12,2022-12-27,241014.6,Manufacturing,Northeast,NT45,High,CLEARED,12.392616940668333,45,4,2,2.111111111111111,0.7777777777777778,9,119466.1811111111,11,4,5,0,3.3333333333333335,1.2222222222222223,232651.41,2.0174295165243556,1075195.63,0.1802564963366657,45,0,0,16.249896079203022,202211,0.0,0.0
1800002170,C000092,2022-11-12,2022-12-27,131252.69,Retail,Northeast,NT45,High,CLEARED,11.784887294344385,45,5,2,1.5714285714285714,0.5238095238095238,21,139337.94761904763,11,4,5,0,1.6666666666666667,0.09523809523809534,244604.99,0.941973756918303,2926096.9,0.1949006974198468,45,0,0,16.249896079203022,202211,1.0,5.0
1800001512,C000134,2022-11-12,2023-02-10,2984.32,Construction,West,NT90,Medium,CLEARED,8.001462222760972,90,0,4,1.4166666666666667,0.5,12,105172.62166666666,11,4,5,0,2.6666666666666665,1.2499999999999998,200176.06,0.028375445555198598,1262071.46,0.001874638076291875,90,0,0,16.249896079203022,202211,1.0,1.0
1800002487,C000192,2022-11-12,2023-01-11,56159.9,Logistics,Midwest,NT60,High,CLEARED,10.935976064212309,60,3,1,2.7,0.7,20,143077.9265,11,4,5,0,3.0,0.2999999999999998,237613.27,0.3925126773485916,2861558.5300000003,0.04126174618242757,60,0,0,16.249896079203022,202211,1.0,3.0
1800002841,C000033,2022-11-13,2022-11-27,157835.69,Energy,Northeast,NT14,High,CLEARED,11.96931616987347,14,1,2,2.6,0.75,20,132822.2665,11,4,6,0,0.3333333333333333,-2.2666666666666666,243987.46,1.1883225166918832,2656445.33,0.09143062792909018,14,0,0,16.249896079203022,202211,1.0,6.0
1800004142,C000183,2022-11-13,2022-11-27,183214.78,Logistics,International,NT14,High,CLEARED,12.118419862883908,14,3,0,11.0,0.9333333333333333,15,125652.95,11,4,6,0,13.333333333333334,2.333333333333334,212402.49,1.4581016999600884,1884794.25,0.10944495603245294,14,0,0,16.249896079203022,202211,1.0,7.0
1800002494,C000090,2022-11-13,2023-01-12,138366.28,Logistics,Northeast,NT60,High,CLEARED,11.837666878030024,60,3,2,26.928571428571427,1.0,14,163242.02214285714,11,4,6,0,18.666666666666668,-8.26190476190476,249899.17,0.8476143469903371,2285388.31,0.14916009676769454,60,0,0,16.249896079203022,202211,1.0,28.0
1800000486,C000096,2022-11-13,2023-02-11,197802.89,Healthcare,West,NT90,High,CLEARED,12.195031364306995,90,2,4,2.0,0.625,8,139675.53375,11,4,6,0,1.3333333333333333,-0.6666666666666667,246127.58,1.4161599006597676,1117404.27,0.1047492704767388,90,0,0,16.249896079203022,202211,0.0,-1.0
1800004630,C000006,2022-11-13,2022-12-28,210254.74,Energy,South,NT45,High,CLEARED,12.256079878294877,45,1,3,1.9,0.6,10,130322.241,11,4,6,0,1.0,-0.8999999999999999,249161.14,1.6133450314133257,1303222.41,0.8812130985926767,45,0,0,16.249896079203022,202211,0.0,-2.0
1800001102,C000032,2022-11-14,2023-02-12,51012.02,Manufacturing,International,NT90,High,CLEARED,10.839836173242112,90,4,0,2.75,0.75,8,126601.0325,11,4,0,0,4.333333333333333,1.583333333333333,230177.65,0.4029352604213555,1012808.26,0.10640274713046219,90,0,1,16.249896079203022,202211,0.0,0.0
1800001816,C000102,2022-11-14,2022-12-29,126023.27,Healthcare,Northeast,NT45,High,CLEARED,11.744229786432568,45,2,2,2.8333333333333335,0.75,12,76290.5775,11,4,0,0,2.0,-0.8333333333333335,242216.98,1.6518851230350171,915486.93,0.1779672791880124,45,0,1,16.249896079203022,202211,1.0,1.0
1800000242,C000096,2022-11-14,2023-02-12,149873.58,Healthcare,West,NT90,High,CLEARED,11.91755408999061,90,2,4,1.6666666666666667,0.5555555555555556,9,146134.12888888887,11,4,0,0,0.6666666666666666,-1.0,246127.58,1.0255891703022664,1315207.16,0.07936763799930906,90,0,1,16.249896079203022,202211,0.0,0.0
1800004808,C000156,2022-11-14,2022-12-14,80530.38,Retail,Northeast,NT30,High,CLEARED,11.296402201113644,30,5,2,14.125,1.0,16,119233.10375,11,4,0,0,16.333333333333332,2.208333333333332,244580.13,0.6754028660433995,1907729.66,1.050416218777722,30,0,1,16.249896079203022,202211,1.0,6.0
1800003117,C000074,2022-11-14,2023-02-12,187549.4,Retail,Northeast,NT90,Medium,CLEARED,12.141802888272355,90,5,2,1.55,0.5,20,103962.592,11,4,0,0,1.0,-0.55,241463.48,1.8040085033662876,2079251.84,1.0059022596697123,90,0,1,16.249896079203022,202211,1.0,6.0
1800003091,C000119,2022-11-14,2022-12-29,18647.62,Logistics,International,NT45,High,CLEARED,9.833527427696154,45,3,0,3.411764705882353,0.8235294117647058,17,115047.04823529412,11,4,0,0,3.0,-0.4117647058823528,221992.37,0.16208690519257743,1955799.82,0.016447118851112528,45,0,1,16.249896079203022,202211,1.0,2.0
1800004856,C000017,2022-11-15,2023-02-13,115082.86,Logistics,Midwest,NT90,High,CLEARED,11.653416358986874,90,3,1,16.3,1.0,10,122721.61300000001,11,4,1,0,17.0,0.6999999999999993,243868.16,0.9377554384002432,1227216.1300000001,0.12997163598781342,90,0,0,16.249896079203022,202211,1.0,10.0
1800004128,C000161,2022-11-15,2023-01-14,2264.32,Construction,Midwest,NT60,Medium,CLEARED,7.7254713082912065,60,0,1,0.9,0.45,20,91662.4995,11,4,1,0,-2.3333333333333335,-3.2333333333333334,213210.53,0.024702795716365994,1833249.99,0.0013722557120510665,60,0,0,16.249896079203022,202211,1.0,1.0
1800003927,C000184,2022-11-15,2022-12-15,160443.48,Retail,International,NT30,High,CLEARED,11.985703242705313,30,5,0,31.214285714285715,1.0,14,119957.24714285714,11,4,1,0,40.0,8.785714285714285,247177.82,1.3375055181862234,1679401.46,0.12423948907858377,30,0,0,16.249896079203022,202211,1.0,24.0
1800000140,C000200,2022-11-16,2022-12-31,108048.49,Healthcare,Northeast,NT45,Medium,CLEARED,11.590344641886873,45,2,2,0.7,0.5,10,97698.48000000001,11,4,2,0,-1.3333333333333333,-2.033333333333333,230600.01,1.1059382909539637,976984.8,0.05676060032026559,45,0,0,16.249896079203022,202211,1.0,4.0
1800000449,C000188,2022-11-16,2022-12-31,142243.92,Construction,International,NT45,High,CLEARED,11.865305639575853,45,0,0,2.3076923076923075,0.6153846153846154,13,113130.63846153846,11,4,2,0,3.6666666666666665,1.358974358974359,242705.68,1.257342148284254,1470698.3,0.08520551018864551,45,0,0,16.249896079203022,202211,1.0,3.0
1800003688,C000096,2022-11-16,2023-02-14,205683.74,Healthcare,West,NT90,Medium,CLEARED,12.234099887181811,90,2,4,1.5,0.5,10,146508.074,11,4,2,0,0.6666666666666666,-0.8333333333333334,246127.58,1.4039072003635786,1465080.74,0.10892268416263896,90,0,0,16.249896079203022,202211,1.0,12.0
1800003745,C000175,2022-11-16,2023-02-14,4911.24,Construction,West,NT90,High,CLEARED,8.499485328568223,90,0,4,2.076923076923077,0.8461538461538461,13,113054.36692307693,11,4,2,0,2.0,-0.0769230769230771,209031.8,0.043441400218902165,1469706.77,0.0030783503032446825,90,0,0,16.249896079203022,202211,1.0,4.0
1800000122,C000197,2022-11-16,2022-12-16,8633.62,Healthcare,West,NT30,High,CLEARED,9.06353498266398,30,2,4,25.647058823529413,0.9411764705882353,17,113984.43352941176,11,4,2,0,27.666666666666668,2.019607843137255,244520.22,0.07574385144241859,1937735.3699999999,0.006360184090422668,30,0,0,16.249896079203022,202211,1.0,29.0
1800001979,C000017,2022-11-16,2023-02-14,46102.83,Logistics,Midwest,NT90,High,CLEARED,10.73865130579407,90,3,1,15.727272727272727,1.0,11,122027.18090909091,11,4,2,0,14.333333333333334,-1.3939393939393927,243868.16,0.3778078757252138,1342298.99,0.05206735597957893,90,0,0,16.249896079203022,202211,1.0,26.0
1800004996,C000098,2022-11-16,2022-12-16,39612.36,Manufacturing,West,NT30,High,CLEARED,10.586921714082223,30,4,4,10.375,0.9375,16,136238.0075,11,4,2,0,7.333333333333333,-3.041666666666667,247663.32,0.2907585095150485,2179808.12,0.044019595276104266,30,0,0,16.249896079203022,202211,1.0,4.0
1800000881,C000061,2022-11-16,2022-12-16,168164.29,Energy,International,NT30,Medium,CLEARED,12.03270264375109,30,1,0,0.7333333333333333,0.4666666666666667,15,117580.764,11,4,2,0,2.3333333333333335,1.6,247291.55,1.4302023926294611,1763711.46,0.14180385399651985,30,0,0,16.249896079203022,202211,1.0,1.0
1800004166,C000037,2022-11-16,2023-01-15,136066.34,Logistics,South,NT60,High,CLEARED,11.820905189232159,60,3,3,2.7777777777777777,1.0,9,125044.85555555555,11,4,2,0,1.6666666666666667,-1.111111111111111,209829.99,1.0881402469176171,1125403.7,0.06909999936215232,60,0,0,16.249896079203022,202211,1.0,7.0
1800000324,C000030,2022-11-17,2022-12-17,7640.88,Healthcare,Midwest,NT30,High,CLEARED,8.941398925187928,30,2,1,33.0,1.0,14,140498.48714285714,11,4,3,0,42.333333333333336,9.333333333333336,245918.44,0.05438407313404626,1966978.82,0.00580057633324196,30,0,0,16.249896079203022,202211,1.0,8.0
1800003552,C000175,2022-11-17,2023-02-15,79560.21,Construction,West,NT90,High,CLEARED,11.28428194149982,90,0,4,2.2142857142857144,0.8571428571428571,14,105329.85785714285,11,4,3,0,3.0,0.7857142857142856,209031.8,0.7553433719421344,1474618.01,0.04986809778787245,90,0,0,16.249896079203022,202211,1.0,6.0
1800004879,C000195,2022-11-17,2023-01-16,140330.54,Logistics,Midwest,NT60,High,CLEARED,11.851763044817368,60,3,1,11.0,0.8571428571428571,14,103312.12,11,4,3,0,16.0,5.0,220702.53,1.3583163330691501,1446369.68,0.5056626941206858,60,0,0,16.249896079203022,202211,1.0,12.0
1800001823,C000184,2022-11-17,2022-12-17,243069.05,Retail,International,NT30,High,CLEARED,12.401104952385348,30,5,0,30.733333333333334,1.0,15,122656.32933333333,11,4,3,0,35.666666666666664,4.93333333333333,247177.82,1.9817081704722355,1839844.94,0.1882206405820712,30,0,0,16.249896079203022,202211,1.0,12.0
1800003381,C000177,2022-11-17,2023-02-15,78911.48,Manufacturing,Northeast,NT90,High,CLEARED,11.276094669230577,90,4,2,3.375,0.75,8,115553.5425,11,4,3,0,3.0,-0.375,183510.23,0.6828997042648,924428.34,0.06098664839425228,90,0,0,16.249896079203022,202211,1.0,1.0
1800002476,C000123,2022-11-17,2023-02-15,155259.43,Healthcare,Midwest,NT90,High,CLEARED,11.952859179503692,90,2,1,1.6666666666666667,0.6666666666666666,12,145907.84833333333,11,4,3,0,4.333333333333333,2.666666666666666,249060.7,1.0640923827846638,1750894.18,0.14305698794534516,90,0,0,16.249896079203022,202211,1.0,1.0
1800003687,C000052,2022-11-18,2022-12-02,139216.84,Construction,South,NT14,High,CLEARED,11.843795179590087,14,0,3,28.8,0.9,10,120194.032,11,4,4,0,34.333333333333336,5.533333333333335,189563.4,1.1582674920165752,1201940.32,0.13431758590642526,14,0,0,16.249896079203022,202211,1.0,23.0
1800001333,C000077,2022-11-18,2023-01-02,170955.43,Manufacturing,International,NT45,Medium,CLEARED,12.049164007697316,45,4,0,1.0666666666666667,0.4666666666666667,15,106903.22799999999,11,4,4,0,1.6666666666666667,0.6000000000000001,195546.68,1.5991605978446228,1603548.42,0.19652978170827412,45,0,0,16.249896079203022,202211,1.0,3.0
1800002712,C000101,2022-11-19,2022-12-03,99390.64,Manufacturing,West,NT14,High,CLEARED,11.506823284479907,14,4,4,10.0,0.8333333333333334,12,129485.32250000001,11,4,5,0,3.3333333333333335,-6.666666666666666,215579.33,0.7675822871738995,1553823.87,0.24579035718631081,14,0,0,16.249896079203022,202211,1.0,4.0
1800002746,C000191,2022-11-20,2023-02-18,158781.79,Energy,Midwest,NT90,High,CLEARED,11.975292446607282,90,1,1,23.42105263157895,0.9473684210526315,19,129741.3994736842,11,4,6,0,44.0,20.57894736842105,209665.59,1.223832875582679,2465086.59,2.0583218760151816,90,0,0,16.249896079203022,202211,1.0,48.0
1800003849,C000055,2022-11-20,2023-02-18,37142.31,Logistics,Midwest,NT90,High,CLEARED,10.522538953175719,90,3,1,13.466666666666667,0.9333333333333333,15,119909.64933333333,11,4,6,0,8.0,-5.466666666666667,241415.98,0.30975246951768803,1798644.74,0.019746952638986574,90,0,0,16.249896079203022,202211,1.0,14.0
1800004126,C000055,2022-11-20,2023-02-18,38093.46,Logistics,Midwest,NT90,High,CLEARED,10.547824143718048,90,3,1,13.5,0.9375,16,114736.690625,11,4,6,0,10.333333333333334,-3.166666666666666,241415.98,0.3320076585135514,1835787.05,0.020252637772802215,90,0,0,16.249896079203022,202211,1.0,4.0
1800002108,C000109,2022-11-20,2023-02-18,128414.63,Healthcare,West,NT90,High,CLEARED,11.76302739180159,90,2,4,34.0,1.0,13,128727.44153846154,11,4,6,0,41.0,7.0,215869.2,0.997569970048942,1673456.74,0.2940278594460583,90,0,0,16.249896079203022,202211,1.0,55.0
1800001638,C000010,2022-11-22,2023-01-06,97706.94,Manufacturing,South,NT45,High,CLEARED,11.489738103920114,45,4,3,11.9375,0.875,16,124168.3475,11,4,1,0,12.0,0.0625,241660.56,0.7868908781281799,1986693.56,0.12348488676355501,45,0,0,16.249896079203022,202211,1.0,24.0
1800002474,C000050,2022-11-22,2023-01-06,164212.77,Retail,Northeast,NT45,Medium,CLEARED,12.008924333629261,45,5,2,0.0,0.3333333333333333,6,99587.14,11,4,1,0,0.0,0.0,194107.77,1.648935495085008,597522.84,0.5380274048274211,45,0,0,16.249896079203022,202211,1.0,2.0
1800002184,C000138,2022-11-22,2022-12-22,213115.92,Construction,Northeast,NT30,High,CLEARED,12.26959621427778,30,0,2,2.6875,0.75,16,157209.323125,11,4,1,0,0.3333333333333333,-2.3541666666666665,248495.46,1.3556188383976926,2515349.17,0.5999233191438094,30,0,0,16.249896079203022,202211,1.0,3.0
1800003068,C000064,2022-11-23,2023-02-21,164914.06,Construction,West,NT90,High,CLEARED,12.013185832455157,90,0,4,2.0,0.6666666666666666,9,117544.94,11,4,2,0,0.6666666666666666,-1.3333333333333335,240204.86,1.4029873170210474,1057904.46,0.46933383983294846,90,0,0,16.249896079203022,202211,0.0,0.0
1800001344,C000091,2022-11-23,2023-01-07,40585.39,Healthcare,International,NT45,High,CLEARED,10.611188067715602,45,2,0,13.75,1.0,8,115267.7575,11,4,2,0,9.333333333333334,-4.416666666666666,242446.48,0.35209663899291177,922142.06,0.07857323831480426,45,0,0,16.249896079203022,202211,1.0,4.0
1800002570,C000194,2022-11-23,2023-02-21,91193.51,Construction,Midwest,NT90,High,CLEARED,11.420749976882068,90,0,1,10.61111111111111,0.9444444444444444,18,144484.08833333332,11,4,2,0,12.666666666666666,2.0555555555555554,240865.52,0.6311664561263741,2600713.59,0.06945842957602955,90,0,0,16.249896079203022,202211,1.0,12.0
1800004622,C000001,2022-11-23,2022-12-07,126189.36,Manufacturing,Midwest,NT14,High,CLEARED,11.745546839483842,14,4,1,10.75,0.9166666666666666,12,141666.71833333335,11,4,2,0,18.666666666666668,7.916666666666668,232262.82,0.8907480986683404,1700000.62,0.39177201938186945,14,0,0,16.249896079203022,202211,1.0,5.0
1800003193,C000107,2022-11-23,2023-01-22,126098.0,Retail,Midwest,NT60,High,CLEARED,11.74482259170745,60,5,1,29.647058823529413,1.0,17,134517.5805882353,11,4,2,0,40.0,10.352941176470587,229510.32,0.9374090691237748,2286798.87,0.1023945977669747,60,0,0,16.249896079203022,202211,1.0,36.0
1800001624,C000026,2022-11-23,2023-01-07,16183.79,Manufacturing,Midwest,NT45,High,CLEARED,9.691827191299339,45,4,1,2.0,0.6666666666666666,15,126881.27,11,4,2,0,1.6666666666666667,-0.33333333333333326,236806.85,0.12755066212688446,1903219.05,0.03114066219907304,45,0,0,16.249896079203022,202211,0.0,0.0
1800000847,C000084,2022-11-23,2023-01-22,181530.96,Logistics,West,NT60,High,CLEARED,12.109187005339614,60,3,4,13.333333333333334,1.0,12,108262.5825,11,4,2,0,8.333333333333334,-5.0,217639.26,1.67676546973189,1299150.99,0.423002459916517,60,0,0,16.249896079203022,202211,1.0,19.0
1800003651,C000137,2022-11-23,2022-12-07,228302.54,Logistics,Northeast,NT14,High,CLEARED,12.338431338310944,14,3,2,28.46153846153846,1.0,13,115642.27769230769,11,4,2,0,25.0,-3.46153846153846,235183.36,1.9742134499240003,1503349.6099999999,0.4033186662175741,14,0,0,16.249896079203022,202211,1.0,30.0
1800000347,C000127,2022-11-23,2023-02-21,132415.1,Retail,International,NT90,High,CLEARED,11.793704516300677,90,5,0,12.090909090909092,1.0,11,144425.78818181818,11,4,2,0,8.0,-4.090909090909092,244835.16,0.9168383407629538,1588683.67,0.079118724608676,90,0,0,16.249896079203022,202211,1.0,23.0
1800002701,C000063,2022-11-24,2022-12-08,201173.57,Manufacturing,Midwest,NT14,High,CLEARED,12.211928317569525,14,4,1,8.117647058823529,0.9411764705882353,17,111142.95294117648,11,4,3,0,4.333333333333333,-3.784313725490196,234352.78,1.8100434141467623,1889430.2000000002,0.3749160404805229,14,0,0,16.249896079203022,202211,1.0,9.0
1800004427,C000087,2022-11-25,2023-01-24,91279.57,Construction,South,NT60,High,CLEARED,11.421693229038809,60,0,3,7.7,0.7,10,157018.57,11,4,4,0,6.0,-1.7000000000000002,236206.27,0.5813297751979273,1570185.7,0.04963364212821599,60,1,0,16.249896079203022,202211,1.0,20.0
1800000565,C000180,2022-11-25,2023-01-24,40765.22,Manufacturing,Midwest,NT60,High,CLEARED,10.615609076283189,60,4,1,14.5,0.9166666666666666,12,94375.635,11,4,4,0,9.333333333333334,-5.166666666666666,207582.14,0.4319464446517367,1132507.6199999999,0.02378361816558973,60,1,0,16.249896079203022,202211,1.0,14.0
1800002750,C000061,2022-11-25,2022-12-25,79616.94,Energy,International,NT30,Medium,CLEARED,11.284994723323342,30,1,0,0.75,0.5,16,120742.234375,11,4,4,0,1.0,0.25,247291.55,0.6593959471772447,1931875.75,0.0671366610319568,30,1,0,16.249896079203022,202211,0.0,-2.0
1800004290,C000148,2022-11-25,2023-01-09,138189.04,Construction,Northeast,NT45,High,CLEARED,11.836385118254034,45,0,2,12.761904761904763,0.9047619047619048,21,130945.67809523811,11,4,4,0,8.0,-4.761904761904763,248646.7,1.0553157768177253,2749859.24,0.10730377343224286,45,1,0,16.249896079203022,202211,1.0,11.0
1800003659,C000115,2022-11-25,2023-02-23,115849.18,Healthcare,International,NT90,High,CLEARED,11.66005308359259,90,2,0,8.166666666666666,0.8333333333333334,6,154400.17666666667,11,4,4,0,5.333333333333333,-2.833333333333333,246733.75,0.7503176647919638,926401.0599999999,0.12881144190825256,90,1,0,16.249896079203022,202211,1.0,9.0
1800001068,C000047,2022-11-25,2022-12-25,89124.66,Construction,South,NT30,High,CLEARED,11.397802563018772,30,0,3,2.5555555555555554,0.8888888888888888,9,127536.23555555557,11,4,4,0,1.0,-1.5555555555555554,248675.38,0.6988183367006842,1147826.12,0.06521327019489086,30,1,0,16.249896079203022,202211,0.0,0.0
1800001093,C000155,2022-11-26,2023-01-25,237257.04,Energy,West,NT60,High,CLEARED,12.376903604201456,60,1,4,26.928571428571427,0.9285714285714286,14,94175.54142857144,11,4,5,0,33.333333333333336,6.404761904761909,249366.55,2.5193063549302814,1318457.58,0.12181793963183958,60,1,0,16.249896079203022,202211,1.0,24.0
1800002331,C000135,2022-11-26,2023-02-24,189021.82,Healthcare,West,NT90,Medium,CLEARED,12.149623027493943,90,2,4,0.875,0.5,16,102790.57125,11,4,5,0,0.6666666666666666,-0.20833333333333337,235519.4,1.8389023205277695,1644649.14,0.3001115158691208,90,1,0,16.249896079203022,202211,0.0,0.0
1800001876,C000158,2022-11-26,2023-01-10,206630.01,Logistics,International,NT45,High,CLEARED,12.238689921209698,45,3,0,1.95,0.6,20,138775.7775,11,4,5,0,0.0,-1.95,246168.57,1.4889486747786371,2775515.55,0.24020986736237895,45,1,0,16.249896079203022,202211,1.0,1.0
1800002683,C000175,2022-11-26,2023-02-24,41023.76,Construction,West,NT90,High,CLEARED,10.621931065849772,90,0,4,2.466666666666667,0.8666666666666667,15,103611.88133333334,11,4,5,0,4.333333333333333,1.8666666666666663,209031.8,0.3959368314915647,1554178.22,0.025713568067583157,90,1,0,16.249896079203022,202211,0.0,0.0
1800000643,C000180,2022-11-26,2023-01-25,28363.98,Manufacturing,Midwest,NT60,High,CLEARED,10.252910564666113,60,4,1,14.461538461538462,0.9230769230769231,13,90251.75692307691,11,4,5,0,14.666666666666666,0.2051282051282044,207582.14,0.3142762087631723,1173272.8399999999,0.016548373097861946,60,1,0,16.249896079203022,202211,1.0,1.0
1800004053,C000154,2022-11-27,2023-01-26,190520.93,Manufacturing,South,NT60,High,CLEARED,12.157522585033547,60,4,3,11.0,1.0,12,150151.07666666666,11,4,6,0,10.0,-1.0,242212.58,1.2688615641628322,1801812.92,0.1699595166115169,60,1,0,16.249896079203022,202211,1.0,23.0
1800002398,C000185,2022-11-27,2022-12-27,193621.98,Logistics,South,NT30,High,CLEARED,12.17366814512763,30,3,3,11.071428571428571,0.8571428571428571,14,146309.42785714284,11,4,6,0,15.333333333333334,4.261904761904763,232341.99,1.3233732291609626,2048331.99,1.526096359207346,30,1,0,16.249896079203022,202211,1.0,9.0
1800000986,C000093,2022-11-27,2022-12-27,203988.38,Manufacturing,Northeast,NT30,High,CLEARED,12.225823212647716,30,4,2,2.2941176470588234,0.7647058823529411,17,133230.83352941176,11,4,6,0,0.3333333333333333,-1.9607843137254901,245348.3,1.531089873088334,2264924.17,0.14537348229367356,30,1,0,16.249896079203022,202211,0.0,-3.0
1800001881,C000182,2022-11-27,2022-12-11,206168.39,Retail,West,NT14,High,CLEARED,12.236453391436854,14,5,4,14.416666666666666,1.0,12,96244.09249999998,11,4,6,0,11.0,-3.416666666666666,249682.11,2.142140724117691,1154929.1099999999,0.17872334999229084,14,1,0,16.249896079203022,202211,1.0,1.0
1800000635,C000052,2022-11-28,2022-12-12,146297.3,Construction,South,NT14,High,CLEARED,11.893402966981714,14,0,3,28.272727272727273,0.9090909090909091,11,121923.37818181817,11,4,0,0,25.333333333333332,-2.9393939393939412,189563.4,1.1999117985546153,1341157.16,0.14114887366088805,14,1,1,16.249896079203022,202211,1.0,4.0
1800002967,C000002,2022-11-28,2023-02-26,47298.46,Construction,South,NT90,High,CLEARED,10.76425415792437,90,0,3,3.0,0.75,8,148128.2225,11,4,0,0,2.0,-1.0,226364.41,0.3193075512669437,1185025.78,0.42239736258287697,90,1,1,16.249896079203022,202211,1.0,3.0
1800004370,C000068,2022-11-28,2023-01-12,119534.14,Manufacturing,Northeast,NT45,High,CLEARED,11.691365665704359,45,4,2,1.9,0.7,10,131621.023,11,4,0,0,1.3333333333333333,-0.5666666666666667,241014.6,0.908169054422256,1316210.23,0.08940041503301661,45,1,1,16.249896079203022,202211,0.0,0.0
1800001565,C000128,2022-11-28,2023-01-12,102221.63,Retail,Northeast,NT45,Medium,CLEARED,11.534908360811482,45,5,2,0.9230769230769231,0.46153846153846156,13,161414.7,11,4,0,0,1.3333333333333333,0.41025641025641013,236385.24,0.6332857540236422,2098391.1,0.07145187624763126,45,1,1,16.249896079203022,202211,1.0,3.0
1800000908,C000044,2022-11-28,2023-02-26,140153.77,Manufacturing,West,NT90,High,CLEARED,11.850502590976298,90,4,4,25.866666666666667,0.9333333333333333,15,136505.13733333335,11,4,0,0,24.333333333333332,-1.533333333333335,243770.4,1.026728903673105,2047577.06,0.2229687741069056,90,1,1,16.249896079203022,202211,1.0,38.0
1800003808,C000192,2022-11-28,2023-01-27,126893.43,Logistics,Midwest,NT60,High,CLEARED,11.751110759910162,60,3,1,2.7142857142857144,0.7142857142857143,21,138938.97285714286,11,4,0,0,4.333333333333333,1.6190476190476186,237613.27,0.9133033546352174,2917718.43,0.09323101538424462,60,1,1,16.249896079203022,202211,1.0,1.0
1800001570,C000102,2022-11-28,2023-01-12,66986.97,Healthcare,Northeast,NT45,High,CLEARED,11.112268330012864,45,2,2,2.6923076923076925,0.7692307692307693,13,80116.16923076924,11,4,0,0,2.0,-0.6923076923076925,242216.98,0.8361229779602734,1041510.2000000001,0.09459751990207055,45,1,1,16.249896079203022,202211,1.0,1.0
1800004651,C000048,2022-11-29,2022-12-13,50819.17,Manufacturing,International,NT14,High,CLEARED,10.836048602008269,14,4,0,1.8181818181818181,0.5454545454545454,11,150212.18454545454,11,4,1,0,0.0,-1.8181818181818181,231878.41,0.3383158973007413,1652334.03,0.04202319607502561,14,1,0,16.249896079203022,202211,1.0,6.0
1800002751,C000065,2022-11-29,2022-12-29,129609.55,Healthcare,Northeast,NT30,High,CLEARED,11.772289463908146,30,2,2,26.642857142857142,0.8571428571428571,14,140084.87285714285,11,4,1,0,19.333333333333332,-7.30952380952381,249901.83,0.9252215985674236,1961188.22,0.32422384816395133,30,1,0,16.249896079203022,202211,1.0,13.0
1800000650,C000060,2022-11-29,2023-01-28,218331.61,Logistics,International,NT60,High,CLEARED,12.293774912966692,60,3,0,3.176470588235294,0.7647058823529411,17,110573.4388235294,11,4,1,0,1.0,-2.176470588235294,241297.28,1.9745393859772067,1879748.46,0.19088795590862587,60,1,0,16.249896079203022,202211,0.0,0.0
1800001947,C000058,2022-11-29,2023-01-28,247101.88,Energy,Midwest,NT60,Medium,CLEARED,12.417560047109104,60,1,1,0.5,0.42857142857142855,14,150451.78357142856,11,4,1,0,1.3333333333333333,0.8333333333333333,249246.3,1.64239914033778,2106324.9699999997,0.19202003595324407,60,1,0,16.249896079203022,202211,1.0,2.0
1800004203,C000022,2022-11-29,2023-01-13,133681.01,Energy,Midwest,NT45,High,CLEARED,11.80321919906288,45,1,1,31.77777777777778,1.0,9,133316.78,11,4,1,0,36.666666666666664,4.888888888888886,226396.69,1.0027320641857687,1199851.02,0.14889971648674533,45,1,0,16.249896079203022,202211,1.0,29.0
1800003206,C000135,2022-11-29,2023-02-27,143288.71,Healthcare,West,NT90,Medium,CLEARED,11.87262380384092,90,2,4,0.8235294117647058,0.47058823529411764,17,107862.99764705882,11,4,1,0,1.0,0.17647058823529416,235519.4,1.328432484964478,1833670.96,0.22750067672097776,90,1,0,16.249896079203022,202211,1.0,1.0
1800001123,C000159,2022-11-29,2023-01-28,73541.47,Healthcare,Northeast,NT60,High,CLEARED,11.205618341454676,60,2,2,1.9333333333333333,0.6666666666666666,15,140221.77066666668,11,4,1,0,2.3333333333333335,0.40000000000000013,236351.84,0.5244654210994226,2103326.56,0.22147586955097132,60,1,0,16.249896079203022,202211,1.0,1.0
1800004008,C000152,2022-11-29,2022-12-13,81734.5,Construction,West,NT14,High,CLEARED,11.311243702996995,14,0,4,1.6842105263157894,0.5263157894736842,19,125844.4847368421,11,4,1,0,2.6666666666666665,0.9824561403508771,241179.08,0.6494881374493124,2391045.21,0.0613420777068197,14,1,0,16.249896079203022,202211,1.0,4.0
1800002336,C000086,2022-11-29,2022-12-13,45179.05,Manufacturing,West,NT14,Medium,CLEARED,10.718410896705755,14,4,4,-0.16666666666666666,0.5,6,118924.09166666667,11,4,1,0,0.6666666666666666,0.8333333333333333,216958.3,0.37989821378356825,713544.55,0.027922529630178407,14,1,0,16.249896079203022,202211,1.0,1.0
1800003736,C000030,2022-11-29,2022-12-29,119242.98,Healthcare,Midwest,NT30,High,CLEARED,11.688926925296027,30,2,1,31.333333333333332,1.0,15,131641.31333333332,11,4,1,0,35.333333333333336,4.0000000000000036,245918.44,0.9058173075048325,1974619.7,0.0905233438678849,30,1,0,16.249896079203022,202211,1.0,20.0
1800004574,C000139,2022-11-30,2023-02-28,122376.28,Retail,West,NT90,Medium,CLEARED,11.714864010915635,90,5,4,1.0,0.3333333333333333,9,135912.87111111113,11,4,2,0,0.3333333333333333,-0.6666666666666667,243387.7,0.9004024342915636,1223215.84,0.24407955456261343,90,1,0,16.249896079203022,202211,0.0,0.0
1800003079,C000165,2022-11-30,2023-01-29,208963.15,Retail,South,NT60,Medium,CLEARED,12.249917985133328,60,5,3,1.5,0.4375,16,112173.421875,11,4,2,0,1.0,-0.5,248402.81,1.8628579435943144,1794774.75,0.2149155167764508,60,1,0,16.249896079203022,202211,1.0,4.0
1800001644,C000098,2022-11-30,2022-12-30,132828.64,Manufacturing,West,NT30,High,CLEARED,11.796822683891754,30,4,4,10.0,0.9411764705882353,17,130554.14588235294,11,4,2,0,6.0,-4.0,247663.32,1.017421845183658,2219420.48,0.14760703411448736,30,1,0,16.249896079203022,202211,1.0,22.0
1800002819,C000178,2022-11-30,2022-12-14,68217.33,Retail,West,NT14,High,CLEARED,11.130468576048262,14,5,4,1.8823529411764706,0.5294117647058824,17,104512.78,11,4,2,0,1.3333333333333333,-0.5490196078431373,209270.35,0.6527175910926875,1776717.26,0.06113395997407825,14,1,0,16.249896079203022,202211,0.0,0.0
1800001743,C000005,2022-11-30,2022-12-14,26255.71,Logistics,Northeast,NT14,High,CLEARED,10.175676854402406,14,3,2,9.88888888888889,0.9444444444444444,18,151084.1611111111,11,4,2,0,12.333333333333334,2.4444444444444446,246455.43,0.17378201531456952,2719514.9,0.03679906492117161,14,1,0,16.249896079203022,202211,1.0,20.0
1800002492,C000197,2022-12-01,2022-12-31,116249.25,Healthcare,West,NT30,High,CLEARED,11.663500473984925,30,2,4,25.833333333333332,0.9444444444444444,18,108131.61055555556,12,4,3,1,31.0,5.166666666666668,244520.22,1.0750718444193874,1946368.99,0.08563807885609596,30,0,0,16.458918412450345,202212,1.0,49.0
1800000426,C000107,2022-12-01,2023-01-30,77317.47,Retail,Midwest,NT60,High,CLEARED,11.25568814523202,60,5,1,30.0,1.0,18,134049.82611111112,12,4,3,1,42.666666666666664,12.666666666666664,229510.32,0.5767815762469781,2412896.87,0.06278363844795423,60,0,0,16.458918412450345,202212,1.0,24.0
1800004823,C000154,2022-12-01,2023-01-30,157030.21,Manufacturing,South,NT60,High,CLEARED,11.964199854383287,60,4,3,11.923076923076923,1.0,13,153256.45,12,4,3,1,16.333333333333332,4.410256410256409,242212.58,1.0246238249678887,1992333.85,0.14008318448269694,60,0,0,16.458918412450345,202212,1.0,1.0
1800001477,C000032,2022-12-01,2023-03-01,20190.44,Manufacturing,International,NT90,High,CLEARED,9.91301403120041,90,4,0,2.4444444444444446,0.6666666666666666,9,118202.25333333334,12,4,3,1,2.6666666666666665,0.22222222222222188,230177.65,0.17081264891848083,1063820.28,0.042113962195042834,90,0,0,16.458918412450345,202212,0.0,-4.0
1800000674,C000060,2022-12-01,2023-01-30,233491.39,Logistics,International,NT60,High,CLEARED,12.360904764553567,60,3,0,3.0,0.7222222222222222,18,116560.00388888888,12,4,3,1,0.3333333333333333,-2.6666666666666665,241297.28,2.0031861891715126,2098080.07,0.20414219525685617,60,0,0,16.458918412450345,202212,1.0,3.0
1800002935,C000159,2022-12-01,2023-01-30,108178.39,Healthcare,Northeast,NT60,High,CLEARED,11.591546146659288,60,2,2,1.875,0.6875,16,136054.25187500002,12,4,3,1,2.6666666666666665,0.7916666666666665,236351.84,0.7951121593714616,2176868.0300000003,0.3257876541205132,60,0,0,16.458918412450345,202212,1.0,2.0
1800002832,C000116,2022-12-01,2023-01-15,180419.52,Manufacturing,Midwest,NT45,High,CLEARED,12.103045627370316,45,4,1,11.31578947368421,0.8947368421052632,19,136919.80052631578,12,4,3,1,13.333333333333334,2.0175438596491233,207844.11,1.3177021826388333,2601476.21,0.3037825472875869,45,0,0,16.458918412450345,202212,1.0,22.0
1800003406,C000030,2022-12-02,2023-01-01,36417.67,Healthcare,Midwest,NT30,High,CLEARED,10.5028368342183,30,2,1,30.625,1.0,16,130866.4175,12,4,4,1,29.0,-1.625,245918.44,0.27828124812845895,2093862.68,0.027646485053268173,30,0,0,16.458918412450345,202212,1.0,34.0
1800001437,C000196,2022-12-02,2022-12-16,78166.81,Healthcare,Midwest,NT14,High,CLEARED,11.26661320495906,14,2,1,2.0,0.8181818181818182,11,153838.08454545453,12,4,4,1,3.0,1.0,249974.99,0.5081109156484853,1692218.93,0.3263417422191643,14,0,0,16.458918412450345,202212,0.0,0.0
1800000046,C000200,2022-12-02,2023-01-16,216878.25,Healthcare,Northeast,NT45,High,CLEARED,12.287096026033037,45,2,2,1.0,0.5454545454545454,11,98639.39,12,4,4,1,0.0,-1.0,230600.01,2.1986982076835635,1085033.29,0.11393162150075989,45,0,0,16.458918412450345,202212,1.0,3.0
1800002332,C000133,2022-12-03,2023-01-02,137107.17,Construction,Northeast,NT30,High,CLEARED,11.828525455313923,30,0,2,8.0,0.8235294117647058,17,112180.89941176471,12,4,5,1,4.0,-4.0,223979.88,1.2221971005664911,1907075.29,0.6344535518910749,30,0,0,16.458918412450345,202212,1.0,23.0
1800001591,C000059,2022-12-03,2022-12-17,3977.27,Retail,South,NT14,High,CLEARED,8.288602330413797,14,5,3,17.09090909090909,1.0,11,108984.29636363637,12,4,5,1,19.333333333333332,2.242424242424242,193103.84,0.03649397328519206,1198827.26,0.003077498429649954,14,0,0,16.458918412450345,202212,1.0,21.0
1800004377,C000089,2022-12-03,2023-02-01,15569.09,Logistics,International,NT60,High,CLEARED,9.653107045158158,60,3,0,12.0,0.8125,16,116225.23625,12,4,5,1,8.333333333333334,-3.666666666666666,216198.26,0.13395619146353854,1859603.78,0.01764913838150413,60,0,0,16.458918412450345,202212,1.0,16.0
1800004280,C000060,2022-12-04,2023-02-02,236058.37,Logistics,International,NT60,High,CLEARED,12.371838620166486,60,3,0,3.0,0.7368421052631579,19,122714.28736842105,12,4,6,1,1.0,-2.0,241297.28,1.9236421044543066,2331571.46,0.20638651326952656,60,0,0,16.458918412450345,202212,0.0,-3.0
1800000972,C000133,2022-12-05,2023-01-04,138359.25,Construction,Northeast,NT30,High,CLEARED,11.837616069930075,30,0,2,8.833333333333334,0.8333333333333334,18,113565.69222222222,12,4,0,1,8.666666666666666,-0.16666666666666785,223979.88,1.2183190829256993,2044182.46,0.64024746189047,30,0,1,16.458918412450345,202212,1.0,1.0
1800000956,C000007,2022-12-05,2023-03-05,15624.28,Energy,Midwest,NT90,High,CLEARED,9.656645394444041,90,1,1,7.384615384615385,0.7692307692307693,13,80958.06999999999,12,4,0,1,2.3333333333333335,-5.051282051282051,200066.13,0.19299224895059877,1052454.91,0.016518273403650186,90,0,1,16.458918412450345,202212,0.0,-1.0
1800003275,C000143,2022-12-05,2023-03-05,244176.37,Healthcare,Midwest,NT90,High,CLEARED,12.405650166421948,90,2,1,1.6363636363636365,0.5454545454545454,11,134143.74818181817,12,4,0,1,2.3333333333333335,0.696969696969697,248806.66,1.8202590378572383,1475581.23,0.25330522694153695,90,0,1,16.458918412450345,202212,1.0,1.0
1800004353,C000147,2022-12-05,2023-01-19,66406.58,Energy,International,NT45,High,CLEARED,11.103566485575659,45,1,0,14.0,0.9230769230769231,13,111770.23384615385,12,4,0,1,7.0,-7.0,208092.46,0.5941347505043726,1453013.04,0.06863895138508827,45,0,1,16.458918412450345,202212,1.0,3.0
1800002484,C000026,2022-12-05,2023-01-19,91758.87,Manufacturing,Midwest,NT45,High,CLEARED,11.426930335062929,45,4,1,1.875,0.625,16,119962.6775,12,4,0,1,1.3333333333333333,-0.5416666666666667,236806.85,0.764895148326445,1919402.84,0.1765613601287867,45,0,1,16.458918412450345,202212,1.0,1.0
1800000311,C000200,2022-12-06,2023-01-20,160653.58,Healthcare,Northeast,NT45,High,CLEARED,11.987011873319076,45,2,2,1.1666666666666667,0.5833333333333334,12,108492.62833333334,12,4,1,1,1.0,-0.16666666666666674,230600.01,1.4807787632022984,1301911.54,0.08439538252130883,45,0,0,16.458918412450345,202212,0.0,0.0
1800001291,C000104,2022-12-06,2022-12-20,67568.42,Manufacturing,Midwest,NT14,High,CLEARED,11.120910792818393,14,4,1,10.0,0.7777777777777778,9,103203.29888888888,12,4,1,1,10.666666666666666,0.6666666666666661,232781.35,0.6547118234344985,928829.69,0.36760761982400775,14,0,0,16.458918412450345,202212,1.0,5.0
1800000696,C000156,2022-12-06,2023-01-05,154303.58,Retail,Northeast,NT30,High,CLEARED,11.946683720347549,30,5,2,13.647058823529411,1.0,17,116956.47294117647,12,4,1,1,13.666666666666666,0.019607843137254832,244580.13,1.3193248404268085,1988260.04,2.012693632483365,30,0,0,16.458918412450345,202212,1.0,18.0
1800004356,C000196,2022-12-06,2022-12-20,118662.75,Healthcare,Midwest,NT14,High,CLEARED,11.684049142212313,14,2,1,1.8333333333333333,0.75,12,147532.145,12,4,1,1,1.6666666666666667,-0.16666666666666652,249974.99,0.8043179335594965,1770385.74,0.49540986221028005,14,0,0,16.458918412450345,202212,1.0,2.0
1800004971,C000150,2022-12-07,2023-01-06,195093.64,Healthcare,Midwest,NT30,High,CLEARED,12.181240053143087,30,2,1,10.307692307692308,1.0,13,133971.07615384617,12,4,2,1,10.666666666666666,0.3589743589743577,240570.71,1.4562370147416264,1741623.99,0.19199019717858898,30,0,0,16.458918412450345,202212,1.0,9.0
1800002488,C000175,2022-12-07,2023-03-07,185214.24,Construction,West,NT90,High,CLEARED,12.129273887225475,90,0,4,2.3125,0.8125,16,99700.12375,12,4,2,1,3.3333333333333335,1.0208333333333335,209031.8,1.8577132408022712,1595201.98,0.11609172263404628,90,0,0,16.458918412450345,202212,1.0,4.0
1800001424,C000031,2022-12-07,2023-03-07,17815.61,Energy,West,NT90,High,CLEARED,9.78788644723746,90,1,4,0.5714285714285714,0.7142857142857143,7,121862.98571428572,12,4,2,1,2.0,1.4285714285714286,246421.28,0.14619377570290007,853040.9,0.03649544603026619,90,0,0,16.458918412450345,202212,0.0,-2.0
1800002277,C000141,2022-12-07,2023-03-07,73354.29,Healthcare,Northeast,NT90,High,CLEARED,11.20306990094334,90,2,2,13.25,0.9166666666666666,12,152686.69583333333,12,4,2,1,11.333333333333334,-1.916666666666666,217062.14,0.4804235863488106,1832240.35,0.06597222022363518,90,0,0,16.458918412450345,202212,1.0,12.0
1800001539,C000078,2022-12-07,2023-01-06,24163.63,Construction,International,NT30,High,CLEARED,10.092645272761178,30,0,0,19.90909090909091,1.0,11,139874.0609090909,12,4,2,1,31.666666666666668,11.757575757575758,215622.24,0.17275275946771002,1538614.67,0.02870312783120174,30,0,0,16.458918412450345,202212,1.0,18.0
1800003884,C000063,2022-12-08,2022-12-22,164494.77,Manufacturing,Midwest,NT14,High,CLEARED,12.010640134571231,14,4,1,8.166666666666666,0.9444444444444444,18,116144.65388888889,12,4,3,1,6.666666666666667,-1.4999999999999991,234352.78,1.416292222605147,2090603.77,0.30655979236315334,14,0,0,16.458918412450345,202212,1.0,3.0
1800004915,C000137,2022-12-08,2022-12-22,11157.14,Logistics,Northeast,NT14,High,CLEARED,9.319924555378202,14,3,2,28.571428571428573,1.0,14,123689.43928571428,12,4,3,1,23.333333333333332,-5.238095238095241,235183.36,0.09020285049742813,1731652.15,0.019710174155761668,14,0,0,16.458918412450345,202212,1.0,22.0
1800001958,C000048,2022-12-08,2022-12-22,165472.05,Manufacturing,International,NT14,High,CLEARED,12.016563620660248,14,4,0,2.1666666666666665,0.5833333333333334,12,141929.43333333332,12,4,3,1,2.0,-0.16666666666666652,231878.41,1.165875506677849,1703153.2,0.13683152247638913,14,0,0,16.458918412450345,202212,0.0,0.0
1800001130,C000075,2022-12-08,2023-01-22,165007.08,Retail,International,NT45,High,CLEARED,12.01374972138071,45,5,0,12.944444444444445,1.0,18,131607.4561111111,12,4,3,1,5.666666666666667,-7.277777777777778,248242.1,1.2537821554782647,2368934.21,0.09685618319191175,45,0,0,16.458918412450345,202212,1.0,27.0
1800001954,C000052,2022-12-09,2022-12-23,225022.07,Construction,South,NT14,High,CLEARED,12.323958209263708,14,0,3,26.25,0.9166666666666666,12,123954.53833333333,12,4,4,1,18.0,-8.25,189563.4,1.8153596715828195,1487454.46,0.21710319827735378,14,0,0,16.458918412450345,202212,1.0,22.0
1800003462,C000190,2022-12-09,2022-12-23,155321.74,Manufacturing,Northeast,NT14,High,CLEARED,11.95326042468923,14,4,2,1.6875,0.5625,16,111272.753125,12,4,4,1,0.6666666666666666,-1.0208333333333335,182774.42,1.3958649861526915,1780364.05,0.10622304775088995,14,0,0,16.458918412450345,202212,0.0,-2.0
1800003743,C000009,2022-12-09,2023-01-23,34435.08,Manufacturing,International,NT45,High,CLEARED,10.446860130925339,45,4,0,13.066666666666666,1.0,15,111358.886,12,4,4,1,8.333333333333334,-4.7333333333333325,206735.83,0.3092261537170909,1670383.29,0.18550131350893545,45,0,0,16.458918412450345,202212,1.0,11.0
1800000525,C000156,2022-12-10,2023-01-09,235460.14,Retail,Northeast,NT30,High,CLEARED,12.36930116820715,30,5,2,13.88888888888889,1.0,18,119031.31222222223,12,4,5,1,14.666666666666666,0.7777777777777768,244580.13,1.978136135812854,2142563.62,3.071277571665166,30,0,0,16.458918412450345,202212,0.0,-5.0
1800000880,C000014,2022-12-10,2023-01-24,235455.02,Manufacturing,South,NT45,Medium,CLEARED,12.369279423406002,45,4,3,0.7,0.4,10,149003.792,12,4,5,1,0.6666666666666666,-0.033333333333333326,247283.58,1.5801948181291923,1490037.92,0.1453570230987912,45,0,0,16.458918412450345,202212,0.0,0.0
1800001303,C000114,2022-12-11,2023-01-10,190606.92,Manufacturing,West,NT30,High,CLEARED,12.157973822329494,30,4,4,15.222222222222221,1.0,9,139103.83222222223,12,4,6,1,20.666666666666668,5.444444444444446,245437.25,1.3702492372424375,1251934.49,0.17857018925204632,30,0,0,16.458918412450345,202212,1.0,6.0
1800000681,C000113,2022-12-11,2023-02-09,204775.99,Healthcare,South,NT60,High,CLEARED,12.229676812319736,60,2,3,0.9411764705882353,0.5294117647058824,17,88123.15823529412,12,4,6,1,0.3333333333333333,-0.607843137254902,245331.65,2.323747742372508,1498093.69,0.15881605839705903,60,0,0,16.458918412450345,202212,0.0,-1.0
1800002259,C000173,2022-12-11,2022-12-25,150535.96,Manufacturing,West,NT14,High,CLEARED,11.921963914416242,14,4,4,2.2666666666666666,0.7333333333333333,15,80857.71733333333,12,4,6,1,0.6666666666666666,-1.6,182042.8,1.8617389281399122,1212865.76,0.23745383099464845,14,0,0,16.458918412450345,202212,1.0,1.0
1800002386,C000123,2022-12-11,2023-03-11,200901.37,Healthcare,Midwest,NT90,High,CLEARED,12.21057434764733,90,2,1,1.6153846153846154,0.6923076923076923,13,146627.20076923078,12,4,6,1,2.6666666666666665,1.051282051282051,249060.7,1.3701507561082655,1906153.61,0.18511175048300338,90,0,0,16.458918412450345,202212,1.0,4.0
1800004010,C000027,2022-12-11,2022-12-25,144415.79,Logistics,South,NT14,High,CLEARED,11.880458772919765,14,3,3,9.3125,0.9375,16,139282.07625,12,4,6,1,5.0,-4.3125,248894.88,1.0368583947642007,2228513.22,0.08799159179943201,14,0,0,16.458918412450345,202212,1.0,5.0
1800002917,C000114,2022-12-11,2023-01-10,78105.67,Manufacturing,West,NT30,High,CLEARED,11.265830735510185,30,4,4,14.3,1.0,10,144254.141,12,4,6,1,15.666666666666666,1.3666666666666654,245437.25,0.5414449072903911,1442541.4100000001,0.07317333638022101,30,0,0,16.458918412450345,202212,1.0,7.0
1800003846,C000050,2022-12-12,2023-01-26,95570.4,Retail,Northeast,NT45,Medium,CLEARED,11.467628891101345,45,5,2,0.2857142857142857,0.42857142857142855,7,108819.37285714285,12,4,0,1,2.0,1.7142857142857144,194107.77,0.8782480314921867,761735.61,0.3131272573400873,45,0,1,16.458918412450345,202212,1.0,2.0
1800000387,C000122,2022-12-12,2022-12-26,116691.1,Manufacturing,Midwest,NT14,High,CLEARED,11.667294121038939,14,4,1,11.384615384615385,1.0,13,117070.72076923077,12,4,0,1,6.0,-5.384615384615385,225444.56,0.9967573380710701,1521919.37,0.08341126185810649,14,0,1,16.458918412450345,202212,1.0,7.0
1800002513,C000078,2022-12-12,2023-01-11,194024.11,Construction,International,NT30,High,CLEARED,12.17574286265943,30,0,0,19.75,1.0,12,130231.52500000001,12,4,0,1,34.0,14.25,215622.24,1.489839806452393,1562778.3,0.23047442920062702,30,0,1,16.458918412450345,202212,1.0,50.0
1800000214,C000132,2022-12-12,2022-12-26,20106.02,Healthcare,West,NT14,High,CLEARED,9.908824286803624,14,2,4,1.5833333333333333,0.5833333333333334,12,127064.69666666667,12,4,0,1,2.0,0.41666666666666674,249747.76,0.15823450987920615,1524776.36,0.0171087215199337,14,0,1,16.458918412450345,202212,0.0,-2.0
1800001128,C000175,2022-12-13,2023-03-13,158700.67,Construction,West,NT90,High,CLEARED,11.974781429458504,90,0,4,2.411764705882353,0.8235294117647058,17,104730.36588235294,12,4,1,1,3.3333333333333335,0.9215686274509807,209031.8,1.5153262252351307,1780416.22,0.09947309755166402,90,0,0,16.458918412450345,202212,1.0,1.0
1800004674,C000178,2022-12-13,2022-12-27,171641.35,Retail,West,NT14,Medium,CLEARED,12.05316823045895,14,5,4,1.7777777777777777,0.5,18,102496.36611111111,12,4,1,1,0.6666666666666666,-1.1111111111111112,209270.35,1.6746091253023772,1844934.59,0.1538189111300128,14,0,0,16.458918412450345,202212,1.0,3.0
1800000260,C000173,2022-12-13,2022-12-27,198123.83,Manufacturing,West,NT14,High,CLEARED,12.19665256556915,14,4,4,2.1875,0.75,16,85212.6075,12,4,1,1,-0.6666666666666666,-2.8541666666666665,182042.8,2.3250530151890962,1363401.72,0.3125184337671375,14,0,0,16.458918412450345,202212,0.0,0.0
1800002279,C000121,2022-12-13,2023-01-12,245352.54,Logistics,West,NT30,High,CLEARED,12.4104554697816,30,3,4,11.307692307692308,1.0,13,151661.4523076923,12,4,1,1,10.666666666666666,-0.6410256410256423,238023.15,1.6177646743236131,1971598.88,0.24362243094440522,30,0,0,16.458918412450345,202212,1.0,4.0
1800000939,C000188,2022-12-14,2023-01-28,95580.1,Construction,International,NT45,High,CLEARED,11.46773038074975,45,0,0,2.357142857142857,0.6428571428571429,14,115210.15857142858,12,4,2,1,3.3333333333333335,0.9761904761904763,242705.68,0.8296152108908155,1612942.22,0.05725342203998426,45,0,0,16.458918412450345,202212,1.0,1.0
1800001628,C000186,2022-12-14,2022-12-28,131927.7,Retail,International,NT14,High,CLEARED,11.790016904118973,14,5,0,11.411764705882353,0.8823529411764706,17,111962.44470588236,12,4,2,1,10.333333333333334,-1.0784313725490193,245546.85,1.17832100171236,1903361.56,0.4307800785115523,14,0,0,16.458918412450345,202212,1.0,23.0
1800003089,C000127,2022-12-14,2023-03-14,92222.15,Retail,International,NT90,High,CLEARED,11.43196646262692,90,5,0,13.0,1.0,12,143424.8975,12,4,2,1,12.0,-1.0,244835.16,0.6429995879899444,1721098.77,0.05510322379147098,90,0,0,16.458918412450345,202212,1.0,4.0
1800003783,C000056,2022-12-14,2022-12-28,240142.35,Logistics,South,NT14,Medium,CLEARED,12.388991315683125,14,3,3,2.1666666666666665,0.5,6,103052.36,12,4,2,1,1.0,-1.1666666666666665,144494.64,2.3302945221244813,618314.16,0.6800521755254862,14,0,0,16.458918412450345,202212,1.0,6.0
1800004562,C000012,2022-12-15,2022-12-29,108171.2,Logistics,International,NT14,High,CLEARED,11.591479680773805,14,3,0,1.4285714285714286,0.6428571428571429,14,133024.74214285714,12,4,3,1,3.0,1.5714285714285714,248588.91,0.8131660190239904,1862346.39,0.09909664656710561,14,0,0,16.458918412450345,202212,0.0,-2.0
1800002458,C000085,2022-12-15,2023-02-13,41077.64,Manufacturing,West,NT60,High,CLEARED,10.623243557360102,60,4,4,15.133333333333333,1.0,15,110166.73533333333,12,4,3,1,10.0,-5.133333333333333,247874.28,0.372867906775223,1652501.03,0.030901402673284378,60,0,0,16.458918412450345,202212,1.0,16.0
1800003690,C000099,2022-12-15,2023-01-29,239014.98,Logistics,West,NT45,High,CLEARED,12.384285690603175,45,3,4,2.0,0.7272727272727273,22,122982.90590909091,12,4,3,1,2.3333333333333335,0.3333333333333335,245026.79,1.943481317449761,2705623.93,0.14151388723141844,45,0,0,16.458918412450345,202212,1.0,1.0
1800000467,C000197,2022-12-17,2023-01-16,123308.85,Healthcare,West,NT30,High,CLEARED,11.722455572417482,30,2,4,27.05263157894737,0.9473684210526315,19,108558.8547368421,12,4,5,1,38.0,10.94736842105263,244520.22,1.1358709549664412,2062618.24,0.09083871956124026,30,0,0,16.458918412450345,202212,1.0,34.0
1800001024,C000148,2022-12-17,2023-01-31,100175.71,Construction,Northeast,NT45,High,CLEARED,11.514691005485929,45,0,2,12.681818181818182,0.9090909090909091,22,131274.9218181818,12,4,5,1,10.333333333333334,-2.3484848484848477,248646.7,0.7630986072019544,2888048.28,0.07778642712370001,45,0,0,16.458918412450345,202212,1.0,10.0
1800003897,C000084,2022-12-17,2023-02-15,160056.35,Logistics,West,NT60,High,CLEARED,11.98328746749259,60,3,4,13.76923076923077,1.0,13,113898.61153846154,12,4,5,1,13.666666666666666,-0.10256410256410398,217639.26,1.4052528633850099,1480681.95,0.372962439989625,60,0,0,16.458918412450345,202212,1.0,1.0
1800003855,C000077,2022-12-17,2023-01-31,240478.92,Manufacturing,International,NT45,Medium,CLEARED,12.390391872318748,45,4,0,1.1875,0.5,16,110906.490625,12,4,5,1,3.0,1.8125,195546.68,2.1683033936500054,1774503.85,0.2764537496881001,45,0,0,16.458918412450345,202212,1.0,1.0
1800002320,C000124,2022-12-17,2023-03-17,243979.86,Retail,Midwest,NT90,Medium,CLEARED,12.404845058575605,90,5,1,0.8888888888888888,0.4444444444444444,9,172886.64111111112,12,4,5,1,0.3333333333333333,-0.5555555555555556,240186.1,1.4112129105637405,1555979.77,0.26099594475098425,90,0,0,16.458918412450345,202212,1.0,3.0
1800002227,C000149,2022-12-18,2023-01-01,175821.92,Retail,West,NT14,High,CLEARED,12.077232631161698,14,5,4,2.3636363636363638,0.6363636363636364,11,130313.06363636363,12,4,6,1,2.6666666666666665,0.30303030303030276,226421.25,1.3492271234649817,1433443.7,0.25119162206940177,14,0,0,16.458918412450345,202212,0.0,0.0
1800000456,C000052,2022-12-18,2023-01-01,162740.62,Construction,South,NT14,High,CLEARED,11.999919068729799,14,0,3,25.923076923076923,0.9230769230769231,13,131728.96384615384,12,4,6,1,16.333333333333332,-9.589743589743591,225022.07,1.2354201782841367,1712476.53,0.1570135280136721,14,0,0,16.458918412450345,202212,1.0,13.0
1800001372,C000036,2022-12-19,2023-01-18,79024.52,Energy,South,NT30,High,CLEARED,11.27752611725831,30,1,3,8.25,0.875,16,144641.5425,12,4,0,1,11.333333333333334,3.083333333333334,248636.81,0.5463473261839695,2314264.68,0.08873677711525198,30,0,1,16.458918412450345,202212,1.0,27.0
1800004042,C000146,2022-12-19,2023-01-18,45820.12,Construction,International,NT30,Medium,CLEARED,10.732500399183214,30,0,0,0.7692307692307693,0.46153846153846156,13,147713.31461538462,12,4,0,1,0.6666666666666666,-0.10256410256410264,236408.5,0.31019627525999444,1920273.09,0.02291961507292583,30,0,1,16.458918412450345,202212,1.0,2.0
1800001475,C000092,2022-12-19,2023-02-02,178368.49,Retail,Northeast,NT45,High,CLEARED,12.091612464323056,45,5,2,1.7272727272727273,0.5454545454545454,22,138970.4359090909,12,4,0,1,3.6666666666666665,1.9393939393939392,244604.99,1.283499535949371,3057349.59,0.26486423324904784,45,0,1,16.458918412450345,202212,1.0,7.0
1800002011,C000037,2022-12-19,2023-02-17,114935.29,Logistics,South,NT60,High,CLEARED,11.652133253830687,60,3,3,3.2,1.0,10,126147.004,12,4,0,1,3.3333333333333335,0.1333333333333333,209829.99,0.9111218368689913,1261470.04,0.05836879617463652,60,0,1,16.458918412450345,202212,0.0,0.0
1800004144,C000168,2022-12-19,2023-02-17,74651.82,Construction,South,NT60,High,CLEARED,11.22060357854318,60,0,3,2.466666666666667,0.8,15,119216.65733333334,12,4,0,1,3.6666666666666665,1.1999999999999997,245921.07,0.6261861527560808,1788249.86,0.9339904428770859,60,0,1,16.458918412450345,202212,0.0,-3.0
1800004084,C000021,2022-12-20,2023-03-20,184699.22,Logistics,South,NT90,High,CLEARED,12.126489357307358,90,3,3,1.2222222222222223,0.5555555555555556,9,133766.61333333334,12,4,1,1,2.0,0.7777777777777777,240270.45,1.380757241268773,1203899.52,0.6756236376359437,90,0,0,16.458918412450345,202212,0.0,-1.0
1800001724,C000040,2022-12-20,2023-01-03,42803.97,Construction,West,NT14,High,CLEARED,10.664409496323636,14,0,4,30.066666666666666,1.0,15,136574.69466666665,12,4,1,1,39.333333333333336,9.26666666666667,234235.26,0.313410695183835,2048620.42,0.28795670878248397,14,0,0,16.458918412450345,202212,1.0,40.0
1800000990,C000110,2022-12-21,2023-01-20,247568.02,Logistics,South,NT30,High,CLEARED,12.419444690801106,30,3,3,12.777777777777779,0.8888888888888888,9,86761.49555555555,12,4,2,1,17.0,4.222222222222221,163091.42,2.8534319102588084,780853.46,0.1449400529305612,30,0,0,16.458918412450345,202212,1.0,9.0
1800001161,C000008,2022-12-22,2023-02-20,193313.22,Construction,South,NT60,High,CLEARED,12.17207222689835,60,0,3,2.4545454545454546,0.7272727272727273,11,67919.90000000001,12,4,3,1,4.666666666666667,2.2121212121212124,143602.72,2.846194119838221,747118.9,0.1159411543818531,60,0,0,16.458918412450345,202212,1.0,1.0
1800001957,C000149,2022-12-22,2023-01-05,150408.29,Retail,West,NT14,High,CLEARED,11.921115457207295,14,5,4,2.1666666666666665,0.5833333333333334,12,134105.46833333335,12,4,3,1,2.6666666666666665,0.5,226421.25,1.1215671655248558,1609265.62,0.2148839140067688,14,0,0,16.458918412450345,202212,1.0,4.0
1800003775,C000181,2022-12-22,2023-02-20,245911.2,Retail,International,NT60,High,CLEARED,12.412729840637658,60,5,0,1.5333333333333334,0.6666666666666666,15,132194.546,12,4,3,1,-0.6666666666666666,-2.2,236792.42,1.8602219792032872,1982918.19,0.39223342373271947,60,0,0,16.458918412450345,202212,1.0,8.0
1800004132,C000185,2022-12-22,2023-01-21,192382.99,Logistics,South,NT30,High,CLEARED,12.167248601693215,30,3,3,10.933333333333334,0.8666666666666667,15,149463.59799999997,12,4,3,1,17.0,6.066666666666666,232341.99,1.287156154236298,2241953.9699999997,1.5163308453535245,30,0,0,16.458918412450345,202212,1.0,25.0
1800004982,C000112,2022-12-22,2023-01-05,208181.17,Logistics,International,NT14,High,CLEARED,12.246168792686955,14,3,0,10.444444444444445,0.8333333333333334,18,163475.79777777777,12,4,3,1,13.0,2.5555555555555554,242663.76,1.2734678333424796,2942564.36,2.7879531051192226,14,0,0,16.458918412450345,202212,1.0,13.0
1800002836,C000015,2022-12-23,2023-01-06,100202.07,Construction,Northeast,NT14,High,CLEARED,11.514954105886101,14,0,2,1.7692307692307692,0.6923076923076923,13,137665.07,12,4,4,1,-0.3333333333333333,-2.1025641025641026,234147.69,0.7278685145040786,1789645.9100000001,0.15099271818754256,14,0,0,16.458918412450345,202212,1.0,2.0
1800004530,C000186,2022-12-23,2023-01-06,197583.69,Retail,International,NT14,High,CLEARED,12.193922581537109,14,5,0,12.055555555555555,0.8888888888888888,18,113071.62555555555,12,4,4,1,16.0,3.9444444444444446,245546.85,1.7474206197108317,2035289.26,0.6451648705374399,14,0,0,16.458918412450345,202212,1.0,22.0
1800002215,C000148,2022-12-23,2023-02-06,155319.73,Construction,Northeast,NT45,High,CLEARED,11.953247483808806,45,0,2,12.565217391304348,0.9130434782608695,23,129922.78217391306,12,4,4,1,11.0,-1.5652173913043477,248646.7,1.1954772473398154,2988223.99,0.12060575221795546,45,0,0,16.458918412450345,202212,1.0,3.0
1800002753,C000028,2022-12-23,2023-03-23,24159.35,Manufacturing,Northeast,NT90,High,CLEARED,10.092468138698786,90,4,2,26.470588235294116,0.9411764705882353,17,102933.6588235294,12,4,4,1,28.666666666666668,2.196078431372552,233324.46,0.23470796895910456,1749872.2,0.024733143090487734,90,0,0,16.458918412450345,202212,1.0,28.0
1800004384,C000126,2022-12-23,2023-01-22,228114.05,Manufacturing,Northeast,NT30,High,CLEARED,12.337605385929312,30,4,2,12.88888888888889,1.0,9,121778.84999999999,12,4,4,1,12.666666666666666,-0.2222222222222232,193186.92,1.8731828227972263,1096009.65,0.2294477725398309,30,0,0,16.458918412450345,202212,1.0,23.0
1800003084,C000096,2022-12-23,2023-03-23,143182.03,Healthcare,West,NT90,High,CLEARED,11.871879020899748,90,2,4,2.4545454545454546,0.5454545454545454,11,151887.68,12,4,4,1,3.6666666666666665,1.212121212121212,246127.58,0.9426836330635902,1670764.48,0.07582403466338904,90,0,0,16.458918412450345,202212,1.0,5.0
1800004192,C000118,2022-12-24,2023-02-07,186509.16,Healthcare,Northeast,NT45,High,CLEARED,12.136240993793974,45,2,2,1.1111111111111112,0.5555555555555556,9,119392.54888888888,12,4,5,1,-0.6666666666666666,-1.7777777777777777,191691.09,1.5621507517489415,1074532.94,0.2513909932958326,45,0,0,16.458918412450345,202212,0.0,0.0
1800002027,C000024,2022-12-24,2023-02-07,241366.63,Construction,International,NT45,High,CLEARED,12.39407648586228,45,0,0,24.333333333333332,1.0,18,153340.72388888887,12,4,5,1,20.666666666666668,-3.6666666666666643,249295.78,1.5740543273742138,2760133.03,0.6935093918435066,45,0,0,16.458918412450345,202212,1.0,36.0
1800004843,C000120,2022-12-24,2023-01-23,33419.63,Manufacturing,South,NT30,High,CLEARED,10.41692865295914,30,4,3,3.5384615384615383,0.7692307692307693,13,136635.64769230768,12,4,5,1,1.6666666666666667,-1.8717948717948716,225243.15,0.2445893920396109,1776263.42,0.03966557632204266,30,0,0,16.458918412450345,202212,0.0,-1.0
1800001290,C000057,2022-12-24,2023-01-23,73043.98,Manufacturing,Midwest,NT30,High,CLEARED,11.198830694762757,30,4,1,1.263157894736842,0.5263157894736842,19,109815.3252631579,12,4,5,1,0.3333333333333333,-0.9298245614035088,240567.15,0.6651528812117959,2086491.18,0.05676563757199241,30,0,0,16.458918412450345,202212,0.0,0.0
1800001736,C000084,2022-12-24,2023-02-22,97098.34,Logistics,West,NT60,High,CLEARED,11.483489857139942,60,3,4,12.857142857142858,1.0,14,117195.59285714287,12,4,5,1,11.666666666666666,-1.1904761904761916,217639.26,0.8285152848568232,1640738.3,0.22625802603484463,60,0,0,16.458918412450345,202212,1.0,30.0
1800002024,C000129,2022-12-25,2023-01-08,191128.72,Construction,South,NT14,High,CLEARED,12.160707638806086,14,0,3,2.8125,0.875,16,139085.355,12,4,6,1,3.0,0.1875,234109.33,1.374182925297922,2225365.68,0.1355557523769828,14,1,0,16.458918412450345,202212,0.0,0.0
1800003505,C000096,2022-12-25,2023-03-25,248761.06,Healthcare,West,NT90,High,CLEARED,12.424252136257666,90,2,4,2.6666666666666665,0.5833333333333334,12,151162.20916666667,12,4,6,1,5.666666666666667,3.0000000000000004,246127.58,1.6456564201554102,1813946.51,0.13173487787777138,90,1,0,16.458918412450345,202212,1.0,1.0
1800000883,C000040,2022-12-25,2023-01-08,104664.83,Construction,West,NT14,High,CLEARED,11.558527982559758,14,0,4,30.6875,1.0,16,130714.02437500001,12,4,6,1,41.333333333333336,10.645833333333336,234235.26,0.8007161473334448,2091424.3900000001,0.7041155288184295,14,1,0,16.458918412450345,202212,1.0,25.0
1800003787,C000190,2022-12-26,2023-01-09,78812.43,Manufacturing,Northeast,NT14,High,CLEARED,11.274838692796258,14,4,2,1.4705882352941178,0.5294117647058824,17,113863.87,12,4,0,1,-0.6666666666666666,-2.1372549019607843,182774.42,0.6921636336442807,1935685.79,0.05389906471079755,14,1,1,16.458918412450345,202212,0.0,0.0
1800004740,C000020,2022-12-26,2023-01-09,94301.54,Healthcare,West,NT14,High,CLEARED,11.45426340357163,14,2,4,1.6923076923076923,0.5384615384615384,13,115640.35846153848,12,4,0,1,-0.6666666666666666,-2.358974358974359,237488.72,0.8154725673162307,1503324.6600000001,0.04732975480390295,14,1,1,16.458918412450345,202212,1.0,4.0
1800002556,C000123,2022-12-26,2023-03-26,94705.87,Healthcare,Midwest,NT90,High,CLEARED,11.45854182142148,90,2,1,1.7857142857142858,0.7142857142857143,14,150503.92714285714,12,4,0,1,2.0,0.2142857142857142,249060.7,0.6292584638678959,2107054.98,0.0872625675808769,90,1,1,16.458918412450345,202212,1.0,1.0
1800003833,C000172,2022-12-26,2023-02-09,159756.09,Logistics,Northeast,NT45,High,CLEARED,11.981409753101572,45,3,2,11.4375,0.875,16,131435.149375,12,4,0,1,17.333333333333332,5.895833333333332,248872.63,1.2154746333813415,2102962.39,0.17825059252533992,45,1,1,16.458918412450345,202212,1.0,2.0
1800000804,C000010,2022-12-26,2023-02-09,113904.64,Manufacturing,South,NT45,High,CLEARED,11.643125665329622,45,4,3,12.647058823529411,0.8823529411764706,17,122611.79411764706,12,4,0,1,17.333333333333332,4.686274509803921,241660.56,0.9289859986120709,2084400.5,0.1439560134852601,45,1,1,16.458918412450345,202212,1.0,22.0
1800002774,C000068,2022-12-27,2023-02-10,166192.6,Manufacturing,Northeast,NT45,High,CLEARED,12.020908652840138,45,4,2,1.7272727272727273,0.6363636363636364,11,130522.21545454547,12,4,1,1,1.6666666666666667,-0.06060606060606055,241014.6,1.2732897570059771,1435744.37,0.12429660191988764,45,1,0,16.458918412450345,202212,1.0,2.0
1800002592,C000013,2022-12-27,2023-02-25,180167.28,Retail,West,NT60,High,CLEARED,12.101646582024799,60,5,4,1.7272727272727273,0.6363636363636364,11,98496.33818181818,12,4,1,1,3.0,1.2727272727272727,231196.03,1.8291774427940892,1083459.72,0.12943834491370318,60,1,0,16.458918412450345,202212,0.0,-4.0
1800002508,C000158,2022-12-27,2023-02-10,101878.48,Logistics,International,NT45,High,CLEARED,11.531545825036394,45,3,0,1.9047619047619047,0.6190476190476191,21,142006.93142857144,12,4,1,1,0.0,-1.9047619047619047,246168.57,0.7174190652182652,2982145.56,0.11843495612220498,45,1,0,16.458918412450345,202212,1.0,5.0
1800004362,C000097,2022-12-27,2023-02-25,30719.31,Construction,West,NT60,High,CLEARED,10.332679278356526,60,0,4,1.2,0.6,15,123602.754,12,4,1,1,-0.3333333333333333,-1.5333333333333332,233980.6,0.24853256910440685,1854041.31,0.020720779324935573,60,1,0,16.458918412450345,202212,1.0,1.0
1800002498,C000148,2022-12-28,2023-02-11,214819.7,Construction,Northeast,NT45,High,CLEARED,12.277559005688763,45,0,2,12.166666666666666,0.9166666666666666,24,130980.98833333334,12,4,2,1,8.0,-4.166666666666666,248646.7,1.6400830588734423,3143543.72,0.16680747197883697,45,1,0,16.458918412450345,202212,1.0,2.0
1800003188,C000060,2022-12-28,2023-02-26,194577.24,Logistics,International,NT60,High,CLEARED,12.178589623365683,60,3,0,2.7,0.7,20,128381.4915,12,4,2,1,0.0,-2.7,241297.28,1.5156175374391876,2567629.83,0.17011944175166444,60,1,0,16.458918412450345,202212,0.0,0.0
1800004359,C000079,2022-12-28,2023-02-11,123479.74,Manufacturing,Midwest,NT45,High,CLEARED,11.723840471471478,45,4,1,9.909090909090908,0.8181818181818182,11,109694.22454545455,12,4,2,1,5.333333333333333,-4.575757575757575,198680.88,1.1256722084655704,1206636.47,0.07804160117812477,45,1,0,16.458918412450345,202212,1.0,1.0
1800002191,C000005,2022-12-28,2023-01-11,56453.92,Logistics,Northeast,NT14,High,CLEARED,10.941197722555785,14,3,2,10.421052631578947,0.9473684210526315,19,144514.24263157893,12,4,2,1,17.0,6.578947368421053,246455.43,0.39064606347432645,2745770.61,0.0791237969620562,14,1,0,16.458918412450345,202212,1.0,24.0
1800001125,C000026,2022-12-28,2023-02-11,204922.43,Manufacturing,Midwest,NT45,High,CLEARED,12.230391676152369,45,4,1,1.8235294117647058,0.6470588235294118,17,118303.63,12,4,2,1,1.6666666666666667,-0.1568627450980391,236806.85,1.7321736450521423,2011161.71,0.3943093780655329,45,1,0,16.458918412450345,202212,1.0,2.0
1800001607,C000168,2022-12-29,2023-02-27,83555.92,Construction,South,NT60,High,CLEARED,11.333283355249662,60,0,3,2.125,0.75,16,116431.355,12,4,3,1,0.3333333333333333,-1.7916666666666667,245921.07,0.7176410512443148,1862901.68,1.0453922051170668,60,1,0,16.458918412450345,202212,0.0,-2.0
1800001733,C000159,2022-12-29,2023-02-27,64907.83,Healthcare,Northeast,NT60,High,CLEARED,11.08073894890743,60,2,2,1.8823529411764706,0.7058823529411765,17,134414.49529411763,12,4,3,1,2.0,0.11764705882352944,236351.84,0.4828930827584676,2285046.42,0.19547498968835708,60,1,0,16.458918412450345,202212,1.0,2.0
1800003121,C000186,2022-12-30,2023-01-13,115221.43,Retail,International,NT14,High,CLEARED,11.654619713152508,14,5,0,12.578947368421053,0.8947368421052632,19,117519.62894736843,12,4,4,1,18.333333333333332,5.754385964912279,245546.85,0.9804441269262543,2232872.95,0.37622953073246423,14,1,0,16.458918412450345,202212,1.0,8.0
1800003781,C000108,2022-12-30,2023-01-13,118640.44,Retail,Northeast,NT14,High,CLEARED,11.683861114297157,14,5,2,31.533333333333335,0.9333333333333333,15,121915.03733333334,12,4,4,1,39.0,7.466666666666665,234687.86,0.9731403327681383,1828725.56,0.10067625014910662,14,1,0,16.458918412450345,202212,1.0,34.0
1800001162,C000109,2022-12-30,2023-03-30,125615.98,Healthcare,West,NT90,High,CLEARED,11.740992714961546,90,2,4,35.5,1.0,14,128705.09785714287,12,4,4,1,44.0,8.5,215869.2,0.9759984809570507,1801871.37,0.2876198585131528,90,1,0,16.458918412450345,202212,1.0,40.0
1800001923,C000183,2022-12-30,2023-01-13,150684.35,Logistics,International,NT14,High,CLEARED,11.922949166883123,14,3,0,10.75,0.9375,16,129250.564375,12,4,4,1,11.0,0.25,212402.49,1.165831272990138,2068009.03,0.09001261830802489,14,1,0,16.458918412450345,202212,1.0,16.0
1800001775,C000112,2022-12-30,2023-01-13,210123.77,Logistics,International,NT14,High,CLEARED,12.255456776123761,14,3,0,10.578947368421053,0.8421052631578947,19,165828.71210526314,12,4,4,1,15.333333333333334,4.754385964912281,242663.76,1.2671133203194611,3150745.53,2.8139683191849545,14,1,0,16.458918412450345,202212,1.0,3.0
1800004797,C000134,2022-12-30,2023-03-30,100764.8,Construction,West,NT90,High,CLEARED,11.5205542913347,90,0,4,1.3846153846153846,0.5384615384615384,13,97311.98307692308,12,4,4,1,2.0,0.6153846153846154,200176.06,1.0354819295003734,1265055.78,0.06329667422727306,90,1,0,16.458918412450345,202212,0.0,-1.0
1800003683,C000187,2022-12-30,2023-02-13,232784.95,Manufacturing,West,NT45,High,CLEARED,12.357874640784473,45,4,4,21.333333333333332,1.0,9,122752.33,12,4,4,1,12.666666666666666,-8.666666666666666,240348.44,1.8963790748411864,1104770.97,0.7565036301360225,45,1,0,16.458918412450345,202212,1.0,16.0
1800003224,C000001,2022-12-31,2023-01-14,106461.61,Manufacturing,Midwest,NT14,High,CLEARED,11.575549122676465,14,4,1,10.307692307692308,0.9230769230769231,13,140476.1523076923,12,4,5,1,8.0,-2.3076923076923084,232262.82,0.7578625143918488,1826189.98,0.3305245381729888,14,1,0,16.458918412450345,202212,1.0,27.0
1800004935,C000003,2022-12-31,2023-01-30,221954.56,Construction,International,NT30,High,CLEARED,12.31023246063551,30,0,0,2.8333333333333335,0.75,12,107064.85166666667,12,4,5,1,1.3333333333333333,-1.5000000000000002,185809.79,2.0730852053204947,1284778.22,0.19394368646404947,30,1,0,16.458918412450345,202212,0.0,0.0
1800004859,C000190,2022-12-31,2023-01-14,81488.25,Manufacturing,Northeast,NT14,Medium,CLEARED,11.30822638868865,14,4,2,1.3888888888888888,0.5,18,111916.56777777777,12,4,5,1,-0.6666666666666666,-2.0555555555555554,182774.42,0.7281160566128473,2014498.22,0.055729032335630924,14,1,0,16.458918412450345,202212,0.0,-1.0
1800002668,C000176,2022-12-31,2023-01-14,139172.93,Healthcare,International,NT14,High,CLEARED,11.843479724859769,14,2,0,1.8,0.6,10,94264.725,12,4,5,1,4.666666666666667,2.866666666666667,176452.64,1.476405198232955,942647.25,0.10069580952976452,14,1,0,16.458918412450345,202212,1.0,4.0
1800004924,C000065,2022-12-31,2023-01-30,68925.1,Healthcare,Northeast,NT30,High,CLEARED,11.14079019514078,30,2,2,25.733333333333334,0.8666666666666667,15,139386.518,12,4,5,1,11.333333333333334,-14.4,249901.83,0.4944890007224372,2090797.77,0.17241909378657025,30,1,0,16.458918412450345,202212,1.0,4.0
1800004581,C000012,2022-12-31,2023-01-14,213733.52,Logistics,International,NT14,High,CLEARED,12.272489963123844,14,3,0,1.2,0.6,15,131367.83933333334,12,4,5,1,-0.3333333333333333,-1.5333333333333332,248588.91,1.6269851212036122,1970517.5899999999,0.19580327380100615,14,1,0,16.458918412450345,202212,0.0,0.0
1800004657,C000171,2022-12-31,2023-03-01,176129.58,Energy,International,NT60,High,CLEARED,12.07898093074312,60,1,0,1.7272727272727273,0.5454545454545454,11,156141.31545454546,12,4,5,1,3.3333333333333335,1.6060606060606062,247678.48,1.1280139371649738,1717554.47,0.9602504540660295,60,1,0,16.458918412450345,202212,0.0,0.0
1800003397,C000084,2023-01-01,2023-03-02,158031.49,Logistics,West,NT60,High,CLEARED,11.970555923780948,60,3,4,14.0,1.0,16,122265.454375,1,1,6,0,15.0,1.0,218410.63,1.2925277283581844,1956247.27,0.36824412218319375,60,0,0,16.2232891233652,202301,1.0,23.0
1800000787,C000084,2023-01-01,2023-03-02,218410.63,Logistics,West,NT60,High,CLEARED,12.294136772350859,60,3,4,14.0,1.0,15,115855.77600000001,1,1,6,0,16.666666666666668,2.666666666666668,217639.26,1.885194139996956,1737836.6400000001,0.5089392672297675,60,0,0,16.2232891233652,202301,1.0,14.0
1800003210,C000059,2023-01-01,2023-01-15,125953.96,Retail,South,NT14,High,CLEARED,11.743679661711987,14,5,3,17.416666666666668,1.0,12,100233.71083333333,1,1,6,0,25.333333333333332,7.916666666666664,193103.84,1.2566027831637783,1202804.53,0.09745959266235212,14,0,0,16.2232891233652,202301,1.0,10.0
1800004491,C000048,2023-01-01,2023-01-15,28468.72,Manufacturing,International,NT14,High,CLEARED,10.256596345309775,14,4,0,2.0,0.5384615384615384,13,143740.40384615384,1,1,6,0,2.0,0.0,231878.41,0.19805649099518485,1868625.25,0.02354124639511041,14,0,0,16.2232891233652,202301,0.0,0.0
1800000693,C000115,2023-01-01,2023-04-01,233322.96,Healthcare,International,NT90,High,CLEARED,12.360183153121968,90,2,0,8.285714285714286,0.8571428571428571,7,148892.89142857143,1,1,6,0,5.666666666666667,-2.6190476190476195,246733.75,1.5670523808178733,1042250.24,0.2594292588683108,90,0,0,16.2232891233652,202301,1.0,12.0
1800001001,C000138,2023-01-01,2023-01-31,43674.51,Construction,Northeast,NT30,High,CLEARED,10.684542812094927,30,0,2,2.7058823529411766,0.7647058823529411,17,160497.9464705882,1,1,6,0,2.3333333333333335,-0.37254901960784315,248495.46,0.2721188087475219,2728465.09,0.12294415640642657,30,0,0,16.2232891233652,202301,0.0,-1.0
1800000682,C000186,2023-01-02,2023-01-16,238697.61,Retail,International,NT14,High,CLEARED,12.382956989100917,14,5,0,12.35,0.9,20,117404.719,1,1,0,0,17.666666666666668,5.316666666666668,245546.85,2.033117680729682,2348094.38,0.7794130813795729,14,0,1,16.2232891233652,202301,1.0,6.0
1800000550,C000020,2023-01-02,2023-01-16,179872.36,Healthcare,West,NT14,High,CLEARED,12.100008326705437,14,2,4,1.8571428571428572,0.5714285714285714,14,114116.15714285713,1,1,0,0,1.6666666666666667,-0.19047619047619047,237488.72,1.5762216718779398,1597626.2,0.09027757865671505,14,0,1,16.2232891233652,202301,1.0,2.0
1800001121,C000051,2023-01-02,2023-03-03,177383.4,Energy,Midwest,NT60,High,CLEARED,12.086074408125103,60,1,1,13.846153846153847,1.0,13,139145.3453846154,1,1,0,0,9.333333333333334,-4.512820512820513,243046.07,1.2748065665415524,1808889.49,0.18797448991967702,60,0,1,16.2232891233652,202301,1.0,13.0
1800002776,C000087,2023-01-02,2023-03-03,135827.01,Construction,South,NT60,High,CLEARED,11.81914473204294,60,0,3,8.818181818181818,0.7272727272727273,11,151042.29727272727,1,1,0,0,7.666666666666667,-1.1515151515151514,236206.27,0.8992647255274858,1661465.27,0.07385649609968162,60,0,1,16.2232891233652,202301,1.0,6.0
1800003428,C000111,2023-01-02,2023-01-16,197975.58,Energy,International,NT14,High,CLEARED,12.195904019852424,14,1,0,10.9375,0.9375,16,136743.34,1,1,0,0,8.666666666666666,-2.270833333333334,244079.76,1.4477895596231596,2187893.44,0.18182026240579732,14,0,1,16.2232891233652,202301,0.0,0.0
1800002543,C000066,2023-01-02,2023-03-03,245166.86,Retail,Northeast,NT60,High,CLEARED,12.409698397780792,60,5,2,24.46153846153846,0.9230769230769231,13,92106.66615384615,1,1,0,0,25.333333333333332,0.8717948717948723,233822.99,2.6617710773560814,1197386.66,0.15464230351949182,60,0,1,16.2232891233652,202301,1.0,30.0
1800001564,C000067,2023-01-02,2023-01-16,117047.72,Manufacturing,West,NT14,High,CLEARED,11.670345537361614,14,4,4,1.1764705882352942,0.5882352941176471,17,137736.27470588236,1,1,0,0,1.3333333333333333,0.1568627450980391,248221.29,0.8497958889184419,2341516.67,0.07126870409137459,14,0,1,16.2232891233652,202301,1.0,10.0
1800004541,C000012,2023-01-03,2023-01-17,157464.39,Logistics,International,NT14,High,CLEARED,11.966960967068381,14,3,0,1.125,0.5625,16,136515.694375,1,1,1,0,-0.3333333333333333,-1.4583333333333333,248588.91,1.1534526540769392,2184251.11,0.1442545982917346,14,0,0,16.2232891233652,202301,1.0,4.0
1800003359,C000046,2023-01-03,2023-03-04,35240.67,Construction,International,NT60,High,CLEARED,10.469984468257584,60,0,0,2.0,0.5294117647058824,17,142025.29058823528,1,1,1,0,3.6666666666666665,1.6666666666666665,237671.75,0.24812953984492092,2414429.94,0.21900152614563773,60,0,0,16.2232891233652,202301,1.0,2.0
1800000578,C000100,2023-01-03,2023-04-03,13584.56,Energy,International,NT90,High,CLEARED,9.516762742946806,90,1,0,30.25,0.9166666666666666,12,102624.40000000001,1,1,1,0,38.666666666666664,8.416666666666664,196637.07,0.13237163871360025,1231492.8,0.01128106838142467,90,0,0,16.2232891233652,202301,1.0,17.0
1800003290,C000095,2023-01-04,2023-02-03,156682.51,Healthcare,West,NT30,High,CLEARED,11.961983189877575,30,2,4,1.3,0.6,10,113669.544,1,1,2,0,0.6666666666666666,-0.6333333333333334,201969.85,1.378403611788924,1136695.44,0.08268987544506647,30,0,0,16.2232891233652,202301,0.0,0.0
1800004955,C000097,2023-01-04,2023-03-05,239393.29,Construction,West,NT60,High,CLEARED,12.38586722052666,60,0,4,1.1875,0.625,16,117797.53874999999,1,1,2,0,-1.0,-2.1875,233980.6,2.032243564172091,1884760.6199999999,0.16147548672025205,60,0,0,16.2232891233652,202301,1.0,5.0
1800003485,C000016,2023-01-04,2023-03-05,92773.79,Manufacturing,West,NT60,High,CLEARED,11.437930222385411,60,4,4,10.9,0.9,10,140142.34,1,1,2,0,13.0,2.0999999999999996,224363.65,0.6619968668997535,1401423.4,0.2878678271183066,60,0,0,16.2232891233652,202301,1.0,11.0
1800002349,C000049,2023-01-05,2023-03-06,13663.0,Construction,International,NT60,High,CLEARED,9.522519916028351,60,0,0,13.909090909090908,0.9090909090909091,11,131233.56545454546,1,1,3,0,17.0,3.0909090909090917,239827.83,0.10411208407449973,1443569.22,0.020486678186268484,60,0,0,16.2232891233652,202301,1.0,9.0
1800002486,C000078,2023-01-05,2023-02-04,62297.61,Construction,International,NT30,High,CLEARED,11.039694393130173,30,0,0,22.076923076923077,1.0,13,135138.6469230769,1,1,3,0,31.333333333333332,9.256410256410255,215622.24,0.46099033413780444,1756802.41,0.07400114400892381,30,0,0,16.2232891233652,202301,1.0,46.0
1800001478,C000153,2023-01-05,2023-03-06,114344.25,Manufacturing,South,NT60,High,CLEARED,11.646977659453917,60,4,3,2.0555555555555554,0.7222222222222222,18,126749.21611111112,1,1,3,0,2.3333333333333335,0.2777777777777781,230985.56,0.9021298396020323,2281485.89,0.15135516676875546,60,0,0,16.2232891233652,202301,1.0,2.0
1800001510,C000152,2023-01-05,2023-01-19,82497.93,Construction,West,NT14,High,CLEARED,11.320540602541696,14,0,4,1.8,0.55,20,123638.9855,1,1,3,0,2.3333333333333335,0.5333333333333334,241179.08,0.6672485192787351,2472779.71,0.06191503505510857,14,0,0,16.2232891233652,202301,1.0,3.0
1800002100,C000059,2023-01-06,2023-01-20,52715.8,Retail,South,NT14,High,CLEARED,10.872689469306875,14,5,3,16.846153846153847,1.0,13,102212.19153846154,1,1,4,0,18.666666666666668,1.8205128205128212,193103.84,0.5157486519615766,1328758.49,0.04078998703073743,14,0,0,16.2232891233652,202301,1.0,22.0
1800002291,C000012,2023-01-06,2023-01-20,211977.97,Logistics,International,NT14,High,CLEARED,12.264242350620483,14,3,0,1.2941176470588236,0.5882352941176471,17,137747.9705882353,1,1,4,0,0.6666666666666666,-0.627450980392157,248588.91,1.5388827079976197,2341715.5,0.1941949980503361,14,0,0,16.2232891233652,202301,0.0,-2.0
1800004311,C000198,2023-01-06,2023-04-06,227203.29,Construction,West,NT90,High,CLEARED,12.333604847693124,90,0,4,10.333333333333334,1.0,12,167124.5325,1,1,4,0,7.333333333333333,-3.000000000000001,249539.5,1.3594849696886961,2005494.39,0.1548900360069125,90,0,0,16.2232891233652,202301,1.0,21.0
1800004958,C000122,2023-01-06,2023-01-20,13121.88,Manufacturing,Midwest,NT14,High,CLEARED,9.482112550603926,14,4,1,11.071428571428571,1.0,14,117043.605,1,1,4,0,5.666666666666667,-5.404761904761904,225444.56,0.11211103759150276,1638610.47,0.009379571953222227,14,0,0,16.2232891233652,202301,1.0,18.0
1800000211,C000044,2023-01-06,2023-04-06,113526.55,Manufacturing,West,NT90,High,CLEARED,11.639800817726657,90,4,4,26.625,0.9375,16,136733.176875,1,1,4,0,32.666666666666664,6.041666666666664,243770.4,0.8302780100237468,2187730.83,0.1806078829137905,90,0,0,16.2232891233652,202301,1.0,36.0
1800002946,C000168,2023-01-07,2023-03-08,95211.16,Construction,South,NT60,High,CLEARED,11.463862943714972,60,0,3,1.8823529411764706,0.7058823529411765,17,114497.50588235294,1,1,5,0,-1.3333333333333333,-3.215686274509804,245921.07,0.8315566288215064,1946457.6,1.1912142730778845,60,0,0,16.2232891233652,202301,0.0,0.0
1800004050,C000196,2023-01-07,2023-01-21,133019.56,Healthcare,Midwest,NT14,High,CLEARED,11.7982589817228,14,2,1,1.8461538461538463,0.7692307692307693,13,145311.4223076923,1,1,5,0,2.0,0.15384615384615374,249974.99,0.9154102126833177,1889048.49,0.5553486826394305,14,0,0,16.2232891233652,202301,0.0,-1.0
1800002202,C000156,2023-01-07,2023-02-06,1042.26,Retail,Northeast,NT30,High,CLEARED,6.9501057048558685,30,5,2,12.894736842105264,0.9473684210526315,19,125159.14526315789,1,1,5,0,6.333333333333333,-6.561403508771931,244580.13,0.008327477770869708,2378023.76,0.013594953956299081,30,0,0,16.2232891233652,202301,1.0,17.0
1800004801,C000042,2023-01-07,2023-03-08,129575.11,Manufacturing,South,NT60,High,CLEARED,11.772023709488511,60,4,3,1.625,0.625,16,132141.6175,1,1,5,0,1.0,-0.625,245065.83,0.9805775988779615,2114265.88,2.3905528089871058,60,0,0,16.2232891233652,202301,1.0,6.0
1800003217,C000030,2023-01-08,2023-02-07,62315.21,Healthcare,Midwest,NT30,High,CLEARED,11.039976863547688,30,2,1,30.823529411764707,1.0,17,125310.60882352942,1,1,6,0,20.666666666666668,-10.156862745098039,245918.44,0.49728598867280543,2130280.35,0.04730661027617273,30,0,0,16.2232891233652,202301,1.0,14.0
1800003219,C000175,2023-01-08,2023-04-08,194416.2,Construction,West,NT90,High,CLEARED,12.17776164446084,90,0,4,2.3333333333333335,0.8333333333333334,18,107728.7161111111,1,1,6,0,1.6666666666666667,-0.6666666666666667,209031.8,1.8046831617252328,1939116.89,0.12185948319073776,90,0,0,16.2232891233652,202301,1.0,4.0
1800001015,C000052,2023-01-08,2023-01-22,224928.6,Construction,South,NT14,High,CLEARED,12.323542743337727,14,0,3,25.0,0.9285714285714286,14,133944.08214285714,1,1,6,0,13.0,-12.0,225022.07,1.6792723978660287,1875217.15,0.21701301762999334,14,0,0,16.2232891233652,202301,1.0,37.0
1800003748,C000037,2023-01-08,2023-03-09,247564.19,Logistics,South,NT60,High,CLEARED,12.419429220248182,60,3,3,2.909090909090909,0.9090909090909091,11,125127.75727272728,1,1,6,0,3.0,0.09090909090909083,209829.99,1.978491386690576,1376405.33,0.12572312425756257,60,0,0,16.2232891233652,202301,0.0,0.0
1800000756,C000190,2023-01-08,2023-01-22,62763.72,Manufacturing,Northeast,NT14,Medium,CLEARED,11.047148411157359,14,4,2,1.263157894736842,0.47368421052631576,19,110315.07736842106,1,1,6,0,-1.0,-2.263157894736842,182774.42,0.5689496077710845,2095986.47,0.04292350592121545,14,0,0,16.2232891233652,202301,1.0,1.0
1800001476,C000120,2023-01-09,2023-02-08,144586.27,Manufacturing,South,NT30,High,CLEARED,11.881638548870136,30,4,3,3.2142857142857144,0.7142857142857143,14,129263.075,1,1,0,0,1.3333333333333333,-1.8809523809523812,225243.15,1.118542708348846,1809683.05,0.17160865418930332,30,0,1,16.2232891233652,202301,0.0,0.0
1800001002,C000170,2023-01-09,2023-01-23,125464.74,Logistics,Midwest,NT14,High,CLEARED,11.739788012238147,14,3,1,10.571428571428571,1.0,14,103805.76857142858,1,1,0,0,9.333333333333334,-1.2380952380952372,248555.31,1.2086490156244827,1453280.76,0.1586116721214286,14,0,1,16.2232891233652,202301,1.0,18.0
1800000372,C000027,2023-01-10,2023-01-24,118063.63,Logistics,South,NT14,High,CLEARED,11.678987465372812,14,3,3,9.058823529411764,0.9411764705882353,17,139584.0594117647,1,1,1,0,3.6666666666666665,-5.392156862745098,248894.88,0.845824591271696,2372929.01,0.07193539388815569,14,0,0,16.2232891233652,202301,1.0,5.0
1800000644,C000196,2023-01-10,2023-01-24,5715.4,Healthcare,Midwest,NT14,High,CLEARED,8.651094515607639,14,2,1,1.6428571428571428,0.7142857142857143,14,144433.43214285714,1,1,1,0,0.3333333333333333,-1.3095238095238095,249974.99,0.03957117071307269,2022068.05,0.023861452110933164,14,0,0,16.2232891233652,202301,0.0,-2.0
1800000723,C000047,2023-01-11,2023-02-10,44771.39,Construction,South,NT30,High,CLEARED,10.709346933772613,30,0,3,2.3,0.8,10,123695.07800000001,1,1,2,0,2.0,-0.2999999999999998,248675.38,0.3619496484734825,1236950.78,0.0327596060739063,30,0,0,16.2232891233652,202301,1.0,2.0
1800003339,C000190,2023-01-11,2023-01-25,233508.36,Manufacturing,Northeast,NT14,Medium,CLEARED,12.360977440940786,14,4,2,1.25,0.5,20,107937.5095,1,1,2,0,0.0,-1.25,182774.42,2.1633662021820133,2158750.19,0.15969412700702426,14,0,0,16.2232891233652,202301,1.0,1.0
1800003207,C000126,2023-01-11,2023-02-10,13278.46,Manufacturing,Northeast,NT30,High,CLEARED,9.493973759553075,30,4,2,13.9,1.0,10,132412.37,1,1,2,0,13.0,-0.9000000000000004,228114.05,0.10028111421916246,1324123.7,0.013356095644960242,30,0,0,16.2232891233652,202301,1.0,2.0
1800002901,C000139,2023-01-11,2023-04-11,8114.25,Retail,West,NT90,Medium,CLEARED,9.00150028662142,90,5,4,0.9,0.3,10,134559.212,1,1,2,0,0.6666666666666666,-0.2333333333333334,243387.7,0.06030244885797934,1345592.12,0.01618387587537132,90,0,0,16.2232891233652,202301,1.0,4.0
1800000158,C000120,2023-01-13,2023-02-12,208505.2,Manufacturing,South,NT30,High,CLEARED,12.247724055989911,30,4,3,3.0,0.6666666666666666,15,130284.62133333333,1,1,4,0,1.3333333333333333,-1.6666666666666667,225243.15,1.6003822850782923,1954269.3199999998,0.24747368310608975,30,0,0,16.2232891233652,202301,1.0,4.0
1800003313,C000125,2023-01-13,2023-02-12,136016.2,Logistics,South,NT30,High,CLEARED,11.820536627309695,30,3,3,2.0,0.6666666666666666,9,93734.65222222223,1,1,4,0,0.3333333333333333,-1.6666666666666667,167788.66,1.451077021948494,843611.87,0.2044377272605185,30,0,0,16.2232891233652,202301,1.0,2.0
1800000404,C000137,2023-01-13,2023-01-27,89886.57,Logistics,Northeast,NT14,High,CLEARED,11.406314946161663,14,3,2,28.133333333333333,1.0,15,116187.28600000001,1,1,4,0,20.666666666666668,-7.466666666666665,235183.36,0.7736351634894028,1742809.29,0.1587933779592317,14,0,0,16.2232891233652,202301,1.0,36.0
1800001655,C000089,2023-01-14,2023-03-15,209966.34,Logistics,International,NT60,High,CLEARED,12.254707273795,60,3,0,12.235294117647058,0.8235294117647058,17,110304.28647058822,1,1,5,0,7.666666666666667,-4.568627450980391,216198.26,1.9035193165950617,1875172.8699999999,0.2380180852007372,60,0,0,16.2232891233652,202301,1.0,26.0
1800004580,C000010,2023-01-14,2023-02-28,119501.85,Manufacturing,South,NT45,High,CLEARED,11.691095499441696,45,4,3,13.166666666666666,0.8888888888888888,18,122128.06333333334,1,1,5,0,22.0,8.833333333333334,241660.56,0.9784962336939266,2198305.14,0.1510299310907223,45,0,0,16.2232891233652,202301,1.0,4.0
1800000617,C000108,2023-01-14,2023-01-28,75509.35,Retail,Northeast,NT14,High,CLEARED,11.232025011934391,14,5,2,31.6875,0.9375,16,121710.375,1,1,5,0,43.333333333333336,11.645833333333336,234687.86,0.6204019172564377,1947366.0,0.06407594416538277,14,0,0,16.2232891233652,202301,1.0,17.0
1800003861,C000025,2023-01-14,2023-04-14,214730.56,Energy,International,NT90,High,CLEARED,12.277143968872151,90,1,0,10.571428571428571,0.8571428571428571,14,124842.59785714284,1,1,5,0,0.6666666666666666,-9.904761904761905,227686.87,1.7200103465142225,1747796.3699999999,0.3148060448408543,90,0,0,16.2232891233652,202301,1.0,7.0
1800001558,C000155,2023-01-14,2023-03-15,68717.01,Energy,West,NT60,High,CLEARED,11.13776659814804,60,1,4,26.733333333333334,0.9333333333333333,15,103714.308,1,1,5,0,22.333333333333332,-4.400000000000002,249366.55,0.662560560110954,1555714.62,0.03528226001580613,60,0,0,16.2232891233652,202301,1.0,29.0
1800001774,C000050,2023-01-15,2023-03-01,143370.68,Retail,Northeast,NT45,Medium,CLEARED,11.873195698104281,45,5,2,0.5,0.5,8,107163.25125,1,1,6,0,1.3333333333333333,0.8333333333333333,194107.77,1.3378716894799325,857306.01,0.4697402941850542,45,0,0,16.2232891233652,202301,1.0,4.0
1800002378,C000040,2023-01-15,2023-01-29,80913.32,Construction,West,NT14,High,CLEARED,11.301146096035058,14,0,4,30.352941176470587,1.0,17,129181.71882352943,1,1,6,0,35.666666666666664,5.313725490196077,234235.26,0.6263527125733079,2196089.22,0.5443311291888098,14,0,0,16.2232891233652,202301,1.0,18.0
1800003644,C000108,2023-01-15,2023-01-29,230002.57,Retail,Northeast,NT14,High,CLEARED,12.345850109524003,14,5,2,30.823529411764707,0.9411764705882353,17,118992.66764705883,1,1,6,0,36.333333333333336,5.509803921568629,234687.86,1.9329138050943178,2022875.35,0.19517625079827255,14,0,0,16.2232891233652,202301,1.0,40.0
1800003489,C000105,2023-01-16,2023-01-30,34501.9,Manufacturing,South,NT14,High,CLEARED,10.448798657457793,14,4,3,27.6,0.9333333333333333,15,121970.84133333334,1,1,0,0,11.666666666666666,-15.933333333333335,242619.81,0.28287006650802693,1829562.62,0.020457738936567455,14,0,1,16.2232891233652,202301,1.0,37.0
1800000295,C000121,2023-01-16,2023-02-15,112783.06,Logistics,West,NT30,High,CLEARED,11.633230296003868,30,3,4,10.785714285714286,1.0,14,158353.67285714284,1,1,0,0,11.333333333333334,0.5476190476190474,245352.54,0.7122225709393308,2216951.42,0.11198776766912097,30,0,1,16.2232891233652,202301,1.0,20.0
1800001878,C000034,2023-01-16,2023-02-15,161743.15,Logistics,Midwest,NT30,High,CLEARED,11.993771044784841,30,3,1,1.6428571428571428,0.5714285714285714,14,102977.70071428572,1,1,0,0,1.3333333333333333,-0.30952380952380953,165843.04,1.5706618896916384,1441687.81,0.3457810372147343,30,0,1,16.2232891233652,202301,1.0,4.0
1800003407,C000174,2023-01-16,2023-03-02,207643.48,Retail,South,NT45,High,CLEARED,12.243582665512688,45,5,3,3.111111111111111,1.0,9,130370.49666666666,1,1,0,0,2.3333333333333335,-0.7777777777777777,234522.77,1.592718332054116,1173334.47,0.2658891149568662,45,0,1,16.2232891233652,202301,1.0,2.0
1800003917,C000166,2023-01-16,2023-03-17,192408.12,Logistics,West,NT60,High,CLEARED,12.167379217337741,60,3,4,28.166666666666668,1.0,12,127360.86499999999,1,1,0,0,41.666666666666664,13.499999999999996,236797.87,1.5107318876956435,1528330.38,0.09803758988792477,60,0,1,16.2232891233652,202301,1.0,5.0
1800002200,C000194,2023-01-17,2023-04-17,103672.3,Construction,Midwest,NT90,High,CLEARED,11.548999887584436,90,0,1,10.68421052631579,0.9473684210526315,19,141679.3210526316,1,1,1,0,13.0,2.3157894736842106,240865.52,0.7317391079357827,2691907.1,0.07896302213320891,90,0,0,16.2232891233652,202301,1.0,13.0
1800000090,C000142,2023-01-17,2023-03-03,89045.92,Energy,Northeast,NT45,High,CLEARED,11.396918700809152,45,1,2,12.3125,0.9375,16,137539.153125,1,1,1,0,14.666666666666666,2.354166666666666,245566.0,0.6474223373985166,2200626.45,0.2383778704098713,45,0,0,16.2232891233652,202301,1.0,4.0
1800003990,C000166,2023-01-17,2023-03-18,12404.62,Logistics,West,NT60,High,CLEARED,9.425904874723786,60,3,4,26.384615384615383,1.0,13,132364.5,1,1,1,0,27.333333333333332,0.9487179487179489,236797.87,0.09371561105885642,1720738.5,0.006320518324671275,60,0,0,16.2232891233652,202301,1.0,43.0
1800001062,C000059,2023-01-17,2023-01-31,33994.24,Retail,South,NT14,High,CLEARED,10.433975793797384,14,5,3,17.214285714285715,1.0,14,98676.735,1,1,1,0,17.666666666666668,0.45238095238095255,193103.84,0.34450106197778024,1381474.29,0.02630377626289984,14,0,0,16.2232891233652,202301,1.0,11.0
1800002921,C000082,2023-01-17,2023-01-31,111023.22,Logistics,Northeast,NT14,High,CLEARED,11.617503654690905,14,3,2,12.142857142857142,0.9285714285714286,14,120319.30500000001,1,1,1,0,14.333333333333334,2.1904761904761916,237416.81,0.9227382089682117,1684470.27,0.22748361692148725,14,0,0,16.2232891233652,202301,1.0,16.0
1800001321,C000108,2023-01-17,2023-01-31,115153.86,Retail,Northeast,NT14,High,CLEARED,11.65403311017669,14,5,2,31.333333333333332,0.9444444444444444,18,125159.88444444444,1,1,1,0,30.333333333333332,-1.0,234687.86,0.92005406134035,2252877.92,0.09771759793705422,14,0,0,16.2232891233652,202301,1.0,16.0
1800003222,C000099,2023-01-17,2023-03-03,23309.07,Logistics,West,NT45,High,CLEARED,10.056640735028298,45,3,4,1.9565217391304348,0.7391304347826086,23,128027.77869565217,1,1,1,0,2.0,0.04347826086956519,245026.79,0.18206259795704458,2944638.91,0.013800629163281893,45,0,0,16.2232891233652,202301,1.0,2.0
1800002826,C000112,2023-01-17,2023-01-31,201611.42,Logistics,International,NT14,High,CLEARED,12.214102420424565,14,3,0,10.2,0.85,20,168043.465,1,1,1,0,11.666666666666666,1.4666666666666668,242663.76,1.1997575746251128,3360869.3,2.699971301037917,14,0,0,16.2232891233652,202301,1.0,20.0
1800002247,C000163,2023-01-17,2023-04-17,164955.72,Retail,West,NT90,High,CLEARED,12.013438415444957,90,5,4,1.9,0.6,10,109387.98400000001,1,1,1,0,4.666666666666667,2.766666666666667,208883.19,1.5079875683603419,1093879.84,0.14646600398196136,90,0,0,16.2232891233652,202301,0.0,0.0
1800004736,C000071,2023-01-18,2023-04-18,110429.38,Energy,Midwest,NT90,Medium,CLEARED,11.612140556129162,90,1,1,0.625,0.375,8,151807.23125,1,1,2,0,-1.0,-1.625,232282.46,0.7274316189730257,1214457.85,0.09101467925923049,90,0,0,16.2232891233652,202301,0.0,0.0
1800003753,C000163,2023-01-18,2023-04-18,197443.18,Retail,West,NT90,High,CLEARED,12.193211190463712,90,5,4,1.7272727272727273,0.5454545454545454,11,114439.59636363637,1,1,2,0,4.333333333333333,2.6060606060606055,208883.19,1.725304757040705,1258835.56,0.17531197819688282,90,0,0,16.2232891233652,202301,1.0,1.0
1800002801,C000090,2023-01-18,2023-03-19,82033.61,Logistics,Northeast,NT60,High,CLEARED,11.314896510369296,60,3,2,27.0,1.0,15,161583.63933333333,1,1,2,0,24.333333333333332,-2.666666666666668,249899.17,0.5076851241775266,2423754.59,0.0884329708495691,60,0,0,16.2232891233652,202301,1.0,33.0
1800002797,C000156,2023-01-18,2023-02-17,174862.9,Retail,Northeast,NT30,High,CLEARED,12.071763236043292,30,5,2,13.1,0.95,20,118953.301,1,1,2,0,10.0,-3.0999999999999996,244580.13,1.470013009559104,2379066.02,2.280863771194261,30,0,0,16.2232891233652,202301,1.0,2.0
1800002423,C000041,2023-01-18,2023-02-01,175519.63,Manufacturing,South,NT14,High,CLEARED,12.075511864837164,14,4,3,25.666666666666668,1.0,6,157144.07833333334,1,1,2,0,30.333333333333332,4.666666666666664,233510.12,1.116934420065696,942864.47,0.20833007272897458,14,0,0,16.2232891233652,202301,1.0,19.0
1800003045,C000049,2023-01-19,2023-03-20,109937.5,Construction,International,NT60,High,CLEARED,11.607676397515862,60,0,0,13.5,0.9166666666666666,12,121436.01833333333,1,1,3,0,13.0,-0.5,239827.83,0.9053121265737591,1457232.22,0.16484331282316414,60,0,0,16.2232891233652,202301,1.0,8.0
1800001210,C000136,2023-01-19,2023-03-20,153215.8,Construction,Midwest,NT60,High,CLEARED,11.93960919085076,60,0,1,12.947368421052632,0.9473684210526315,19,131193.45315789472,1,1,3,0,7.666666666666667,-5.280701754385965,236301.93,1.167861629616539,2492675.61,0.9149992991899806,60,0,0,16.2232891233652,202301,0.0,0.0
1800004948,C000049,2023-01-19,2023-03-20,238845.18,Construction,International,NT60,High,CLEARED,12.383575025388978,60,0,0,13.076923076923077,0.9230769230769231,13,120551.51692307692,1,1,3,0,11.0,-2.0769230769230766,239827.83,1.9812706309818184,1567169.72,0.35813103557061915,60,0,0,16.2232891233652,202301,1.0,30.0
1800000184,C000046,2023-01-19,2023-03-20,128110.34,Construction,International,NT60,High,CLEARED,11.760655008556919,60,0,0,2.0,0.5555555555555556,18,136092.81166666665,1,1,3,0,3.3333333333333335,1.3333333333333335,237671.75,0.941345383573835,2449670.61,0.7961358275832026,60,0,0,16.2232891233652,202301,0.0,-3.0
1800002654,C000037,2023-01-19,2023-03-20,163981.98,Logistics,South,NT60,High,CLEARED,12.007517920932964,60,3,3,2.6666666666666665,0.8333333333333334,12,135330.79333333333,1,1,3,0,2.3333333333333335,-0.33333333333333304,247564.19,1.2117122493776855,1623969.52,0.08327669218856387,60,0,0,16.2232891233652,202301,0.0,0.0
1800003818,C000170,2023-01-19,2023-02-02,38632.77,Logistics,Midwest,NT14,High,CLEARED,10.56188204344314,14,3,1,11.066666666666666,1.0,15,105249.7,1,1,3,0,14.0,2.9333333333333336,248555.31,0.36705824339641824,1578745.5,0.048839285430970984,14,0,0,16.2232891233652,202301,1.0,11.0
1800001454,C000019,2023-01-19,2023-02-02,152599.27,Logistics,Northeast,NT14,High,CLEARED,11.935577167162513,14,3,2,11.333333333333334,1.0,18,111279.26999999999,1,1,3,0,10.666666666666666,-0.6666666666666679,247674.67,1.3713180361445578,2003026.8599999999,0.09570023797740254,14,0,0,16.2232891233652,202301,1.0,12.0
1800002853,C000190,2023-01-20,2023-02-03,195296.97,Manufacturing,Northeast,NT14,High,CLEARED,12.182281722545516,14,4,2,1.2380952380952381,0.5238095238095238,21,113917.0738095238,1,1,4,0,0.3333333333333333,-0.9047619047619049,233508.36,1.714378393589606,2392258.55,0.13356172400537183,14,0,0,16.2232891233652,202301,1.0,2.0
1800001530,C000136,2023-01-21,2023-03-22,164668.66,Construction,Midwest,NT60,High,CLEARED,12.011696685474382,60,0,1,12.3,0.9,20,132294.5705,1,1,5,0,7.333333333333333,-4.966666666666668,236301.93,1.244712155439516,2645891.41,0.9833953710945816,60,0,0,16.2232891233652,202301,1.0,14.0
1800002827,C000102,2023-01-21,2023-03-07,44975.21,Healthcare,Northeast,NT45,High,CLEARED,10.713888962292296,45,2,2,2.5714285714285716,0.7857142857142857,14,79178.36928571427,1,1,5,0,0.0,-2.5714285714285716,242216.98,0.5680239490372357,1108497.17,0.06351299846932623,45,0,0,16.2232891233652,202301,0.0,0.0
1800003264,C000157,2023-01-21,2023-02-20,14218.23,Healthcare,South,NT30,High,CLEARED,9.562350552805322,30,2,3,1.375,0.625,8,150529.70875,1,1,5,0,1.6666666666666667,0.29166666666666674,249242.86,0.09445464365850638,1204237.67,0.010828532384643933,30,0,0,16.2232891233652,202301,1.0,3.0
1800000890,C000111,2023-01-21,2023-02-04,177186.62,Energy,International,NT14,High,CLEARED,12.084964450152656,14,1,0,10.294117647058824,0.8823529411764706,17,140345.23647058825,1,1,5,0,0.6666666666666666,-9.627450980392158,244079.76,1.262505407778001,2385869.02,0.16272773512367686,14,0,0,16.2232891233652,202301,1.0,14.0
1800003572,C000154,2023-01-21,2023-03-22,60172.92,Manufacturing,South,NT60,High,CLEARED,11.004994314837532,60,4,3,11.142857142857142,1.0,14,153526.0042857143,1,1,5,0,12.666666666666666,1.5238095238095237,242212.58,0.39193959537966777,2149364.06,0.05367893383841596,60,0,0,16.2232891233652,202301,1.0,7.0
1800002788,C000172,2023-01-21,2023-03-07,144589.63,Logistics,Northeast,NT45,High,CLEARED,11.881661787160477,45,3,2,10.882352941176471,0.8823529411764706,17,133101.08705882353,1,1,5,0,11.0,0.117647058823529,248872.63,1.0863144185749525,2262718.48,0.16132835512261015,45,0,0,16.2232891233652,202301,1.0,21.0
1800004977,C000016,2023-01-21,2023-03-22,108657.25,Manufacturing,West,NT60,High,CLEARED,11.59596291469329,60,4,4,10.909090909090908,0.9090909090909091,11,135836.10818181818,1,1,5,0,15.0,4.090909090909092,224363.65,0.7999143339307176,1494197.19,0.3371526209951175,60,0,0,16.2232891233652,202301,0.0,0.0
1800001625,C000078,2023-01-21,2023-02-20,35171.77,Construction,International,NT30,High,CLEARED,10.468027482673678,30,0,0,23.785714285714285,1.0,14,129935.71571428572,1,1,5,0,38.0,14.214285714285715,215622.24,0.2706859296279926,1819100.02,0.04177931090484444,30,0,0,16.2232891233652,202301,1.0,34.0
1800000112,C000029,2023-01-21,2023-03-07,207535.74,Construction,International,NT45,High,CLEARED,12.24306366322054,45,0,0,2.5714285714285716,0.7142857142857143,14,115264.23357142857,1,1,5,0,3.6666666666666665,1.095238095238095,230369.45,1.8005215804553223,1613699.27,0.10750319370655492,45,0,0,16.2232891233652,202301,0.0,-1.0
1800004270,C000006,2023-01-22,2023-03-08,125354.81,Energy,South,NT45,High,CLEARED,11.738911452731687,45,1,3,1.5454545454545454,0.5454545454545454,11,137588.83181818182,1,1,6,0,0.3333333333333333,-1.2121212121212122,249161.14,0.911082740826315,1513477.15,0.5253831639828727,45,0,0,16.2232891233652,202301,1.0,3.0
1800000135,C000028,2023-01-22,2023-04-22,121929.76,Manufacturing,Northeast,NT90,High,CLEARED,11.711208621619441,90,4,2,26.555555555555557,0.9444444444444444,18,98557.30833333333,1,1,6,0,31.333333333333332,4.777777777777775,233324.46,1.2371457993517645,1774031.55,0.12482563483987888,90,0,0,16.2232891233652,202301,1.0,41.0
1800000270,C000149,2023-01-22,2023-02-05,236969.4,Retail,West,NT14,High,CLEARED,12.37569051780253,14,5,4,2.3076923076923075,0.6153846153846154,13,135359.53153846154,1,1,6,0,3.3333333333333335,1.025641025641026,226421.25,1.750666519798546,1759673.91,0.33855123392357955,14,0,0,16.2232891233652,202301,1.0,3.0
1800002818,C000022,2023-01-22,2023-03-08,25867.57,Energy,Midwest,NT45,High,CLEARED,10.16078399727037,45,1,1,31.5,1.0,10,133353.203,1,1,6,0,45.666666666666664,14.166666666666664,226396.69,0.19397786793317592,1333532.03,0.028812423239479103,45,0,0,16.2232891233652,202301,1.0,16.0
1800001293,C000200,2023-01-23,2023-03-09,246386.59,Healthcare,Northeast,NT45,High,CLEARED,12.414661144113389,45,2,2,1.0769230769230769,0.5384615384615384,13,112505.00923076924,1,1,0,0,2.3333333333333335,1.2564102564102566,230600.01,2.1900055089512867,1462565.12,0.1294330976699734,45,0,1,16.2232891233652,202301,0.0,-2.0
1800004060,C000024,2023-01-23,2023-03-09,119128.8,Construction,International,NT45,High,CLEARED,11.687968933953753,45,0,0,24.94736842105263,1.0,19,157973.66631578948,1,1,0,0,21.666666666666668,-3.2807017543859622,249295.78,0.754105432748908,3001499.66,0.3422881681657764,45,0,1,16.2232891233652,202301,1.0,13.0
1800004242,C000041,2023-01-23,2023-02-06,65741.86,Manufacturing,South,NT14,High,CLEARED,11.093506350987454,14,4,3,24.714285714285715,1.0,7,159769.15714285715,1,1,0,0,32.666666666666664,7.952380952380949,233510.12,0.4114802955442589,1118384.1,0.07803119500159648,14,0,1,16.2232891233652,202301,1.0,12.0
1800002923,C000179,2023-01-23,2023-03-09,65691.95,Retail,International,NT45,High,CLEARED,11.092746892778935,45,5,0,1.411764705882353,0.5882352941176471,17,141223.28529411764,1,1,0,0,2.0,0.588235294117647,208943.23,0.4651637289359693,2400795.85,0.03410873688961302,45,0,1,16.2232891233652,202301,1.0,3.0
1800002731,C000130,2023-01-23,2023-03-24,74268.7,Energy,South,NT60,Medium,CLEARED,11.215458341339176,60,1,3,1.8,0.5,10,120561.08599999998,1,1,0,0,1.3333333333333333,-0.4666666666666668,203563.71,0.616025472763243,1205610.8599999999,0.12286750546589645,60,0,1,16.2232891233652,202301,1.0,2.0
1800003113,C000094,2023-01-24,2023-02-07,48175.64,Healthcare,West,NT14,High,CLEARED,10.782629535256325,14,2,4,9.642857142857142,0.9285714285714286,14,125734.90642857143,1,1,1,0,9.333333333333334,-0.3095238095238084,243254.75,0.383152470291677,1760288.69,0.04347622054246556,14,0,0,16.2232891233652,202301,1.0,2.0
1800001604,C000138,2023-01-24,2023-02-23,33069.1,Construction,Northeast,NT30,High,CLEARED,10.406384829859988,30,0,2,2.5,0.7222222222222222,18,154007.75555555557,1,1,1,0,2.0,-0.5,248495.46,0.21472360194270154,2772139.6,0.09308982751311372,30,0,0,16.2232891233652,202301,1.0,4.0
1800004082,C000026,2023-01-24,2023-03-10,82206.92,Manufacturing,Midwest,NT45,High,CLEARED,11.317006926767837,45,4,1,1.8333333333333333,0.6666666666666666,18,123115.78555555556,1,1,1,0,1.0,-0.8333333333333333,236806.85,0.6677203871871038,2216084.14,0.15818160802545148,45,0,0,16.2232891233652,202301,1.0,6.0
1800002198,C000170,2023-01-25,2023-02-08,163689.88,Logistics,Midwest,NT14,High,CLEARED,12.005735050139588,14,3,1,11.0625,1.0,16,101086.141875,1,1,2,0,10.333333333333334,-0.7291666666666661,248555.31,1.6193107874511015,1617378.27,0.2069356344751202,14,1,0,16.2232891233652,202301,1.0,11.0
1800001356,C000023,2023-01-25,2023-03-11,164215.82,Manufacturing,International,NT45,High,CLEARED,12.008942906807844,45,4,0,2.5833333333333335,0.8333333333333334,12,111001.61833333335,1,1,2,0,3.3333333333333335,0.75,249683.32,1.479400232768378,1332019.4200000002,0.0897538477694784,45,1,0,16.2232891233652,202301,1.0,10.0
1800004002,C000088,2023-01-25,2023-02-24,55922.56,Logistics,West,NT30,High,CLEARED,10.93174103725615,30,3,4,1.8181818181818181,0.5454545454545454,11,89006.69454545455,1,1,2,0,0.3333333333333333,-1.4848484848484849,247684.45,0.6282961105969516,979073.64,0.028295302079708668,30,1,0,16.2232891233652,202301,1.0,5.0
1800003074,C000053,2023-01-25,2023-03-11,153646.77,Manufacturing,South,NT45,Medium,CLEARED,11.94241805394859,45,4,3,0.3,0.4,10,122970.156,1,1,2,0,0.3333333333333333,0.033333333333333326,212445.82,1.249463894312698,1229701.56,0.25365746172015463,45,1,0,16.2232891233652,202301,1.0,3.0
1800000325,C000102,2023-01-26,2023-03-12,14260.96,Healthcare,Northeast,NT45,High,CLEARED,9.565351131928587,45,2,2,2.4,0.7333333333333333,15,76898.15866666667,1,1,3,0,0.6666666666666666,-1.7333333333333334,242216.98,0.18545255500612853,1153472.3800000001,0.020139012817308084,45,1,0,16.2232891233652,202301,1.0,1.0
1800000509,C000157,2023-01-26,2023-02-25,31916.12,Healthcare,South,NT30,High,CLEARED,10.370897821929264,30,2,3,1.5555555555555556,0.6666666666666666,9,135383.98888888888,1,1,3,0,2.3333333333333335,0.7777777777777779,249242.86,0.23574515909849508,1218455.9,0.02430715630652915,30,1,0,16.2232891233652,202301,0.0,0.0
1800000516,C000194,2023-01-26,2023-04-26,223836.55,Construction,Midwest,NT90,High,CLEARED,12.318675844521323,90,0,1,10.8,0.95,20,139778.97,1,1,3,0,10.0,-0.8000000000000007,240865.52,1.601360705405112,2795579.4,0.1704872994220358,90,1,0,16.2232891233652,202301,1.0,1.0
1800003639,C000198,2023-01-26,2023-04-26,178511.77,Construction,West,NT90,High,CLEARED,12.092415418259169,90,0,4,11.153846153846153,1.0,13,171745.9753846154,1,1,3,0,13.333333333333334,2.1794871794871806,249539.5,1.0393941959934314,2232697.68,0.12169583672383302,90,1,0,16.2232891233652,202301,1.0,8.0
1800001859,C000166,2023-01-26,2023-03-27,173721.65,Logistics,West,NT60,High,CLEARED,12.06521534096483,60,3,4,27.571428571428573,1.0,14,123795.93714285715,1,1,3,0,30.333333333333332,2.761904761904759,236797.87,1.4032903987756071,1733143.12,0.08851628443411644,60,1,0,16.2232891233652,202301,1.0,24.0
1800000534,C000108,2023-01-27,2023-02-10,163131.36,Retail,Northeast,NT14,High,CLEARED,12.00231717481522,14,5,2,30.526315789473685,0.9473684210526315,19,124633.25157894735,1,1,4,0,24.333333333333332,-6.192982456140353,234687.86,1.3088911501010345,2368031.78,0.13843048463512075,14,1,0,16.2232891233652,202301,1.0,36.0
1800001374,C000052,2023-01-27,2023-02-10,193591.66,Construction,South,NT14,High,CLEARED,12.17351153988275,14,0,3,25.8,0.9333333333333333,15,140009.71666666667,1,1,4,0,24.0,-1.8000000000000007,225022.07,1.3827016053528665,2100145.75,0.1867788726049052,14,1,0,16.2232891233652,202301,1.0,36.0
1800003299,C000086,2023-01-27,2023-02-10,70768.27,Manufacturing,West,NT14,High,CLEARED,11.16718014591136,14,4,4,0.0,0.5714285714285714,7,108389.08571428571,1,1,4,0,0.3333333333333333,0.3333333333333333,216958.3,0.6529095575780166,758723.6,0.04373773056209605,14,1,0,16.2232891233652,202301,1.0,6.0
1800004234,C000157,2023-01-28,2023-02-27,86355.33,Healthcare,South,NT30,High,CLEARED,11.366237387199572,30,2,3,1.4,0.6,10,125037.202,1,1,5,0,2.3333333333333335,0.9333333333333336,249242.86,0.6906370953502302,1250372.02,0.06576778456190495,30,1,0,16.2232891233652,202301,0.0,0.0
1800001132,C000185,2023-01-29,2023-02-28,197480.11,Logistics,South,NT30,High,CLEARED,12.193398213179364,30,3,3,11.8125,0.875,16,152146.06,1,1,6,0,19.0,7.1875,232341.99,1.297964009058138,2434336.96,1.5565055004956885,30,1,0,16.2232891233652,202301,1.0,8.0
1800001767,C000136,2023-01-29,2023-03-30,48306.08,Construction,Midwest,NT60,High,CLEARED,10.785333412749234,60,0,1,12.380952380952381,0.9047619047619048,21,133836.1938095238,1,1,6,0,6.333333333333333,-6.047619047619048,236301.93,0.3609343528459081,2810560.07,0.2884821888252722,60,1,0,16.2232891233652,202301,1.0,18.0
1800000947,C000165,2023-01-29,2023-03-30,160781.92,Retail,South,NT60,Medium,CLEARED,11.987810411179902,60,5,3,1.6470588235294117,0.47058823529411764,17,117866.93529411765,1,1,6,0,2.3333333333333335,0.6862745098039218,248402.81,1.3640968911153502,2003737.9,0.165361832577227,60,1,0,16.2232891233652,202301,0.0,-2.0
1800003957,C000198,2023-01-29,2023-04-29,10793.46,Construction,West,NT90,High,CLEARED,9.286788318538838,90,0,4,10.928571428571429,1.0,14,172229.24642857144,1,1,6,0,13.666666666666666,2.7380952380952372,249539.5,0.0626691472198734,2411209.45,0.00735816549152598,90,1,0,16.2232891233652,202301,0.0,-5.0
1800002887,C000120,2023-01-29,2023-02-28,42560.71,Manufacturing,South,NT30,High,CLEARED,10.658710301779818,30,4,3,3.0625,0.6875,16,135173.4075,1,1,6,0,1.0,-2.0625,225243.15,0.3148600807448018,2162774.52,0.050515074249036396,30,1,0,16.2232891233652,202301,1.0,1.0
1800004716,C000175,2023-01-29,2023-04-29,183885.62,Construction,West,NT90,High,CLEARED,12.122074651012383,90,0,4,2.55,0.85,20,108009.1205,1,1,6,0,3.3333333333333335,0.7833333333333337,209031.8,1.7025008550088137,2160182.41,0.11525894765666848,90,1,0,16.2232891233652,202301,0.0,0.0
1800002888,C000175,2023-01-29,2023-04-29,26649.32,Construction,West,NT90,High,CLEARED,10.190556437026592,90,0,4,2.4210526315789473,0.8421052631578947,19,112291.2152631579,1,1,6,0,3.0,0.5789473684210527,209031.8,0.23732328426178756,2133533.09,0.016703712769741367,90,1,0,16.2232891233652,202301,1.0,5.0
1800001407,C000140,2023-01-29,2023-03-30,238713.21,Logistics,South,NT60,High,CLEARED,12.383022341346823,60,3,3,10.142857142857142,0.8571428571428571,7,80744.77571428572,1,1,6,0,2.3333333333333335,-7.809523809523808,239050.62,2.9563920128366377,565213.43,0.12892081898977317,60,1,0,16.2232891233652,202301,1.0,15.0
1800002680,C000153,2023-01-29,2023-03-30,85271.02,Manufacturing,South,NT60,High,CLEARED,11.353601660912524,60,4,3,2.0526315789473686,0.7368421052631579,19,126096.32315789475,1,1,6,0,2.0,-0.052631578947368585,230985.56,0.6762371642924568,2395830.14,0.11287152132828615,60,1,0,16.2232891233652,202301,1.0,6.0
1800003782,C000149,2023-01-29,2023-02-12,185679.84,Retail,West,NT14,High,CLEARED,12.131784564850193,14,5,4,2.357142857142857,0.6428571428571429,14,142617.3792857143,1,1,6,0,2.3333333333333335,-0.023809523809523725,236969.4,1.30194399118789,1996643.31,0.2652753433427811,14,1,0,16.2232891233652,202301,1.0,1.0
1800004840,C000084,2023-01-30,2023-03-31,195748.36,Logistics,West,NT60,High,CLEARED,12.184590344371331,60,3,4,14.529411764705882,1.0,17,124369.3388235294,1,1,0,0,22.333333333333332,7.80392156862745,218410.63,1.5739278012706328,2114278.76,0.45613176840261266,60,1,1,16.2232891233652,202301,1.0,2.0
1800002622,C000059,2023-01-30,2023-02-13,196183.19,Retail,South,NT14,High,CLEARED,12.186809241826818,14,5,3,16.8,1.0,15,94364.56866666667,1,1,0,0,14.333333333333334,-2.466666666666667,193103.84,2.0789920705619642,1415468.53,0.151800973820917,14,1,1,16.2232891233652,202301,1.0,24.0
1800000421,C000170,2023-01-30,2023-02-13,20652.82,Logistics,Midwest,NT14,High,CLEARED,9.935655569174491,14,3,1,11.058823529411764,1.0,17,104768.71470588235,1,1,0,0,13.333333333333334,2.2745098039215694,248555.31,0.19712774045170592,1781068.15,0.026109154765098806,14,1,1,16.2232891233652,202301,1.0,19.0
1800003537,C000020,2023-01-30,2023-02-13,85146.28,Healthcare,West,NT14,High,CLEARED,11.352137741951736,14,2,4,1.8666666666666667,0.6,15,118499.90400000001,1,1,0,0,2.3333333333333335,0.4666666666666668,237488.72,0.7185345905427906,1777498.56,0.04273474807372675,14,1,1,16.2232891233652,202301,0.0,-1.0
1800004820,C000159,2023-01-30,2023-03-31,237079.2,Healthcare,Northeast,NT60,High,CLEARED,12.376153759498516,60,2,2,1.8888888888888888,0.7222222222222222,18,130553.01388888889,1,1,0,0,1.6666666666666667,-0.2222222222222221,236351.84,1.8159611405200762,2349954.25,0.7139824914085704,60,1,1,16.2232891233652,202301,1.0,1.0
1800004559,C000002,2023-01-31,2023-05-01,137108.39,Construction,South,NT90,High,CLEARED,11.828534353358235,90,0,3,3.0,0.7777777777777778,9,136924.91555555555,1,1,1,0,3.3333333333333335,0.3333333333333335,226364.41,1.001339963904305,1232324.24,1.2244420288521976,90,1,0,16.2232891233652,202301,1.0,5.0
1800000278,C000061,2023-01-31,2023-03-02,208944.84,Energy,International,NT30,Medium,CLEARED,12.249830358608717,30,1,0,0.5882352941176471,0.47058823529411764,17,118323.0994117647,1,1,1,0,-0.3333333333333333,-0.9215686274509804,247291.55,1.7658837626698012,2011492.69,0.176191887021235,30,1,0,16.2232891233652,202301,1.0,2.0
1800003211,C000188,2023-01-31,2023-03-17,193682.46,Construction,International,NT45,High,CLEARED,12.173980455971165,45,0,0,2.2666666666666666,0.6666666666666666,15,113901.488,1,1,1,0,3.3333333333333335,1.0666666666666669,242705.68,1.7004383647736014,1708522.32,0.11601770268206842,45,1,0,16.2232891233652,202301,1.0,1.0
1800001782,C000087,2023-01-31,2023-04-01,7408.19,Construction,South,NT60,High,CLEARED,8.910476400574279,60,0,3,8.583333333333334,0.75,12,149774.35666666666,1,1,1,0,8.333333333333334,-0.25,236206.27,0.049462338980279824,1797292.28,0.004028233823601803,60,1,0,16.2232891233652,202301,1.0,14.0
1800000160,C000119,2023-01-31,2023-03-17,18946.8,Logistics,International,NT45,High,CLEARED,9.84944310878422,45,3,0,3.3333333333333335,0.8333333333333334,18,109691.52444444444,1,1,1,0,3.6666666666666665,0.33333333333333304,221992.37,0.17272802156739103,1974447.44,0.016710994295693435,45,1,0,16.2232891233652,202301,1.0,3.0
1800002135,C000176,2023-02-01,2023-02-15,240615.17,Healthcare,International,NT14,High,CLEARED,12.39095828724697,14,2,0,2.0,0.6363636363636364,11,98347.28909090908,2,1,2,0,3.6666666666666665,1.6666666666666665,176452.64,2.4465867053801866,1081820.18,0.17409232764081287,14,0,0,16.558813155651322,202302,1.0,3.0
1800004107,C000013,2023-02-01,2023-04-02,159861.8,Retail,West,NT60,High,CLEARED,11.982071226352529,60,5,4,1.25,0.5833333333333334,12,105302.25,2,1,2,0,0.0,-1.25,231196.03,1.5181233069568787,1263627.0,0.11485019259282503,60,0,0,16.558813155651322,202302,0.0,0.0
1800003672,C000018,2023-02-01,2023-03-18,155597.83,Manufacturing,Northeast,NT45,High,CLEARED,11.955036371417952,45,4,2,10.090909090909092,0.9090909090909091,11,154132.70454545456,2,1,2,0,2.3333333333333335,-7.757575757575758,249207.47,1.0095056104988631,1695459.75,0.15369874672926281,45,0,0,16.558813155651322,202302,0.0,0.0
1800001971,C000181,2023-02-02,2023-04-03,134124.14,Retail,International,NT60,High,CLEARED,11.806528523734878,60,5,0,1.9375,0.6875,16,139301.836875,2,1,3,0,3.0,1.0625,245911.2,0.9628310940390103,2228829.39,0.21393076296405608,60,0,0,16.558813155651322,202302,0.0,-2.0
1800000477,C000047,2023-02-02,2023-03-04,222941.59,Construction,South,NT30,High,CLEARED,12.314669573351686,30,0,3,2.272727272727273,0.8181818181818182,11,116520.19727272727,2,1,3,0,2.0,-0.27272727272727293,248675.38,1.91333000817174,1281722.17,0.16312825368813272,30,0,0,16.558813155651322,202302,1.0,3.0
1800001044,C000041,2023-02-02,2023-02-16,248153.88,Manufacturing,South,NT14,High,CLEARED,12.421808346347108,14,4,3,23.125,1.0,8,148015.745,2,1,3,0,21.0,-2.125,233510.12,1.6765370467851242,1184125.96,0.2945420741165944,14,0,0,16.558813155651322,202302,1.0,7.0
1800000531,C000096,2023-02-02,2023-05-03,206483.83,Healthcare,West,NT90,High,CLEARED,12.237982226214992,90,2,4,2.5384615384615383,0.6153846153846154,13,158669.81307692308,2,1,3,0,6.0,3.4615384615384617,248761.06,1.3013428704292775,2062707.57,0.10934638294588593,90,0,0,16.558813155651322,202302,1.0,4.0
1800000613,C000008,2023-02-03,2023-04-04,82663.5,Construction,South,NT60,High,CLEARED,11.32254552645811,60,0,3,2.3333333333333335,0.75,12,78369.34333333334,2,1,4,0,4.0,1.6666666666666665,193313.22,1.0547938324352426,940432.12,0.049578097220895255,60,0,0,16.558813155651322,202302,0.0,0.0
1800004476,C000108,2023-02-03,2023-02-17,54289.83,Retail,Northeast,NT14,High,CLEARED,10.902110615049349,14,5,2,30.8,0.95,20,126558.157,2,1,4,0,30.666666666666668,-0.13333333333333286,234687.86,0.4289714016616092,2531163.14,0.04606942207591672,14,0,0,16.558813155651322,202302,1.0,27.0
1800004095,C000083,2023-02-03,2023-02-17,180235.48,Manufacturing,South,NT14,Medium,CLEARED,12.102025045399222,14,4,3,2.0,0.42857142857142855,7,130484.78142857143,2,1,4,0,0.6666666666666666,-1.3333333333333335,237730.96,1.3812758700803938,913393.47,0.14511897393223788,14,0,0,16.558813155651322,202302,0.0,0.0
1800002953,C000012,2023-02-03,2023-02-17,171475.43,Logistics,International,NT14,High,CLEARED,12.052201101740826,14,3,0,1.1111111111111112,0.5555555555555556,18,141871.85944444442,2,1,4,0,0.6666666666666666,-0.44444444444444453,248588.91,1.208664147149971,2553693.4699999997,0.1570902428895349,14,0,0,16.558813155651322,202302,1.0,7.0
1800001505,C000056,2023-02-03,2023-02-17,238565.77,Logistics,South,NT14,High,CLEARED,12.382404508200864,14,3,3,2.7142857142857144,0.5714285714285714,7,122636.64428571428,2,1,4,0,3.3333333333333335,0.6190476190476191,240142.35,1.9453057557918687,858456.51,0.6755875042216118,14,0,0,16.558813155651322,202302,0.0,-1.0
1800004154,C000131,2023-02-03,2023-03-20,218675.56,Energy,Northeast,NT45,High,CLEARED,12.295349022137081,45,1,2,2.533333333333333,0.6,15,162025.196,2,1,4,0,2.0,-0.5333333333333332,249492.9,1.3496392252474116,2430377.94,0.11600370003509836,45,0,0,16.558813155651322,202302,0.0,0.0
1800004954,C000128,2023-02-04,2023-03-21,183845.57,Retail,Northeast,NT45,Medium,CLEARED,12.12185683004192,45,5,2,1.0714285714285714,0.5,14,157186.62357142856,2,1,5,0,0.3333333333333333,-0.7380952380952381,236385.24,1.169600604827911,2200612.73,0.12850617737474182,45,0,0,16.558813155651322,202302,0.0,0.0
1800004841,C000126,2023-02-04,2023-03-06,72702.53,Manufacturing,Northeast,NT30,High,CLEARED,11.194145218051212,30,4,2,12.818181818181818,1.0,11,121582.01454545454,2,1,5,0,10.666666666666666,-2.1515151515151523,228114.05,0.5979710919563641,1337402.16,0.07312760247126485,30,0,0,16.558813155651322,202302,0.0,0.0
1800003470,C000185,2023-02-04,2023-03-06,230175.79,Logistics,South,NT30,High,CLEARED,12.346602944817455,30,3,3,11.588235294117647,0.8823529411764706,17,154812.7688235294,2,1,5,0,14.0,2.4117647058823533,232341.99,1.4868010678264962,2631817.07,1.8142074319076513,30,0,0,16.558813155651322,202302,1.0,19.0
1800002479,C000025,2023-02-04,2023-05-05,113210.85,Energy,International,NT90,High,CLEARED,11.637016121251243,90,1,0,10.333333333333334,0.8666666666666667,15,130835.12866666666,2,1,5,0,4.666666666666667,-5.666666666666667,227686.87,0.8652939860550093,1962526.93,0.1659729286859366,90,0,0,16.558813155651322,202302,0.0,-1.0
1800002080,C000076,2023-02-05,2023-03-22,165754.48,Retail,International,NT45,High,CLEARED,12.0182689693417,45,5,0,12.916666666666666,0.9166666666666666,12,116762.66916666667,2,1,6,0,21.333333333333332,8.416666666666666,245278.82,1.4195845400159752,1401152.03,0.19584251577541195,45,0,0,16.558813155651322,202302,1.0,6.0
1800003649,C000144,2023-02-05,2023-04-06,58691.86,Construction,Midwest,NT60,High,CLEARED,10.980073362983585,60,0,1,2.125,0.5625,16,120251.565625,2,1,6,0,1.3333333333333333,-0.7916666666666667,232345.82,0.4880756412189124,1924025.05,0.05794433862952881,60,0,0,16.558813155651322,202302,1.0,1.0
1800000075,C000077,2023-02-05,2023-03-22,104581.42,Manufacturing,International,NT45,High,CLEARED,11.557730747654158,45,4,0,1.1764705882352942,0.5294117647058824,17,118528.39823529412,2,1,6,0,3.6666666666666665,2.4901960784313726,240478.92,0.882332179942164,2014982.77,0.12022644523979924,45,0,0,16.558813155651322,202302,1.0,2.0
1800001177,C000191,2023-02-05,2023-05-06,75765.76,Energy,Midwest,NT90,High,CLEARED,11.235414953023945,90,1,1,24.65,0.95,20,131193.419,2,1,6,0,37.666666666666664,13.016666666666666,209665.59,0.5775118948611286,2623868.38,0.9821675474304451,90,0,0,16.558813155651322,202302,1.0,21.0
1800003967,C000082,2023-02-06,2023-02-20,180215.02,Logistics,Northeast,NT14,High,CLEARED,12.10191152142576,14,3,2,12.4,0.9333333333333333,15,119699.566,2,1,0,0,17.666666666666668,5.2666666666666675,237416.81,1.505561181399772,1795493.49,0.3692557698576763,14,0,1,16.558813155651322,202302,1.0,11.0
1800000485,C000175,2023-02-07,2023-05-08,35580.34,Construction,West,NT90,High,CLEARED,10.47957662211829,90,0,4,2.4285714285714284,0.8095238095238095,21,111622.28714285714,2,1,1,0,3.0,0.5714285714285716,209031.8,0.31875659342531965,2344068.03,0.02230164895801242,90,0,0,16.558813155651322,202302,1.0,8.0
1800001196,C000060,2023-02-07,2023-04-08,148458.59,Logistics,International,NT60,High,CLEARED,11.908068078981074,60,3,0,2.5714285714285716,0.6666666666666666,21,131533.66999999998,2,1,1,0,0.0,-2.5714285714285716,241297.28,1.1286736696391122,2762207.07,0.12979777313132426,60,0,0,16.558813155651322,202302,1.0,2.0
1800003165,C000133,2023-02-07,2023-03-09,100549.76,Construction,Northeast,NT30,High,CLEARED,11.518417953600876,30,0,2,8.421052631578947,0.8421052631578947,19,114870.61631578948,2,1,1,0,8.0,-0.4210526315789469,223979.88,0.8753305521020259,2182541.71,0.465286770734128,30,0,0,16.558813155651322,202302,1.0,11.0
1800003058,C000121,2023-02-08,2023-03-10,92411.06,Logistics,West,NT30,High,CLEARED,11.43401276859337,30,3,4,11.4,1.0,15,155315.632,2,1,2,0,11.666666666666666,0.2666666666666657,245352.54,0.5949887903105593,2329734.48,0.09175942129374037,30,0,0,16.558813155651322,202302,1.0,13.0
1800003392,C000095,2023-02-08,2023-03-10,130156.96,Healthcare,West,NT30,High,CLEARED,11.776504068752272,30,2,4,1.1818181818181819,0.5454545454545454,11,117579.81363636363,2,1,2,0,-0.3333333333333333,-1.5151515151515151,201969.85,1.1069668846604352,1293377.95,0.0686909011778564,30,0,0,16.558813155651322,202302,1.0,3.0
1800000860,C000129,2023-02-08,2023-02-22,101164.07,Construction,South,NT14,High,CLEARED,11.524508818151967,14,0,3,2.6470588235294117,0.8235294117647058,17,142146.7294117647,2,1,2,0,1.6666666666666667,-0.980392156862745,234109.33,0.7116876372649571,2416494.4,0.07174940334643458,14,0,0,16.558813155651322,202302,1.0,2.0
1800002315,C000163,2023-02-08,2023-05-09,72622.02,Retail,West,NT90,High,CLEARED,11.19303723044349,90,5,4,1.6666666666666667,0.5833333333333334,12,121356.56166666666,2,1,2,0,2.3333333333333335,0.6666666666666667,208883.19,0.5984185692362715,1456278.74,0.06448189290130756,90,0,0,16.558813155651322,202302,0.0,0.0
1800000596,C000056,2023-02-08,2023-02-22,170419.26,Logistics,South,NT14,Medium,CLEARED,12.046022783023313,14,3,3,2.25,0.5,8,137127.785,2,1,2,0,3.3333333333333335,1.0833333333333335,240142.35,1.2427770199890562,1097022.28,0.4826053734980252,14,0,0,16.558813155651322,202302,0.0,-1.0
1800003100,C000180,2023-02-09,2023-04-10,104572.35,Manufacturing,Midwest,NT60,High,CLEARED,11.55764401803627,60,4,1,13.5,0.9285714285714286,14,85831.20142857144,2,1,3,0,9.333333333333334,-4.166666666666666,207582.14,1.2183489017921405,1201636.82,0.06101055858593201,60,0,0,16.558813155651322,202302,0.0,0.0
1800000191,C000106,2023-02-09,2023-03-11,37464.61,Healthcare,Northeast,NT30,High,CLEARED,10.531178724528935,30,2,2,10.583333333333334,1.0,12,96717.65333333334,2,1,3,0,7.666666666666667,-2.916666666666667,242710.29,0.38736061834420027,1160611.84,0.13720314062045544,30,0,0,16.558813155651322,202302,1.0,16.0
1800003041,C000002,2023-02-09,2023-05-10,90183.71,Construction,South,NT90,High,CLEARED,11.409615179486778,90,0,3,3.2,0.8,10,136943.263,2,1,3,0,4.666666666666667,1.4666666666666668,226364.41,0.6585479856719932,1369432.6300000001,0.8053826964332249,90,0,0,16.558813155651322,202302,0.0,0.0
1800000532,C000121,2023-02-10,2023-03-12,8065.0,Logistics,West,NT30,High,CLEARED,8.995412975433313,30,3,4,11.5,1.0,16,151384.09625,2,1,4,0,12.333333333333334,0.8333333333333339,245352.54,0.0532750810671765,2422145.54,0.008008129467771673,30,0,0,16.558813155651322,202302,1.0,26.0
1800000233,C000016,2023-02-11,2023-04-12,126632.7,Manufacturing,West,NT60,High,CLEARED,11.749053946002231,60,4,4,10.0,0.8333333333333334,12,133571.20333333334,2,1,5,0,9.666666666666666,-0.3333333333333339,224363.65,0.9480538981443629,1602854.44,0.39292865141247746,60,0,0,16.558813155651322,202302,1.0,8.0
1800001730,C000115,2023-02-11,2023-05-12,67037.9,Healthcare,International,NT90,High,CLEARED,11.113028326906791,90,2,0,8.75,0.875,8,159446.65,2,1,5,0,11.333333333333334,2.583333333333334,246733.75,0.42044094372631846,1275573.2,0.07453871111993407,90,0,0,16.558813155651322,202302,1.0,8.0
1800001522,C000190,2023-02-12,2023-02-26,62036.59,Manufacturing,Northeast,NT14,High,CLEARED,11.035495770630087,14,4,2,1.2727272727272727,0.5454545454545454,22,117616.16,2,1,6,0,1.3333333333333333,0.06060606060606055,233508.36,0.5274495443483276,2587555.52,0.0424262286906674,14,0,0,16.558813155651322,202302,0.0,0.0
1800003368,C000148,2023-02-13,2023-03-30,189686.37,Construction,Northeast,NT45,High,CLEARED,12.153132574897993,45,0,2,11.346153846153847,0.9230769230769231,26,132786.33846153846,2,1,0,0,2.0,-9.346153846153847,248646.7,1.4285081748446782,3452444.8,0.14729144416709594,45,0,1,16.558813155651322,202302,0.0,-5.0
1800003236,C000148,2023-02-13,2023-03-30,94081.38,Construction,Northeast,NT45,High,CLEARED,11.451926060431521,45,0,2,11.76,0.92,25,134334.5368,2,1,0,0,5.0,-6.76,248646.7,0.7003513931794791,3358363.42,0.07305418058995666,45,0,1,16.558813155651322,202302,1.0,1.0
1800000468,C000064,2023-02-14,2023-05-15,31536.72,Construction,West,NT90,High,CLEARED,10.358939568747417,90,0,4,1.8,0.6,10,122281.852,2,1,1,0,0.0,-1.8,240204.86,0.2579018839197823,1222818.52,0.08975129163236018,90,0,0,16.558813155651322,202302,0.0,-2.0
1800004277,C000083,2023-02-14,2023-02-28,176657.39,Manufacturing,South,NT14,Medium,CLEARED,12.08197314670614,14,4,3,1.75,0.375,8,136703.61875,2,1,1,0,0.6666666666666666,-1.0833333333333335,237730.96,1.2922656445771667,1093628.95,0.1422380275756315,14,0,0,16.558813155651322,202302,0.0,0.0
1800000604,C000091,2023-02-14,2023-03-31,127771.51,Healthcare,International,NT45,High,CLEARED,11.758006696066438,45,2,0,12.666666666666666,1.0,9,106969.71666666666,2,1,1,0,7.333333333333333,-5.333333333333333,242446.48,1.194464321132632,962727.45,0.24736540181263242,45,0,0,16.558813155651322,202302,1.0,11.0
1800000780,C000151,2023-02-14,2023-04-15,104545.56,Energy,International,NT60,High,CLEARED,11.557387801398201,60,1,0,12.571428571428571,1.0,14,124242.32142857143,2,1,1,0,16.0,3.428571428571429,230751.15,0.8414649597488778,1739392.5,0.4715278874022062,60,0,0,16.558813155651322,202302,1.0,5.0
1800002942,C000026,2023-02-14,2023-03-31,99293.27,Manufacturing,Midwest,NT45,High,CLEARED,11.505843144440837,45,4,1,2.0526315789473686,0.6842105263157895,19,120962.68736842106,2,1,1,0,3.0,0.9473684210526314,236806.85,0.8208586644373929,2298291.06,0.19105896577447884,45,0,0,16.558813155651322,202302,0.0,0.0
1800004763,C000109,2023-02-14,2023-05-15,227537.49,Healthcare,West,NT90,High,CLEARED,12.335074689875855,90,2,4,35.8,1.0,15,128499.15666666668,2,1,1,0,40.333333333333336,4.5333333333333385,215869.2,1.7707313876794053,1927487.35,0.5209870645457523,90,0,0,16.558813155651322,202302,1.0,43.0
1800004624,C000106,2023-02-15,2023-03-17,85545.32,Healthcare,Northeast,NT30,High,CLEARED,11.356813262614889,30,2,2,11.0,1.0,13,92159.72692307692,2,1,2,0,9.0,-2.0,242710.29,0.9282288788833135,1198076.45,0.3132846323338708,30,0,0,16.558813155651322,202302,0.0,-2.0
1800002563,C000168,2023-02-15,2023-04-16,151448.53,Construction,South,NT60,High,CLEARED,11.928007713116134,60,0,3,1.7777777777777777,0.6666666666666666,18,113426.04222222223,2,1,2,0,-1.6666666666666667,-3.4444444444444446,245921.07,1.3352183240537019,2041668.76,1.8948162229371448,60,0,0,16.558813155651322,202302,0.0,0.0
1800003776,C000159,2023-02-15,2023-04-16,245933.43,Healthcare,Northeast,NT60,High,CLEARED,12.412820234669697,60,2,2,1.8421052631578947,0.7368421052631579,19,136159.6552631579,2,1,2,0,1.6666666666666667,-0.17543859649122795,237079.2,1.8062136653084246,2587033.45,0.7406476952514401,60,0,0,16.558813155651322,202302,1.0,2.0
1800002822,C000102,2023-02-15,2023-04-01,95839.96,Healthcare,Northeast,NT45,High,CLEARED,11.4704454299936,45,2,2,2.3125,0.75,16,72983.33375,2,1,2,0,0.6666666666666666,-1.6458333333333335,242216.98,1.3131759687532771,1167733.34,0.1353430752803664,45,0,0,16.558813155651322,202302,0.0,-3.0
1800002519,C000010,2023-02-15,2023-04-01,128092.59,Manufacturing,South,NT45,High,CLEARED,11.760516447600825,45,4,3,12.68421052631579,0.8947368421052632,19,121989.84157894735,2,1,2,0,16.666666666666668,3.9824561403508785,241660.56,1.0500266935513902,2317806.9899999998,0.1618871594116086,45,0,0,16.558813155651322,202302,1.0,14.0
1800004506,C000137,2023-02-15,2023-03-01,119443.52,Logistics,Northeast,NT14,High,CLEARED,11.69060727476562,14,3,2,28.625,1.0,16,114543.49125,2,1,2,0,29.333333333333332,0.7083333333333321,235183.36,1.0427787619927291,1832695.86,0.21100860802833002,14,0,0,16.558813155651322,202302,1.0,21.0
1800003493,C000131,2023-02-15,2023-04-01,131636.91,Energy,Northeast,NT45,High,CLEARED,11.787810326297999,45,1,2,2.375,0.5625,16,165565.84375,2,1,2,0,1.0,-1.375,249492.9,0.7950728665917846,2649053.5,0.06983116275631003,45,0,0,16.558813155651322,202302,0.0,-2.0
1800001084,C000015,2023-02-15,2023-03-01,16753.52,Construction,Northeast,NT14,High,CLEARED,9.726423351596317,14,0,2,1.7857142857142858,0.7142857142857143,14,134989.14142857143,2,1,2,0,0.0,-1.7857142857142858,234147.69,0.12411013080533599,1889847.98,0.025245581493569525,14,0,0,16.558813155651322,202302,0.0,0.0
1800002360,C000118,2023-02-16,2023-04-02,104566.88,Healthcare,Northeast,NT45,Medium,CLEARED,11.55759170888612,45,2,2,1.0,0.5,10,126104.21,2,1,3,0,-1.6666666666666667,-2.666666666666667,191691.09,0.8292100636449806,1261042.1,0.1409430605394723,45,0,0,16.558813155651322,202302,1.0,2.0
1800004318,C000167,2023-02-16,2023-03-02,218701.13,Construction,Northeast,NT14,High,CLEARED,12.29546594598643,14,0,2,2.0833333333333335,0.6666666666666666,12,153487.1475,2,1,3,0,2.3333333333333335,0.25,237201.79,1.4248823667792772,1841845.77,0.3135996121078191,14,0,0,16.558813155651322,202302,1.0,2.0
1800000464,C000104,2023-02-16,2023-03-02,112122.0,Manufacturing,Midwest,NT14,High,CLEARED,11.627351761966784,14,4,1,9.5,0.8,10,99639.811,2,1,3,0,11.333333333333334,1.833333333333334,232781.35,1.1252731099620412,996398.11,0.6100024471477562,14,0,0,16.558813155651322,202302,1.0,10.0
1800000714,C000132,2023-02-16,2023-03-02,161828.58,Healthcare,West,NT14,High,CLEARED,11.994299085191491,14,2,4,1.3076923076923077,0.5384615384615384,13,118837.10615384617,2,1,3,0,-0.3333333333333333,-1.641025641025641,249747.76,1.3617680978405615,1544882.3800000001,0.13770403636255768,14,0,0,16.558813155651322,202302,0.0,0.0
1800001595,C000061,2023-02-16,2023-03-18,206094.68,Energy,International,NT30,Medium,CLEARED,12.236095805960183,30,1,0,0.6666666666666666,0.5,18,123357.64055555557,2,1,3,0,0.3333333333333333,-0.3333333333333333,247291.55,1.6707086733487158,2220437.5300000003,0.17378850118642597,30,0,0,16.558813155651322,202302,1.0,7.0
1800000012,C000168,2023-02-17,2023-04-18,6318.01,Construction,South,NT60,High,CLEARED,8.751317829301085,60,0,3,1.6842105263157894,0.631578947368421,19,115427.22578947368,2,1,4,0,-0.6666666666666666,-2.350877192982456,245921.07,0.05473587324643271,2193117.29,0.07904644465468968,60,0,0,16.558813155651322,202302,1.0,6.0
1800003991,C000185,2023-02-17,2023-03-19,175622.91,Logistics,South,NT30,High,CLEARED,12.076100112645193,30,3,3,12.0,0.8888888888888888,18,158999.60333333333,2,1,4,0,17.333333333333332,5.333333333333332,232341.99,1.1045493593579405,2861992.86,1.3842306722842075,30,0,0,16.558813155651322,202302,1.0,13.0
1800004597,C000014,2023-02-17,2023-04-03,89984.15,Manufacturing,South,NT45,Medium,CLEARED,11.407399935698404,45,4,3,0.6363636363636364,0.36363636363636365,11,156862.99454545454,2,1,4,0,0.0,-0.6363636363636364,247283.58,0.5736480440192354,1725492.94,0.055551281812021215,45,0,0,16.558813155651322,202302,1.0,2.0
1800000223,C000145,2023-02-17,2023-03-03,112983.69,Logistics,West,NT14,High,CLEARED,11.635007601789658,14,3,4,1.2857142857142858,0.7142857142857143,14,76582.43928571428,2,1,4,0,0.3333333333333333,-0.9523809523809526,180939.05,1.4753211187029405,1072154.15,0.092063119437933,14,0,0,16.558813155651322,202302,1.0,2.0
1800003738,C000070,2023-02-18,2023-05-19,96764.17,Energy,Midwest,NT90,Medium,CLEARED,11.480042394466475,90,1,1,1.2941176470588236,0.4117647058823529,17,147382.28764705884,2,1,5,0,4.0,2.7058823529411766,248201.18,0.6565522325974767,2505498.89,0.054972617419512704,90,0,0,16.558813155651322,202302,0.0,0.0
1800000742,C000111,2023-02-18,2023-03-04,41461.07,Energy,International,NT14,High,CLEARED,10.632534312384527,14,1,0,10.5,0.8888888888888888,18,142391.98,2,1,5,0,6.666666666666667,-3.833333333333333,244079.76,0.29117559851334324,2563055.64,0.03807773982541247,14,0,0,16.558813155651322,202302,1.0,12.0
1800003623,C000081,2023-02-18,2023-03-20,71533.66,Retail,South,NT30,High,CLEARED,11.177937366470987,30,5,3,2.3333333333333335,0.6,15,132786.584,2,1,5,0,4.666666666666667,2.3333333333333335,245372.05,0.5387115011558699,1991798.76,0.053204063222858256,30,0,0,16.558813155651322,202302,0.0,0.0
1800003823,C000096,2023-02-18,2023-05-19,121744.71,Healthcare,West,NT90,High,CLEARED,11.709689804184398,90,2,4,2.642857142857143,0.6428571428571429,14,162085.1,2,1,5,0,3.3333333333333335,0.6904761904761907,248761.06,0.7511159878360195,2269191.4,0.06447160381176496,90,0,0,16.558813155651322,202302,0.0,-2.0
1800002131,C000178,2023-02-18,2023-03-04,24144.88,Retail,West,NT14,High,CLEARED,10.091869044112734,14,5,4,1.8421052631578947,0.5263157894736842,19,106135.57578947367,2,1,5,0,1.6666666666666667,-0.17543859649122795,209270.35,0.22749092206267227,2016575.94,0.021637788044459122,14,0,0,16.558813155651322,202302,0.0,-4.0
1800000796,C000060,2023-02-19,2023-04-20,38313.24,Logistics,International,NT60,High,CLEARED,10.553576907634241,60,3,0,2.5454545454545454,0.6818181818181818,22,132302.98454545456,2,1,6,0,-0.3333333333333333,-2.878787878787879,241297.28,0.28958711802028125,2910665.66,0.03349737616022069,60,0,0,16.558813155651322,202302,1.0,2.0
1800002642,C000133,2023-02-19,2023-03-21,119808.17,Construction,Northeast,NT30,High,CLEARED,11.693655505974526,30,0,2,8.55,0.85,20,114154.57349999998,2,1,6,0,11.666666666666666,3.1166666666666654,223979.88,1.0495257993320786,2283091.4699999997,0.5544036756215573,30,0,0,16.558813155651322,202302,1.0,7.0
1800000927,C000034,2023-02-19,2023-03-21,25553.45,Logistics,Midwest,NT30,High,CLEARED,10.14856674876377,30,3,1,1.8,0.6,15,106895.39733333333,2,1,6,0,1.6666666666666667,-0.1333333333333333,165843.04,0.23905098477080675,1603430.96,0.054629197251412825,30,0,0,16.558813155651322,202302,1.0,3.0
1800000750,C000169,2023-02-19,2023-03-21,214180.48,Healthcare,South,NT30,High,CLEARED,12.274578972006628,30,2,3,1.6666666666666667,0.5833333333333334,12,97982.0425,2,1,6,0,1.0,-0.6666666666666667,216206.29,2.1859156487781934,1175784.51,0.3015800701669843,30,0,0,16.558813155651322,202302,1.0,1.0
1800001548,C000132,2023-02-20,2023-03-06,34244.95,Healthcare,West,NT14,Medium,CLEARED,10.441323588523321,14,2,4,1.2142857142857142,0.5,14,121907.92571428571,2,1,0,0,-0.3333333333333333,-1.5476190476190474,249747.76,0.28090831502013675,1706710.96,0.02913989506695276,14,0,1,16.558813155651322,202302,0.0,-1.0
1800000784,C000096,2023-02-20,2023-05-21,166359.52,Healthcare,West,NT90,High,CLEARED,12.021912519603346,90,2,4,2.3333333333333335,0.6,15,159395.74066666665,2,1,0,0,1.0,-1.3333333333333335,248761.06,1.0436886161713457,2390936.11,0.08809799673230474,90,0,1,16.558813155651322,202302,1.0,4.0
1800000001,C000200,2023-02-20,2023-04-06,25739.3,Healthcare,Northeast,NT45,Medium,CLEARED,10.155813136093853,45,2,2,0.8571428571428571,0.5,14,122067.97928571429,2,1,0,0,0.3333333333333333,-0.5238095238095237,246386.59,0.21086037592015983,1708951.71,0.01352150427852728,45,0,1,16.558813155651322,202302,0.0,0.0
1800002278,C000109,2023-02-21,2023-05-22,168421.05,Healthcare,West,NT90,High,CLEARED,12.03422831046098,90,2,4,36.25,1.0,16,134689.0525,2,1,1,0,46.0,9.75,227537.49,1.2504434983682138,2155024.84,0.38562958766580996,90,0,0,16.558813155651322,202302,1.0,26.0
1800002559,C000172,2023-02-21,2023-04-07,88871.6,Logistics,Northeast,NT45,High,CLEARED,11.394959162521513,45,3,2,11.444444444444445,0.8888888888888888,18,133739.33944444443,2,1,1,0,11.333333333333334,-0.11111111111111072,248872.63,0.6645135258568959,2407308.11,0.0991600092282867,45,0,0,16.558813155651322,202302,1.0,10.0
1800003935,C000172,2023-02-22,2023-04-08,235037.86,Logistics,Northeast,NT45,High,CLEARED,12.367506141157685,45,3,2,11.368421052631579,0.8947368421052632,19,131377.8794736842,2,1,2,0,11.0,-0.36842105263157876,248872.63,1.789021568483144,2496179.71,0.26224751626612725,45,0,0,16.558813155651322,202302,0.0,-1.0
1800002621,C000178,2023-02-22,2023-03-08,10720.1,Retail,West,NT14,Medium,CLEARED,9.279969041300847,14,5,4,1.55,0.5,20,102036.041,2,1,2,0,-0.3333333333333333,-1.8833333333333333,209270.35,0.1050618967076545,2040720.82,0.00960697471328937,14,0,0,16.558813155651322,202302,1.0,1.0
1800002910,C000064,2023-02-22,2023-05-23,45082.12,Construction,West,NT90,High,CLEARED,10.716263176051603,90,0,4,1.4545454545454546,0.5454545454545454,11,114032.29454545454,2,1,2,0,0.0,-1.4545454545454546,240204.86,0.3953451974258903,1254355.24,0.1283005493128346,90,0,0,16.558813155651322,202302,0.0,0.0
1800000255,C000164,2023-02-22,2023-04-23,98597.54,Manufacturing,Midwest,NT60,High,CLEARED,11.498811733178867,60,4,1,3.1818181818181817,0.7272727272727273,11,146338.07454545455,2,1,2,0,1.0,-2.1818181818181817,225129.53,0.6737654592371604,1609718.82,0.19120248439115642,60,0,0,16.558813155651322,202302,1.0,7.0
1800002667,C000018,2023-02-22,2023-04-08,93183.03,Manufacturing,Northeast,NT45,High,CLEARED,11.442331634059933,45,4,2,9.25,0.8333333333333334,12,154254.79833333334,2,1,2,0,1.0,-8.25,249207.47,0.6040851306203019,1851057.58,0.09204572407876961,45,0,0,16.558813155651322,202302,1.0,14.0
1800003939,C000055,2023-02-23,2023-05-24,196560.04,Logistics,Midwest,NT90,High,CLEARED,12.188728298186355,90,3,1,12.941176470588236,0.9411764705882353,17,110228.26529411765,2,1,3,0,7.666666666666667,-5.2745098039215685,241415.98,1.783209047838381,1873880.51,0.10450243403270575,90,0,0,16.558813155651322,202302,1.0,19.0
1800003530,C000023,2023-02-23,2023-04-09,127165.72,Manufacturing,International,NT45,High,CLEARED,11.753254260435568,45,4,0,3.1538461538461537,0.8461538461538461,13,115095.01846153846,2,1,3,0,6.666666666666667,3.512820512820513,249683.32,1.1048759685676164,1496235.24,0.06950373401524966,45,0,0,16.558813155651322,202302,1.0,4.0
1800002586,C000149,2023-02-24,2023-03-10,10758.53,Retail,West,NT14,High,CLEARED,9.283547152464365,14,5,4,2.2666666666666666,0.6666666666666666,15,145488.21,2,1,4,0,2.6666666666666665,0.3999999999999999,236969.4,0.07394777899872437,2182323.15,0.01537039637482244,14,0,0,16.558813155651322,202302,1.0,1.0
1800003437,C000018,2023-02-24,2023-04-10,38372.34,Manufacturing,Northeast,NT45,High,CLEARED,10.555118226624883,45,4,2,9.615384615384615,0.8461538461538461,13,149556.97,2,1,4,0,6.0,-3.615384615384615,249207.47,0.25657339808368673,1944240.6099999999,0.03790400269122751,45,0,0,16.558813155651322,202302,1.0,15.0
1800003093,C000014,2023-02-24,2023-04-10,52975.79,Manufacturing,South,NT45,Medium,CLEARED,10.877609172089008,45,4,3,0.75,0.4166666666666667,12,151289.75749999998,2,1,4,0,0.6666666666666666,-0.08333333333333337,247283.58,0.35016111384804094,1815477.0899999999,0.03270434892705499,45,0,0,16.558813155651322,202302,0.0,0.0
1800003127,C000096,2023-02-25,2023-05-26,40385.94,Healthcare,West,NT90,High,CLEARED,10.606261744360364,90,2,4,2.4375,0.625,16,159830.976875,2,1,5,0,2.0,-0.4375,248761.06,0.25267905377056465,2557295.63,0.021386936017554366,90,1,0,16.558813155651322,202302,1.0,7.0
1800003327,C000060,2023-02-25,2023-04-26,80056.56,Logistics,International,NT60,High,CLEARED,11.290501154939983,60,3,0,2.5217391304347827,0.6956521739130435,23,128216.47391304348,2,1,5,0,1.3333333333333333,-1.1884057971014494,241297.28,0.6243859120185634,2948978.9,0.06999368115077914,60,1,0,16.558813155651322,202302,1.0,2.0
1800002633,C000001,2023-02-25,2023-03-11,11816.13,Manufacturing,Midwest,NT14,High,CLEARED,9.377305452678614,14,4,1,11.5,0.9285714285714286,14,138046.54214285716,2,1,5,0,17.0,5.5,232262.82,0.08559526241354241,1932651.59,0.03668478159631437,14,1,0,16.558813155651322,202302,1.0,11.0
1800000418,C000120,2023-02-26,2023-03-28,130299.69,Manufacturing,South,NT30,High,CLEARED,11.777600058570902,30,4,3,2.9411764705882355,0.7058823529411765,17,129725.60176470588,2,1,6,0,1.6666666666666667,-1.2745098039215688,225243.15,1.0044254042955638,2205335.23,0.15465199041501954,30,1,0,16.558813155651322,202302,1.0,3.0
1800000487,C000113,2023-02-26,2023-04-27,7544.72,Healthcare,South,NT60,Medium,CLEARED,8.928735794084428,60,2,3,0.8333333333333334,0.5,18,94603.8711111111,2,1,6,0,0.0,-0.8333333333333334,245331.65,0.07975064774187536,1702869.68,0.005851382733441842,60,1,0,16.558813155651322,202302,1.0,2.0
1800001414,C000178,2023-02-26,2023-03-12,233547.18,Retail,West,NT14,High,CLEARED,12.361143673136029,14,5,4,1.5238095238095237,0.5238095238095238,21,97687.66285714286,2,1,6,0,0.0,-1.5238095238095237,209270.35,2.3907540949314785,2051440.9200000002,0.2092967278868705,14,1,0,16.558813155651322,202302,0.0,0.0
1800001838,C000028,2023-02-27,2023-05-28,218493.1,Manufacturing,Northeast,NT90,High,CLEARED,12.294514290864884,90,4,2,27.31578947368421,0.9473684210526315,19,99787.43736842106,2,1,0,0,34.666666666666664,7.3508771929824555,233324.46,2.1895852400068225,1895961.31,0.22368238825068748,90,1,1,16.558813155651322,202302,1.0,47.0
1800001805,C000162,2023-02-27,2023-04-13,147841.88,Construction,International,NT45,Medium,CLEARED,11.90390536720525,45,0,0,1.1,0.5,10,149219.216,2,1,0,0,4.666666666666667,3.566666666666667,206600.61,0.9907697142705804,1492192.16,0.14713582227237798,45,1,1,16.558813155651322,202302,1.0,1.0
1800000219,C000035,2023-02-28,2023-05-29,116215.2,Healthcare,International,NT90,High,CLEARED,11.663207528484673,90,2,0,1.3333333333333333,0.5925925925925926,27,105314.92481481482,2,1,1,0,3.6666666666666665,2.333333333333333,214743.13,1.1035017135923721,2843502.97,0.07355355721390452,90,1,0,16.558813155651322,202302,1.0,2.0
1800000094,C000018,2023-02-28,2023-04-14,180544.11,Manufacturing,Northeast,NT45,High,CLEARED,12.103735942428553,45,4,2,10.0,0.8571428571428571,14,141615.2107142857,2,1,1,0,9.666666666666666,-0.3333333333333339,249207.47,1.274892076136192,1982612.95,0.17834055549714392,45,1,0,16.558813155651322,202302,1.0,15.0
1800004081,C000155,2023-02-28,2023-04-29,194964.84,Energy,West,NT60,High,CLEARED,12.180579642712987,60,1,4,26.875,0.9375,16,101526.97687500001,2,1,1,0,23.333333333333332,-3.541666666666668,249366.55,1.920325474085973,1624431.6300000001,0.10010331035678124,60,1,0,16.558813155651322,202302,1.0,40.0
1800001578,C000109,2023-03-01,2023-05-30,23712.01,Healthcare,West,NT90,High,CLEARED,10.073779121655631,90,2,4,35.64705882352941,1.0,17,136673.28764705884,3,1,2,1,36.333333333333336,0.6862745098039227,227537.49,0.1734941070652607,2323445.89,0.05429281339255136,90,0,0,16.349483930501254,202303,1.0,35.0
1800002166,C000081,2023-03-01,2023-03-31,141688.04,Retail,South,NT30,High,CLEARED,11.861390076180673,30,5,3,2.1875,0.5625,16,128958.27625,3,1,2,1,4.666666666666667,2.479166666666667,245372.05,1.0987122666351552,2063332.42,0.10538226952294723,30,0,0,16.349483930501254,202303,0.0,-1.0
1800003260,C000063,2023-03-02,2023-03-16,11827.02,Manufacturing,Midwest,NT14,High,CLEARED,9.378226571873881,14,4,1,7.894736842105263,0.9473684210526315,19,118689.39684210527,3,1,3,1,7.666666666666667,-0.22807017543859587,234352.78,0.09964681188610056,2255098.54,0.022041362138594815,14,0,0,16.349483930501254,202303,0.0,-2.0
1800000303,C000075,2023-03-02,2023-04-16,246125.51,Retail,International,NT45,High,CLEARED,12.413600951016564,45,5,0,13.68421052631579,1.0,19,133365.33105263158,3,1,3,1,13.333333333333334,-0.35087719298245545,248242.1,1.8454984369428702,2533941.29,0.1444712401720139,45,0,0,16.349483930501254,202303,1.0,4.0
1800000500,C000095,2023-03-02,2023-04-01,160942.31,Healthcare,West,NT30,High,CLEARED,11.988807470159442,30,2,4,1.3333333333333333,0.5833333333333334,12,118627.90916666668,3,1,3,1,-0.6666666666666666,-2.0,201969.85,1.3566985301400158,1423534.9100000001,0.08493800340408941,30,0,0,16.349483930501254,202303,0.0,-1.0
1800000220,C000060,2023-03-03,2023-05-02,139024.78,Logistics,International,NT60,High,CLEARED,11.842414662541735,60,3,0,2.5,0.7083333333333334,24,126209.81083333334,3,1,4,1,2.0,-0.5,241297.28,1.1015370285562784,3029035.46,0.12154976585775377,60,0,0,16.349483930501254,202303,1.0,5.0
1800003982,C000041,2023-03-03,2023-03-17,115134.22,Manufacturing,South,NT14,High,CLEARED,11.65386254269026,14,4,3,21.333333333333332,1.0,9,159142.20444444445,3,1,4,1,12.666666666666666,-8.666666666666666,248153.88,0.723467545280816,1432279.84,0.13665662596368144,14,0,0,16.349483930501254,202303,1.0,19.0
1800001198,C000103,2023-03-03,2023-04-17,52240.34,Retail,West,NT45,High,CLEARED,10.863629414463603,45,5,4,16.77777777777778,1.0,9,111340.64222222223,3,1,4,1,10.333333333333334,-6.444444444444445,234847.84,0.46919380881362893,1002065.78,0.05401760956406573,45,0,0,16.349483930501254,202303,1.0,23.0
1800001100,C000072,2023-03-04,2023-04-18,34894.99,Construction,West,NT45,High,CLEARED,10.460127201875574,45,0,4,3.75,0.875,8,102079.58625,3,1,5,1,6.666666666666667,2.916666666666667,229773.41,0.3418410211277674,816636.69,0.1266563144442902,45,0,0,16.349483930501254,202303,0.0,0.0
1800001950,C000023,2023-03-04,2023-04-18,178062.35,Manufacturing,International,NT45,High,CLEARED,12.089894664833643,45,4,0,3.2142857142857144,0.8571428571428571,14,115957.21142857142,3,1,5,1,6.666666666666667,3.4523809523809526,249683.32,1.5355866858671812,1623400.96,0.09732181135395836,45,0,0,16.349483930501254,202303,0.0,-1.0
1800003435,C000180,2023-03-04,2023-05-03,141807.4,Manufacturing,Midwest,NT60,High,CLEARED,11.862232129689534,60,4,1,12.6,0.8666666666666667,15,87080.61133333333,3,1,5,1,5.0,-7.6,207582.14,1.6284612364189726,1306209.17,0.0827345726247779,60,0,0,16.349483930501254,202303,1.0,9.0
1800004258,C000096,2023-03-05,2023-06-03,79839.83,Healthcare,West,NT90,High,CLEARED,11.287790306722894,90,2,4,2.7058823529411766,0.6470588235294118,17,152804.79823529412,3,1,6,1,3.0,0.2941176470588234,248761.06,0.5224955690007841,2597681.57,0.0422802919992061,90,0,0,16.349483930501254,202303,1.0,10.0
1800004479,C000081,2023-03-05,2023-04-04,92249.29,Retail,South,NT30,High,CLEARED,11.432260705529268,30,5,3,2.0,0.5294117647058824,17,129707.08588235294,3,1,6,1,1.6666666666666667,-0.33333333333333326,245372.05,0.7112124165958985,2205020.46,0.06861157471075555,30,0,0,16.349483930501254,202303,1.0,7.0
1800002516,C000176,2023-03-05,2023-03-19,193264.07,Healthcare,International,NT14,High,CLEARED,12.171817945297985,14,2,0,2.0833333333333335,0.6666666666666666,12,110202.94583333335,3,1,6,1,3.6666666666666665,1.583333333333333,240615.17,1.753710561351827,1322435.35,0.13983237962775577,14,0,0,16.349483930501254,202303,1.0,3.0
1800001995,C000052,2023-03-05,2023-03-19,212952.26,Construction,South,NT14,High,CLEARED,12.268827983992106,14,0,3,26.4375,0.9375,16,143358.588125,3,1,6,1,28.666666666666668,2.229166666666668,225022.07,1.4854517108826333,2293737.41,0.20545814340073662,14,0,0,16.349483930501254,202303,1.0,30.0
1800004214,C000072,2023-03-05,2023-04-19,28231.87,Construction,West,NT45,High,CLEARED,10.248242180975511,45,0,4,3.3333333333333335,0.7777777777777778,9,94614.63111111111,3,1,6,1,3.3333333333333335,0.0,229773.41,0.29838799420827183,851531.68,0.10247157554910671,45,0,0,16.349483930501254,202303,0.0,0.0
1800002804,C000181,2023-03-05,2023-05-04,137592.29,Retail,International,NT60,High,CLEARED,11.832057438757468,60,5,0,1.7058823529411764,0.6470588235294118,17,138997.26647058825,3,1,6,1,1.3333333333333333,-0.37254901960784315,245911.2,0.9898920568277109,2362953.5300000003,0.21946253357279058,60,0,0,16.349483930501254,202303,0.0,0.0
1800001708,C000018,2023-03-05,2023-04-19,172436.11,Manufacturing,Northeast,NT45,High,CLEARED,12.057787869268067,45,4,2,10.333333333333334,0.8666666666666667,15,144210.47066666666,3,1,6,1,14.666666666666666,4.333333333333332,249207.47,1.1957253117811057,2163157.06,0.17033151424971224,45,0,0,16.349483930501254,202303,1.0,7.0
1800002891,C000166,2023-03-06,2023-05-05,7564.86,Logistics,West,NT60,High,CLEARED,8.93140130118884,60,3,4,27.333333333333332,1.0,15,127124.318,3,1,0,1,24.0,-3.333333333333332,236797.87,0.05950757588331762,1906864.77,0.0038545184176196233,60,0,1,16.349483930501254,202303,1.0,2.0
1800003073,C000148,2023-03-06,2023-04-20,138315.48,Construction,Northeast,NT45,High,CLEARED,11.837299671797386,45,0,2,10.74074074074074,0.8888888888888888,27,134893.74703703704,3,1,0,1,-0.6666666666666666,-11.407407407407407,248646.7,1.0253661347402818,3642131.17,0.10740195407748632,45,0,1,16.349483930501254,202303,1.0,2.0
1800002210,C000003,2023-03-06,2023-04-05,91472.28,Construction,International,NT30,High,CLEARED,11.423802186759003,30,0,0,2.6153846153846154,0.6923076923076923,13,115902.52153846154,3,1,0,1,2.3333333333333335,-0.28205128205128194,221954.56,0.7892173421752993,1506732.78,0.07992839251634093,30,0,1,16.349483930501254,202303,0.0,0.0
1800003410,C000141,2023-03-07,2023-06-05,29179.72,Healthcare,Northeast,NT90,High,CLEARED,10.281263496206911,90,2,2,13.153846153846153,0.9230769230769231,13,146584.2030769231,3,1,1,1,12.333333333333334,-0.8205128205128194,217062.14,0.19906456076093915,1905594.6400000001,0.026243194691190005,90,0,0,16.349483930501254,202303,1.0,15.0
1800000775,C000123,2023-03-07,2023-06-05,154041.74,Healthcare,Midwest,NT90,High,CLEARED,11.944985375358288,90,2,1,1.7333333333333334,0.7333333333333333,15,146784.05666666667,3,1,1,1,2.0,0.2666666666666666,249060.7,1.049444629738057,2201760.85,0.14193500093527325,90,0,0,16.349483930501254,202303,1.0,3.0
1800001949,C000039,2023-03-07,2023-04-06,66025.58,Manufacturing,West,NT30,High,CLEARED,11.097812667208428,30,4,4,1.7692307692307692,0.6153846153846154,13,136620.56153846154,3,1,1,1,2.6666666666666665,0.8974358974358974,241789.09,0.48327703572944564,1776067.3,0.0693455152666815,30,0,0,16.349483930501254,202303,1.0,5.0
1800001427,C000131,2023-03-08,2023-04-22,16056.75,Energy,Northeast,NT45,High,CLEARED,9.683946878059482,45,1,2,2.1176470588235294,0.5294117647058824,17,163570.02411764706,3,1,2,1,0.3333333333333333,-1.7843137254901962,249492.9,0.09816437997497175,2780690.41,0.008517835328916343,45,0,0,16.349483930501254,202303,1.0,1.0
1800000171,C000029,2023-03-08,2023-04-22,81867.28,Construction,International,NT45,High,CLEARED,11.31286689323323,45,0,0,2.3333333333333335,0.6666666666666666,15,121415.66733333333,3,1,2,1,2.6666666666666665,0.33333333333333304,230369.45,0.6742727837194388,1821235.01,0.042407124961073066,45,0,0,16.349483930501254,202303,1.0,2.0
1800004857,C000118,2023-03-09,2023-04-23,3569.74,Healthcare,Northeast,NT45,High,CLEARED,8.180528136206716,45,2,2,1.0909090909090908,0.5454545454545454,11,124146.2709090909,3,1,3,1,0.3333333333333333,-0.7575757575757576,191691.09,0.028754307107734457,1365608.98,0.004811562522762235,45,0,0,16.349483930501254,202303,1.0,4.0
1800001479,C000156,2023-03-09,2023-04-08,90670.85,Retail,Northeast,NT30,High,CLEARED,11.41500222409358,30,5,2,12.571428571428571,0.9523809523809523,21,121615.66285714286,3,1,3,1,4.666666666666667,-7.904761904761904,244580.13,0.7455524055853521,2553928.92,1.1826857318984714,30,0,0,16.349483930501254,202303,1.0,17.0
1800002174,C000158,2023-03-09,2023-04-23,87091.62,Logistics,International,NT45,High,CLEARED,11.37472742905561,45,3,0,2.0454545454545454,0.6363636363636364,22,140182.91090909092,3,1,3,1,1.6666666666666667,-0.3787878787878787,246168.57,0.6212713050057806,3084024.04,0.10124505384563795,45,0,0,16.349483930501254,202303,0.0,0.0
1800002313,C000167,2023-03-10,2023-03-24,196292.49,Construction,Northeast,NT14,High,CLEARED,12.187366216189414,14,0,2,2.076923076923077,0.6923076923076923,13,158503.60769230768,3,1,4,1,3.3333333333333335,1.2564102564102564,237201.79,1.2384102346808996,2060546.9,0.2814674470300083,14,0,0,16.349483930501254,202303,1.0,3.0
1800000740,C000139,2023-03-10,2023-06-08,49010.04,Retail,West,NT90,Medium,CLEARED,10.7998008578376,90,5,4,1.1818181818181819,0.36363636363636365,11,123064.21545454547,3,1,4,1,2.0,0.8181818181818181,243387.7,0.3982476938481127,1353706.37,0.09775055045222707,90,0,0,16.349483930501254,202303,1.0,6.0
1800002086,C000153,2023-03-10,2023-05-09,27123.64,Manufacturing,South,NT60,High,CLEARED,10.208197818865287,60,4,3,2.25,0.75,20,124055.058,3,1,4,1,4.333333333333333,2.083333333333333,230985.56,0.21864195170502437,2481101.16,0.03590301266198944,60,0,0,16.349483930501254,202303,0.0,-1.0
1800003419,C000057,2023-03-10,2023-04-09,63270.49,Manufacturing,Midwest,NT30,Medium,CLEARED,11.055190111729292,30,4,1,1.2,0.5,20,107976.758,3,1,4,1,0.0,-1.2,240567.15,0.5859639719873789,2159535.16,0.049170235580568995,30,0,0,16.349483930501254,202303,1.0,5.0
1800002609,C000035,2023-03-11,2023-06-09,113914.07,Healthcare,International,NT90,High,CLEARED,11.643208449726224,90,2,0,1.3571428571428572,0.6071428571428571,28,105704.22035714285,3,1,5,1,2.3333333333333335,0.9761904761904763,214743.13,1.0776681348683954,2959718.17,0.07209715308508462,90,0,0,16.349483930501254,202303,0.0,0.0
1800002985,C000136,2023-03-11,2023-05-10,210543.28,Construction,Midwest,NT60,High,CLEARED,12.257451266277327,60,0,1,12.636363636363637,0.9090909090909091,22,129948.46136363636,3,1,5,1,10.666666666666666,-1.9696969696969706,236301.93,1.6202060246856957,2858866.15,1.257356967422158,60,0,0,16.349483930501254,202303,1.0,9.0
1800001156,C000179,2023-03-12,2023-04-26,130180.64,Retail,International,NT45,High,CLEARED,11.776685984988337,45,5,0,1.5,0.6111111111111112,18,137027.09999999998,3,1,6,1,3.0,1.5,208943.23,0.9500357228606605,2466487.8,0.0675927141435356,45,0,0,16.349483930501254,202303,0.0,0.0
1800004162,C000045,2023-03-12,2023-06-10,9145.83,Energy,International,NT90,High,CLEARED,9.121162650155132,90,1,0,26.77777777777778,1.0,9,149083.07333333333,3,1,6,1,38.0,11.222222222222221,241835.25,0.06134720592693264,1341747.66,0.013825281652645571,90,0,0,16.349483930501254,202303,1.0,30.0
1800000806,C000099,2023-03-12,2023-04-26,15376.46,Logistics,West,NT45,High,CLEARED,9.640658079876085,45,3,4,1.9583333333333333,0.75,24,123664.49916666666,3,1,6,1,1.0,-0.9583333333333333,245026.79,0.12434013078625454,2967947.98,0.009103959201462671,45,0,0,16.349483930501254,202303,1.0,2.0
1800001789,C000157,2023-03-12,2023-04-11,165598.97,Healthcare,South,NT30,High,CLEARED,12.01733033977386,30,2,3,1.2727272727272727,0.5454545454545454,11,121520.6681818182,3,1,6,1,1.0,-0.2727272727272727,249242.86,1.362722674897016,1336727.35,0.12611934182445209,30,0,0,16.349483930501254,202303,1.0,3.0
1800003160,C000089,2023-03-12,2023-05-11,89558.28,Logistics,International,NT60,High,CLEARED,11.402656031377115,60,3,0,13.0,0.8333333333333334,18,115841.06722222222,3,1,6,1,16.333333333333332,3.333333333333332,216198.26,0.7731133884341468,2085139.21,0.10152336950518581,60,0,0,16.349483930501254,202303,1.0,16.0
1800002625,C000125,2023-03-12,2023-04-11,121077.99,Logistics,South,NT30,High,CLEARED,11.704198421508528,30,3,3,2.0,0.7,10,97962.807,3,1,6,1,1.0,-1.0,167788.66,1.2359587654526887,979628.0700000001,0.18198500690999886,30,0,0,16.349483930501254,202303,1.0,4.0
1800002269,C000180,2023-03-12,2023-05-11,103773.62,Manufacturing,Midwest,NT60,High,CLEARED,11.549976711146286,60,4,1,12.375,0.875,16,90501.03562499999,3,1,6,1,3.3333333333333335,-9.041666666666666,207582.14,1.146656712636928,1448016.5699999998,0.06054455621093191,60,0,0,16.349483930501254,202303,1.0,19.0
1800004880,C000158,2023-03-13,2023-04-27,145541.24,Logistics,International,NT45,High,CLEARED,11.88822163274045,45,3,0,1.9166666666666667,0.625,24,137894.82291666666,3,1,0,1,2.0,0.08333333333333326,246168.57,1.0554510816403475,3309475.75,0.16919343882409027,45,0,1,16.349483930501254,202303,1.0,3.0
1800001772,C000041,2023-03-13,2023-03-27,60149.52,Manufacturing,South,NT14,High,CLEARED,11.004605366419488,14,4,3,21.1,1.0,10,154741.40600000002,3,1,0,1,12.666666666666666,-8.433333333333335,248153.88,0.38870992292780376,1547414.06,0.0713934610972739,14,0,1,16.349483930501254,202303,1.0,27.0
1800001622,C000074,2023-03-13,2023-06-11,103586.06,Retail,Northeast,NT90,High,CLEARED,11.548167697531527,90,5,2,1.7619047619047619,0.5238095238095238,21,107942.9161904762,3,1,0,1,3.0,1.2380952380952381,241463.48,0.9596374051745268,2266801.24,0.5555733679994839,90,0,1,16.349483930501254,202303,1.0,3.0
1800004776,C000135,2023-03-13,2023-06-11,216744.7,Healthcare,West,NT90,Medium,CLEARED,12.286480055922357,90,2,4,0.8333333333333334,0.5,18,109831.09277777777,3,1,0,1,1.6666666666666667,0.8333333333333334,235519.4,1.973436615426758,1976959.67,0.3441273630398746,90,0,1,16.349483930501254,202303,1.0,4.0
1800000490,C000158,2023-03-13,2023-04-27,138360.09,Logistics,International,NT45,High,CLEARED,11.837622141019496,45,3,0,1.9565217391304348,0.6086956521739131,23,137874.59391304347,3,1,0,1,2.0,0.04347826086956519,246168.57,1.0035212875206199,3171115.66,0.1608452657343762,45,0,1,16.349483930501254,202303,1.0,1.0
1800003570,C000035,2023-03-13,2023-06-11,8875.43,Healthcare,International,NT90,High,CLEARED,9.091154728124657,90,2,0,1.3103448275862069,0.5862068965517241,29,105987.31862068966,3,1,0,1,1.3333333333333333,0.02298850574712641,214743.13,0.0837404900463954,3073632.24,0.00561733274393543,90,0,1,16.349483930501254,202303,1.0,1.0
1800003312,C000189,2023-03-13,2023-05-12,82991.9,Logistics,Midwest,NT60,High,CLEARED,11.32651034095112,60,3,1,1.6666666666666667,0.5555555555555556,9,96847.35666666666,3,1,0,1,3.3333333333333335,1.6666666666666667,189055.69,0.8569351075388153,871626.21,0.0512848589941211,60,0,1,16.349483930501254,202303,1.0,2.0
1800002904,C000182,2023-03-14,2023-03-28,81975.13,Retail,West,NT14,High,CLEARED,11.314183386308295,14,5,4,13.384615384615385,1.0,13,104699.80769230769,3,1,1,1,8.333333333333334,-5.051282051282051,249682.11,0.7829539691315281,1361097.5,0.07106263889267186,14,0,0,16.349483930501254,202303,1.0,4.0
1800002371,C000003,2023-03-14,2023-04-13,245302.17,Construction,International,NT30,High,CLEARED,12.410250153114568,30,0,0,2.4285714285714284,0.6428571428571429,14,114157.50428571428,3,1,1,1,1.3333333333333333,-1.0952380952380951,221954.56,2.1488045970771736,1598205.06,0.21434480619560584,30,0,0,16.349483930501254,202303,0.0,-1.0
1800000965,C000131,2023-03-14,2023-04-28,3276.22,Energy,Northeast,NT45,High,CLEARED,8.094750781019696,45,1,2,2.0555555555555554,0.5555555555555556,18,155374.84222222224,3,1,1,1,-0.3333333333333333,-2.388888888888889,249492.9,0.02108591039026924,2796747.16,0.0017379795077647905,45,0,0,16.349483930501254,202303,1.0,1.0
1800003258,C000064,2023-03-14,2023-06-12,146168.23,Construction,West,NT90,Medium,CLEARED,11.892520339030646,90,0,4,1.3333333333333333,0.5,12,108286.44666666667,3,1,1,1,-0.6666666666666666,-2.0,240204.86,1.349829406166989,1299437.36,0.4159845233783316,90,0,0,16.349483930501254,202303,1.0,1.0
1800000759,C000120,2023-03-14,2023-04-13,238554.67,Manufacturing,South,NT30,High,CLEARED,12.382357979263755,30,4,3,2.9444444444444446,0.7222222222222222,18,129757.49555555555,3,1,1,1,2.6666666666666665,-0.2777777777777781,225243.15,1.8384654310614608,2335634.92,0.28313923493062915,30,0,0,16.349483930501254,202303,0.0,0.0
1800002307,C000129,2023-03-14,2023-03-28,26517.52,Construction,South,NT14,High,CLEARED,10.185598635804373,14,0,3,2.611111111111111,0.8333333333333334,18,139869.91499999998,3,1,1,1,1.3333333333333333,-1.277777777777778,234109.33,0.18958701733678757,2517658.4699999997,0.018807233024799672,14,0,0,16.349483930501254,202303,1.0,4.0
1800003865,C000007,2023-03-15,2023-06-13,163931.48,Energy,Midwest,NT90,High,CLEARED,12.007209914714537,90,1,1,6.785714285714286,0.7142857142857143,14,76291.37071428572,3,1,2,1,2.0,-4.785714285714286,200066.13,2.148755206062951,1068079.19,0.17331134657757108,90,0,0,16.349483930501254,202303,1.0,9.0
1800001541,C000160,2023-03-15,2023-06-13,224424.58,Logistics,International,NT90,High,CLEARED,12.32129943900386,90,3,0,2.769230769230769,0.8461538461538461,13,96393.31384615385,3,1,2,1,3.6666666666666665,0.8974358974358974,227006.25,2.3282172906534497,1253113.08,0.12936233911110784,90,0,0,16.349483930501254,202303,1.0,9.0
1800001204,C000137,2023-03-15,2023-03-29,114930.06,Logistics,Northeast,NT14,High,CLEARED,11.652087749325581,14,3,2,28.176470588235293,1.0,17,114831.72823529411,3,1,2,1,26.333333333333332,-1.8431372549019613,235183.36,1.0008563118069982,1952139.38,0.20303514147282709,14,0,0,16.349483930501254,202303,1.0,16.0
1800004076,C000164,2023-03-17,2023-05-16,223874.71,Manufacturing,Midwest,NT60,High,CLEARED,12.318846310770603,60,4,1,3.5,0.75,12,142359.69666666668,3,1,4,1,3.3333333333333335,-0.16666666666666652,225129.53,1.5725989535099925,1708316.36,0.43414268494274477,60,0,0,16.349483930501254,202303,1.0,6.0
1800000355,C000185,2023-03-17,2023-04-16,226381.57,Logistics,South,NT30,High,CLEARED,12.329981634714956,30,3,3,12.052631578947368,0.8947368421052632,19,159874.5142105263,3,1,4,1,13.333333333333334,1.2807017543859658,232341.99,1.4159953580962612,3037615.77,1.7843020186481047,30,0,0,16.349483930501254,202303,1.0,14.0
1800001839,C000117,2023-03-17,2023-05-16,196851.11,Construction,International,NT60,High,CLEARED,12.190208015135875,60,0,0,1.5,0.6,10,147117.185,3,1,4,1,0.0,-1.5,249320.04,1.338056529561791,1471171.85,0.2494852218005535,60,0,0,16.349483930501254,202303,1.0,3.0
1800001762,C000178,2023-03-17,2023-03-31,235668.12,Retail,West,NT14,Medium,CLEARED,12.37018406634029,14,5,4,1.4545454545454546,0.5,22,103863.09545454546,3,1,4,1,-1.0,-2.4545454545454546,233547.18,2.2690265389128284,2284988.1,0.21119743934930127,14,0,0,16.349483930501254,202303,1.0,5.0
1800003128,C000145,2023-03-17,2023-03-31,249609.96,Logistics,West,NT14,High,CLEARED,12.427658824769793,14,3,4,1.3333333333333333,0.7333333333333333,15,79009.18933333334,3,1,4,1,0.3333333333333333,-1.0,180939.05,3.159252260479675,1185137.84,0.2033910519330505,14,0,0,16.349483930501254,202303,1.0,3.0
1800002722,C000078,2023-03-18,2023-04-17,69850.45,Construction,International,NT30,High,CLEARED,11.154126123238438,30,0,0,24.466666666666665,1.0,15,123618.11933333334,3,1,5,1,43.333333333333336,18.86666666666667,215622.24,0.5650502561978792,1854271.79,0.08297289750823719,30,0,0,16.349483930501254,202303,1.0,25.0
1800001990,C000064,2023-03-18,2023-06-16,186308.27,Construction,West,NT90,High,CLEARED,12.135163313805876,90,0,4,1.3076923076923077,0.5384615384615384,13,111200.43000000001,3,1,5,1,-0.3333333333333333,-1.641025641025641,240204.86,1.6754276040119627,1445605.59,0.5302202598840494,90,0,0,16.349483930501254,202303,0.0,0.0
1800003522,C000035,2023-03-18,2023-06-16,104096.24,Healthcare,International,NT90,High,CLEARED,11.553080741283285,90,2,0,1.3,0.6,30,102750.25566666666,3,1,5,1,1.0,-0.30000000000000004,214743.13,1.013099571622477,3082507.67,0.06588336761966024,90,0,0,16.349483930501254,202303,1.0,4.0
1800000833,C000114,2023-03-18,2023-04-17,134777.36,Manufacturing,West,NT30,High,CLEARED,11.811386930448732,30,4,4,13.636363636363637,1.0,11,138240.64363636365,3,1,5,1,13.333333333333334,-0.30303030303030276,245437.25,0.9749474283013779,1520647.08,0.12626623777400722,30,0,0,16.349483930501254,202303,1.0,24.0
1800003281,C000079,2023-03-18,2023-05-02,231661.14,Manufacturing,Midwest,NT45,High,CLEARED,12.353035296119574,45,4,1,9.166666666666666,0.8333333333333334,12,110843.0175,3,1,5,1,5.333333333333333,-3.833333333333333,198680.88,2.0899930841381145,1330116.21,0.14641435345061243,45,0,0,16.349483930501254,202303,1.0,9.0
1800000473,C000166,2023-03-18,2023-05-17,211534.78,Logistics,West,NT60,High,CLEARED,12.262149435737236,60,3,4,25.75,1.0,16,119651.851875,3,1,5,1,23.0,-2.75,236797.87,1.7679189806522166,1914429.63,0.10778318507905171,60,0,0,16.349483930501254,202303,1.0,38.0
1800000891,C000077,2023-03-18,2023-05-02,201638.26,Manufacturing,International,NT45,High,CLEARED,12.214235538283068,45,4,0,1.2222222222222223,0.5555555555555556,18,117753.56611111111,3,1,5,1,2.0,0.7777777777777777,240478.92,1.7123749764804246,2119564.19,0.23180265886749676,45,0,0,16.349483930501254,202303,1.0,2.0
1800001919,C000182,2023-03-18,2023-04-01,5993.04,Retail,West,NT14,High,CLEARED,8.698520921194348,14,5,4,12.714285714285714,1.0,14,103076.61642857142,3,1,5,1,6.333333333333333,-6.3809523809523805,249682.11,0.058141605803998936,1443072.63,0.005195249307800282,14,0,0,16.349483930501254,202303,1.0,13.0
1800002218,C000165,2023-03-18,2023-05-17,179262.46,Retail,South,NT60,Medium,CLEARED,12.096611846298213,60,5,3,1.4444444444444444,0.4444444444444444,18,120251.1011111111,3,1,5,1,2.3333333333333335,0.8888888888888891,248402.81,1.4907344576775463,2164519.82,0.18436879530921044,60,0,0,16.349483930501254,202303,1.0,3.0
1800001242,C000067,2023-03-18,2023-04-01,240993.44,Manufacturing,West,NT14,High,CLEARED,12.392529141667245,14,4,4,1.7894736842105263,0.631578947368421,19,139451.6636842105,3,1,5,1,5.0,3.2105263157894735,248221.29,1.728150339932349,2649581.61,0.14673750298871635,14,0,0,16.349483930501254,202303,0.0,-1.0
1800000694,C000124,2023-03-18,2023-06-16,174346.65,Retail,Midwest,NT90,Medium,CLEARED,12.06880657337803,90,5,1,1.1,0.5,10,179995.963,3,1,5,1,1.6666666666666667,0.5666666666666667,243979.86,0.9686142238645653,1799959.63,0.1865062494540295,90,0,0,16.349483930501254,202303,1.0,2.0
1800000569,C000067,2023-03-18,2023-04-01,191017.22,Manufacturing,West,NT14,High,CLEARED,12.160124095149333,14,4,4,1.6666666666666667,0.6111111111111112,18,136586.91055555557,3,1,5,1,4.0,2.333333333333333,248221.29,1.3985031158773107,2458564.39,0.1163076882534491,14,0,0,16.349483930501254,202303,1.0,4.0
1800002500,C000011,2023-03-19,2023-05-03,66545.43,Retail,Northeast,NT45,High,CLEARED,11.10565517850759,45,5,2,1.5454545454545454,0.6363636363636364,11,115412.54636363637,3,1,6,1,4.0,2.4545454545454546,241143.99,0.5765874863407988,1269538.01,0.14512499937028214,45,0,0,16.349483930501254,202303,1.0,4.0
1800004007,C000196,2023-03-19,2023-04-02,169921.06,Healthcare,Midwest,NT14,High,CLEARED,12.043095140314389,14,2,1,1.4,0.6666666666666666,15,135185.56333333332,3,1,6,1,-0.3333333333333333,-1.7333333333333332,249974.99,1.2569467908419907,2027783.45,0.7094102312749766,14,0,0,16.349483930501254,202303,1.0,2.0
1800002288,C000070,2023-03-20,2023-06-18,187219.31,Energy,Midwest,NT90,Medium,CLEARED,12.140041330730368,90,1,1,1.2222222222222223,0.3888888888888889,18,144570.17,3,1,0,1,3.0,1.7777777777777777,248201.18,1.2950065009953298,2602263.06,0.10636101670871717,90,0,1,16.349483930501254,202303,0.0,0.0
1800004663,C000094,2023-03-20,2023-04-03,117356.53,Healthcare,West,NT14,High,CLEARED,11.672980366242284,14,2,4,9.133333333333333,0.9333333333333333,15,120564.28866666667,3,1,0,1,6.333333333333333,-2.8,243254.75,0.9733937909629657,1808464.33,0.10590867875088897,14,0,1,16.349483930501254,202303,1.0,9.0
1800003999,C000005,2023-03-20,2023-04-03,27476.47,Logistics,Northeast,NT14,High,CLEARED,10.221121675140076,14,3,2,11.1,0.95,20,140111.2265,3,1,0,1,20.0,8.9,246455.43,0.19610469971869102,2802224.53,0.038510038514845885,14,0,1,16.349483930501254,202303,1.0,8.0
1800001237,C000071,2023-03-20,2023-06-18,113299.24,Energy,Midwest,NT90,Medium,CLEARED,11.637796565283933,90,1,1,0.5555555555555556,0.3333333333333333,9,147209.69222222222,3,1,0,1,-1.0,-1.5555555555555556,232282.46,0.7696452474675902,1324887.23,0.09337998627642913,90,0,1,16.349483930501254,202303,1.0,1.0
1800002119,C000042,2023-03-21,2023-05-20,78864.07,Manufacturing,South,NT60,High,CLEARED,11.275493696513902,60,4,3,1.8823529411764706,0.6470588235294118,17,131990.64647058822,3,1,1,1,2.6666666666666665,0.784313725490196,245065.83,0.5974974144669672,2243840.9899999998,1.4549763767644555,60,0,0,16.349483930501254,202303,0.0,-1.0
1800000630,C000101,2023-03-21,2023-04-04,119172.96,Manufacturing,West,NT14,High,CLEARED,11.688339553372478,14,4,4,9.538461538461538,0.8461538461538461,13,127170.34692307693,3,1,1,1,2.3333333333333335,-7.205128205128204,215579.33,0.937112800927449,1653214.51,0.29471149803794333,14,0,0,16.349483930501254,202303,1.0,16.0
1800004520,C000156,2023-03-21,2023-04-20,85319.28,Retail,Northeast,NT30,High,CLEARED,11.354167454342678,30,5,2,12.772727272727273,0.9545454545454546,22,120209.08045454546,3,1,1,1,12.0,-0.7727272727272734,244580.13,0.7097573633986968,2644599.77,1.112881318658098,30,0,0,16.349483930501254,202303,1.0,7.0
1800003436,C000047,2023-03-21,2023-04-20,165223.05,Construction,South,NT30,High,CLEARED,12.015057710586914,30,0,3,2.3333333333333335,0.8333333333333334,12,125388.64666666667,3,1,1,1,1.6666666666666667,-0.6666666666666667,248675.38,1.317687481221718,1504663.76,0.12089510806631924,30,0,0,16.349483930501254,202303,1.0,2.0
1800000232,C000188,2023-03-21,2023-05-05,178864.57,Construction,International,NT45,High,CLEARED,12.094389797090333,45,0,0,2.1875,0.6875,16,118887.79875,3,1,1,1,1.6666666666666667,-0.5208333333333333,242705.68,1.5044821409816875,1902204.78,0.107141640511051,45,0,0,16.349483930501254,202303,0.0,-3.0
1800000767,C000153,2023-03-22,2023-05-21,77394.78,Manufacturing,South,NT60,High,CLEARED,11.256687536127618,60,4,3,2.0952380952380953,0.7142857142857143,21,119439.27619047619,3,1,2,1,2.3333333333333335,0.23809523809523814,230985.56,0.6479843353753619,2508224.8,0.10244590203644818,60,0,0,16.349483930501254,202303,1.0,3.0
1800001042,C000157,2023-03-22,2023-04-21,193615.17,Healthcare,South,NT30,High,CLEARED,12.173632973064057,30,2,3,1.4166666666666667,0.5833333333333334,12,125193.86,3,1,2,1,1.0,-0.41666666666666674,249242.86,1.5465228885825553,1502326.32,0.1474563386935885,30,0,0,16.349483930501254,202303,1.0,3.0
1800000702,C000145,2023-03-22,2023-04-05,103912.04,Logistics,West,NT14,High,CLEARED,11.55130967450574,14,3,4,1.4375,0.75,16,89671.7375,3,1,2,1,2.6666666666666665,1.2291666666666665,249609.96,1.1588048017916457,1434747.8,0.08467121714257403,14,0,0,16.349483930501254,202303,0.0,-3.0
1800003289,C000074,2023-03-23,2023-06-21,88626.36,Retail,Northeast,NT90,High,CLEARED,11.392195892534888,90,5,2,1.8181818181818181,0.5454545454545454,22,107744.87727272726,3,1,3,1,2.6666666666666665,0.8484848484848484,241463.48,0.8225575288898992,2370387.3,0.47533852835733625,90,0,0,16.349483930501254,202303,1.0,4.0
1800001366,C000118,2023-03-23,2023-05-07,247050.57,Healthcare,Northeast,NT45,High,CLEARED,12.417352379242573,45,2,2,1.3333333333333333,0.5833333333333334,12,114098.22666666667,3,1,3,1,2.0,0.6666666666666667,191691.09,2.1652446073657936,1369178.72,0.3329932330755316,45,0,0,16.349483930501254,202303,0.0,-2.0
1800000649,C000071,2023-03-23,2023-06-21,230209.72,Energy,Midwest,NT90,Medium,CLEARED,12.346750342387217,90,1,1,0.6,0.4,10,143818.647,3,1,3,1,-0.6666666666666666,-1.2666666666666666,232282.46,1.600694519118929,1438186.47,0.18973631680407202,90,0,0,16.349483930501254,202303,1.0,5.0
1800001179,C000132,2023-03-23,2023-04-06,29656.23,Healthcare,West,NT14,Medium,CLEARED,10.297461219557208,14,2,4,1.0666666666666667,0.4666666666666667,15,116063.72733333333,3,1,3,1,-1.0,-2.0666666666666664,249747.76,0.2555167810079694,1740955.91,0.025235237028566736,14,0,0,16.349483930501254,202303,1.0,7.0
1800003742,C000098,2023-03-23,2023-04-22,167846.45,Manufacturing,West,NT30,High,CLEARED,12.030810810156943,30,4,4,10.666666666666666,0.9444444444444444,18,130680.50666666667,3,1,3,1,8.333333333333334,-2.333333333333332,247663.32,1.2844031162821734,2352249.12,0.18652089392126275,30,0,0,16.349483930501254,202303,1.0,2.0
1800004775,C000037,2023-03-24,2023-05-23,9436.54,Logistics,South,NT60,High,CLEARED,9.152450631958894,60,3,3,2.4615384615384617,0.7692307692307693,13,137534.73076923078,3,1,4,1,0.0,-2.4615384615384617,247564.19,0.06861205127767728,1787951.5,0.004792257276714615,60,0,0,16.349483930501254,202303,0.0,0.0
1800001988,C000080,2023-03-24,2023-05-08,23235.66,Healthcare,West,NT45,High,CLEARED,10.05348648290941,45,2,4,15.454545454545455,1.0,11,131301.54545454544,3,1,4,1,16.333333333333332,0.8787878787878771,227515.51,0.17696410137109791,1444317.0,0.016991676106827988,45,0,0,16.349483930501254,202303,1.0,18.0
1800000664,C000047,2023-03-24,2023-04-23,62383.26,Construction,South,NT30,High,CLEARED,11.04106827894901,30,0,3,2.3076923076923075,0.8461538461538461,13,128452.83153846154,3,1,4,1,2.3333333333333335,0.025641025641025994,248675.38,0.485651108292783,1669886.81,0.04564636083905539,30,0,0,16.349483930501254,202303,1.0,1.0
1800001455,C000043,2023-03-24,2023-05-23,78013.23,Healthcare,Midwest,NT60,High,CLEARED,11.26464652492976,60,2,1,1.6666666666666667,0.7333333333333333,15,115708.73933333332,3,1,4,1,1.6666666666666667,0.0,204121.46,0.6742207239442802,1735631.0899999999,0.040700373242602894,60,0,0,16.349483930501254,202303,0.0,0.0
1800004941,C000171,2023-03-25,2023-05-24,237853.74,Energy,International,NT60,Medium,CLEARED,12.379415430188239,60,1,0,1.5833333333333333,0.5,12,157807.00416666668,3,1,5,1,1.6666666666666667,0.08333333333333348,247678.48,1.507244505755857,1893684.05,1.2967677651664378,60,1,0,16.349483930501254,202303,1.0,3.0
1800004910,C000122,2023-03-26,2023-04-09,9929.7,Manufacturing,Midwest,NT14,High,CLEARED,9.20338624800885,14,4,1,11.533333333333333,1.0,15,110115.49,3,1,6,1,10.333333333333334,-1.1999999999999993,225444.56,0.09017532410744393,1651732.35,0.00709778900766588,14,1,0,16.349483930501254,202303,1.0,14.0
1800001017,C000068,2023-03-26,2023-05-10,9192.54,Manufacturing,Northeast,NT45,High,CLEARED,9.126256342484524,45,4,2,1.75,0.6666666666666666,12,133494.7475,3,1,6,1,0.6666666666666666,-1.0833333333333335,241014.6,0.06886068682215382,1601936.97,0.006875164628344727,45,1,0,16.349483930501254,202303,0.0,-2.0
1800002952,C000174,2023-03-26,2023-05-10,202086.16,Retail,South,NT45,High,CLEARED,12.21645436846891,45,5,3,3.0,1.0,10,138097.79499999998,3,1,6,1,1.6666666666666667,-1.3333333333333333,234522.77,1.4633554431480968,1380977.95,0.258772922835967,45,1,0,16.349483930501254,202303,0.0,0.0
1800002140,C000025,2023-03-26,2023-06-24,162562.77,Energy,International,NT90,High,CLEARED,11.998825634540344,90,1,0,9.625,0.8125,16,129733.61125,3,1,6,1,4.333333333333333,-5.291666666666667,227686.87,1.2530505274129566,2075737.78,0.23832538164140904,90,1,0,16.349483930501254,202303,0.0,0.0
1800002388,C000198,2023-03-27,2023-06-25,224672.12,Construction,West,NT90,High,CLEARED,12.322401824849415,90,0,4,9.866666666666667,0.9333333333333333,15,161466.86066666667,3,1,0,1,8.0,-1.8666666666666671,249539.5,1.3914441580914532,2422002.91,0.1531644755520458,90,1,1,16.349483930501254,202303,1.0,11.0
1800002562,C000113,2023-03-27,2023-05-26,121045.41,Healthcare,South,NT60,High,CLEARED,11.703929304759962,60,2,3,0.8947368421052632,0.5263157894736842,19,90021.81052631578,3,1,0,1,-0.3333333333333333,-1.2280701754385965,245331.65,1.344623145127871,1710414.4,0.09387797320992541,60,1,1,16.349483930501254,202303,1.0,1.0
1800001656,C000018,2023-03-28,2023-05-12,211460.0,Manufacturing,Northeast,NT45,High,CLEARED,12.261795863302101,45,4,2,10.125,0.875,16,145974.573125,3,1,1,1,12.333333333333334,2.208333333333334,249207.47,1.4486084492189195,2335593.17,0.20887911472396445,45,1,0,16.349483930501254,202303,1.0,23.0
1800002782,C000069,2023-03-28,2023-05-12,224352.94,Retail,South,NT45,High,CLEARED,12.320980173095252,45,5,3,1.6666666666666667,0.7222222222222222,18,135267.33222222223,3,1,1,1,2.6666666666666665,0.9999999999999998,243662.1,1.6585892270827416,2434811.98,0.1724611959514867,45,1,0,16.349483930501254,202303,1.0,2.0
1800003621,C000019,2023-03-28,2023-04-11,36247.65,Logistics,Northeast,NT14,High,CLEARED,10.498157418210033,14,3,2,11.368421052631579,1.0,19,113454.00684210526,3,1,1,1,9.666666666666666,-1.7017543859649127,247674.67,0.3194920215594158,2155626.13,0.022732144990743372,14,1,0,16.349483930501254,202303,1.0,6.0
1800001319,C000186,2023-03-28,2023-04-11,193759.69,Retail,International,NT14,High,CLEARED,12.174379119887101,14,5,0,12.047619047619047,0.9047619047619048,21,123180.57095238096,3,1,1,1,12.0,-0.04761904761904745,245546.85,1.5729728195114752,2586791.99,0.6326784630564622,14,1,0,16.349483930501254,202303,1.0,2.0
1800004327,C000014,2023-03-28,2023-05-12,224210.78,Manufacturing,South,NT45,Medium,CLEARED,12.320346330612775,45,4,3,0.6923076923076923,0.38461538461538464,13,143727.1446153846,3,1,1,1,0.6666666666666666,-0.02564102564102566,247283.58,1.5599751918817457,1868452.88,0.13841544566540986,45,1,0,16.349483930501254,202303,1.0,1.0
1800004682,C000157,2023-03-28,2023-04-27,206103.97,Healthcare,South,NT30,High,CLEARED,12.236140881095322,30,2,3,1.5384615384615385,0.6153846153846154,13,130457.0376923077,3,1,1,1,2.0,0.46153846153846145,249242.86,1.5798608771579732,1695941.49,0.15696774589725176,30,1,0,16.349483930501254,202303,0.0,0.0
1800002211,C000021,2023-03-29,2023-06-27,14514.53,Logistics,South,NT90,Medium,CLEARED,9.582974389743198,90,3,3,1.0,0.5,10,138859.874,3,1,2,1,1.6666666666666667,0.6666666666666667,240270.45,0.10452645232848187,1388598.74,0.05309367065641119,90,1,0,16.349483930501254,202303,0.0,-3.0
1800004381,C000175,2023-03-29,2023-06-27,41663.9,Construction,West,NT90,High,CLEARED,10.637414326717423,90,0,4,2.6818181818181817,0.8181818181818182,22,108165.835,3,1,2,1,4.333333333333333,1.6515151515151514,209031.8,0.3851853961095941,2379648.37,0.026114805873741896,90,1,0,16.349483930501254,202303,0.0,-1.0
1800004993,C000054,2023-03-29,2023-06-27,116417.69,Construction,Midwest,NT90,High,CLEARED,11.664948368400282,90,0,1,1.8125,0.6875,16,131423.728125,3,1,2,1,0.6666666666666666,-1.1458333333333335,235228.36,0.8858194152677862,2102779.65,0.10765118566836719,90,1,0,16.349483930501254,202303,1.0,3.0
1800004477,C000057,2023-03-29,2023-04-28,126544.62,Manufacturing,Midwest,NT30,High,CLEARED,11.74835815454854,30,4,1,1.380952380952381,0.5238095238095238,21,105847.88809523809,3,1,2,1,2.0,0.6190476190476191,240567.15,1.1955327808348877,2222805.65,0.09834329996264583,30,1,0,16.349483930501254,202303,1.0,1.0
1800001960,C000060,2023-03-29,2023-05-28,180599.52,Logistics,International,NT60,High,CLEARED,12.10404279925213,60,3,0,2.6,0.72,25,126722.40960000001,3,1,2,1,3.0,0.3999999999999999,241297.28,1.4251585064556724,3168060.24,0.157898680868423,60,1,0,16.349483930501254,202303,1.0,2.0
1800002595,C000012,2023-03-30,2023-04-13,22351.38,Logistics,International,NT14,High,CLEARED,10.014688082068052,14,3,0,1.4210526315789473,0.5789473684210527,19,143429.94210526315,3,1,3,1,3.0,1.5789473684210527,248588.91,0.1558348255038431,2725168.9,0.020476307965032033,14,1,0,16.349483930501254,202303,1.0,2.0
1800000874,C000085,2023-03-30,2023-05-29,237181.54,Manufacturing,West,NT60,High,CLEARED,12.376585334627478,60,4,4,15.1875,1.0,16,105848.666875,3,1,3,1,12.666666666666666,-2.520833333333334,247874.28,2.2407607672574197,1693578.67,0.17842413230676607,60,1,0,16.349483930501254,202303,1.0,13.0
1800001074,C000143,2023-03-30,2023-06-28,97562.09,Healthcare,Midwest,NT90,High,CLEARED,11.488254524645011,90,2,1,1.5833333333333333,0.5833333333333334,12,143313.13333333333,3,1,3,1,1.6666666666666667,0.08333333333333348,248806.66,0.6807616840885018,1719757.6,0.10120957793065993,90,1,0,16.349483930501254,202303,1.0,2.0
1800000342,C000143,2023-03-31,2023-06-29,20727.22,Healthcare,Midwest,NT90,High,CLEARED,9.9392513358483,90,2,1,1.6153846153846154,0.6153846153846154,13,139793.82230769232,3,1,4,1,2.3333333333333335,0.7179487179487181,248806.66,0.14826992822600188,1817319.69,0.02150213456759622,90,1,0,16.349483930501254,202303,1.0,2.0
1800004905,C000027,2023-04-01,2023-04-15,213405.38,Logistics,South,NT14,High,CLEARED,12.270953514310103,14,3,3,8.833333333333334,0.9444444444444444,18,138388.48,4,2,5,0,7.0,-1.833333333333334,248894.88,1.5420747449498686,2490992.64,0.13002649561216728,14,0,0,16.265446436389034,202304,1.0,31.0
1800004962,C000058,2023-04-01,2023-05-31,18610.3,Energy,Midwest,NT60,Medium,CLEARED,9.831524202113266,60,1,1,0.6,0.4666666666666667,15,156895.12333333335,4,2,5,0,2.6666666666666665,2.0666666666666664,249246.3,0.11861617878626649,2353426.85,0.014461850614413204,60,0,0,16.265446436389034,202304,0.0,0.0
1800003057,C000154,2023-04-01,2023-05-31,66573.97,Manufacturing,South,NT60,High,CLEARED,11.10608396006243,60,4,3,10.866666666666667,1.0,15,147302.46533333333,4,2,5,0,10.333333333333334,-0.5333333333333332,242212.58,0.45195421440740047,2209536.98,0.0593891692640259,60,0,0,16.265446436389034,202304,1.0,10.0
1800004914,C000164,2023-04-02,2023-06-01,248805.23,Manufacturing,Midwest,NT60,High,CLEARED,12.424429679726588,60,4,1,3.6923076923076925,0.7692307692307693,13,148630.08230769233,4,2,6,0,5.0,1.3076923076923075,225129.53,1.6739897209027055,1932191.07,0.4824884891196382,60,0,0,16.265446436389034,202304,0.0,0.0
1800004500,C000108,2023-04-02,2023-04-16,244068.58,Retail,Northeast,NT14,High,CLEARED,12.405208627558258,14,5,2,30.61904761904762,0.9523809523809523,21,123116.8080952381,4,2,6,0,26.333333333333332,-4.285714285714288,234687.86,1.9824147797203984,2585452.97,0.20711242653531325,14,0,0,16.265446436389034,202304,1.0,23.0
1800003677,C000184,2023-04-02,2023-05-02,196294.18,Retail,International,NT30,High,CLEARED,12.187374825709398,30,5,0,29.5625,1.0,16,130182.124375,4,2,6,0,21.666666666666668,-7.895833333333332,247177.82,1.5078428082380877,2082913.99,0.15200049657548909,30,0,0,16.265446436389034,202304,1.0,27.0
1800001872,C000053,2023-04-02,2023-05-17,217356.11,Manufacturing,South,NT45,Medium,CLEARED,12.289296948097226,45,4,3,0.5454545454545454,0.45454545454545453,11,125758.9390909091,4,2,6,0,0.0,-0.5454545454545454,212445.82,1.7283551497112803,1383348.33,0.35883604420689563,45,0,0,16.265446436389034,202304,1.0,3.0
1800004157,C000111,2023-04-02,2023-04-16,93234.69,Energy,International,NT14,High,CLEARED,11.442885867285069,14,1,0,10.578947368421053,0.8947368421052632,19,137079.82684210525,4,2,6,0,8.666666666666666,-1.912280701754387,244079.76,0.6801488749135345,2604516.71,0.0856264989910532,14,0,0,16.265446436389034,202304,1.0,17.0
1800003294,C000179,2023-04-02,2023-05-17,203161.32,Retail,International,NT45,High,CLEARED,12.22176054442076,45,5,0,1.4210526315789473,0.5789473684210527,19,136666.76,4,2,6,0,1.6666666666666667,0.2456140350877194,208943.23,1.4865452287008194,2596668.44,0.10548592346591139,45,0,0,16.265446436389034,202304,0.0,-4.0
1800002534,C000152,2023-04-03,2023-04-17,55485.96,Construction,West,NT14,High,CLEARED,10.92390331717333,14,0,4,1.8571428571428572,0.5714285714285714,21,121679.88761904763,4,2,0,0,2.3333333333333335,0.4761904761904763,241179.08,0.4559994349576823,2555277.64,0.04164244070689231,14,0,1,16.265446436389034,202304,1.0,3.0
1800003870,C000079,2023-04-03,2023-05-18,49536.5,Manufacturing,Midwest,NT45,High,CLEARED,10.81048523749869,45,4,1,9.153846153846153,0.8461538461538461,13,120136.71923076923,4,2,0,0,9.333333333333334,0.17948717948718063,231661.14,0.4123343830028013,1561777.35,0.03130803301626791,45,0,1,16.265446436389034,202304,1.0,12.0
1800002311,C000089,2023-04-04,2023-06-03,140756.37,Logistics,International,NT60,High,CLEARED,11.854792906975659,60,3,0,13.157894736842104,0.8421052631578947,19,114457.76263157894,4,2,1,0,19.333333333333332,6.175438596491228,216198.26,1.2297669180645443,2174697.4899999998,0.15956158338144336,60,0,0,16.265446436389034,202304,1.0,4.0
1800002464,C000062,2023-04-04,2023-05-04,212995.54,Retail,South,NT30,High,CLEARED,12.26903120042817,30,5,3,1.4166666666666667,0.5833333333333334,12,132121.73500000002,4,2,1,0,0.0,-1.4166666666666667,230338.52,1.61211582636271,1585460.82,0.11813305488105223,30,0,0,16.265446436389034,202304,0.0,0.0
1800000148,C000138,2023-04-04,2023-05-04,76053.42,Construction,Northeast,NT30,High,CLEARED,11.239204415656676,30,0,2,2.5789473684210527,0.7368421052631579,19,147642.56315789474,4,2,1,0,2.0,-0.5789473684210527,248495.46,0.5151185293272476,2805208.7,0.2140910925783403,30,0,0,16.265446436389034,202304,1.0,6.0
1800001758,C000045,2023-04-04,2023-07-03,148913.61,Energy,International,NT90,High,CLEARED,11.91112833340201,90,1,0,27.1,1.0,10,135089.349,4,2,1,0,32.333333333333336,5.233333333333334,241835.25,1.1023342040089334,1350893.49,0.2251050588259587,90,0,0,16.265446436389034,202304,1.0,47.0
1800001168,C000120,2023-04-05,2023-05-05,29901.27,Manufacturing,South,NT30,High,CLEARED,10.305689676229463,30,4,3,2.789473684210526,0.6842105263157895,19,135483.66263157895,4,2,2,0,1.3333333333333333,-1.4561403508771928,238554.67,0.22070018937494032,2574189.59,0.03548965405394987,30,0,0,16.265446436389034,202304,1.0,2.0
1800004868,C000191,2023-04-05,2023-07-04,227148.41,Energy,Midwest,NT90,High,CLEARED,12.333363273781579,90,1,1,24.476190476190474,0.9523809523809523,21,128554.00666666667,4,2,2,0,30.333333333333332,5.857142857142858,209665.59,1.7669492837277574,2699634.14,2.9445728090423064,90,0,0,16.265446436389034,202304,1.0,34.0
1800004774,C000128,2023-04-05,2023-05-20,102165.92,Retail,Northeast,NT45,Medium,CLEARED,11.534363225295703,45,5,2,1.0,0.4666666666666667,15,158963.88666666666,4,2,2,0,1.0,0.0,236385.24,0.6426989308221495,2384458.3,0.07141293552612489,45,0,0,16.265446436389034,202304,1.0,1.0
1800001502,C000108,2023-04-05,2023-04-19,225583.31,Retail,Northeast,NT14,High,CLEARED,12.326449248315136,14,5,2,30.272727272727273,0.9545454545454546,22,128614.6159090909,4,2,2,0,28.666666666666668,-1.6060606060606055,244068.58,1.7539477018650027,2829521.55,0.1914261422751253,14,0,0,16.265446436389034,202304,1.0,23.0
1800000594,C000089,2023-04-05,2023-06-04,70650.45,Logistics,International,NT60,High,CLEARED,11.165513911610487,60,3,0,12.7,0.85,20,115772.693,4,2,2,0,15.333333333333334,2.6333333333333346,216198.26,0.6102514174046206,2315453.86,0.08008943160875416,60,0,0,16.265446436389034,202304,1.0,33.0
1800001107,C000181,2023-04-05,2023-06-04,174044.48,Retail,International,NT60,High,CLEARED,12.06707192335339,60,5,0,1.6111111111111112,0.6111111111111112,18,138919.21222222224,4,2,2,0,2.0,0.38888888888888884,245911.2,1.2528467244803376,2500545.8200000003,0.2776045266428728,60,0,0,16.265446436389034,202304,1.0,1.0
1800000491,C000116,2023-04-05,2023-05-20,153375.14,Manufacturing,Midwest,NT45,High,CLEARED,11.940648614748426,45,4,1,11.85,0.9,20,139094.7865,4,2,2,0,18.666666666666668,6.816666666666668,207844.11,1.1026663461610047,2781895.73,0.25824639551080875,45,0,0,16.265446436389034,202304,1.0,24.0
1800001222,C000182,2023-04-06,2023-04-20,77039.62,Retail,West,NT14,High,CLEARED,11.252088094207018,14,5,4,12.733333333333333,1.0,15,96604.378,4,2,3,0,6.0,-6.7333333333333325,249682.11,0.7974754518889402,1449065.67,0.06678414168405296,14,0,0,16.265446436389034,202304,1.0,3.0
1800003948,C000150,2023-04-06,2023-05-06,100753.08,Healthcare,Midwest,NT30,High,CLEARED,11.520437975266892,30,2,1,10.214285714285714,1.0,14,138336.97357142856,4,2,3,0,13.0,2.7857142857142865,240570.71,0.7283163524462779,1936717.63,0.09915035516047652,30,0,0,16.265446436389034,202304,1.0,25.0
1800004023,C000094,2023-04-06,2023-04-20,153497.93,Healthcare,West,NT14,High,CLEARED,11.941448875301054,14,2,4,9.125,0.9375,16,120363.80375,4,2,3,0,7.0,-2.125,243254.75,1.2752831434176073,1925820.86,0.13852457087216571,14,0,0,16.265446436389034,202304,1.0,11.0
1800000247,C000036,2023-04-07,2023-05-07,71752.6,Energy,South,NT30,High,CLEARED,11.18099330657921,30,1,3,9.352941176470589,0.8823529411764706,17,140781.71764705883,4,2,4,0,13.333333333333334,3.980392156862745,248636.81,0.5096727131848504,2393289.2,0.08057112493236061,30,0,0,16.265446436389034,202304,1.0,8.0
1800004804,C000098,2023-04-07,2023-05-07,191027.51,Manufacturing,West,NT30,High,CLEARED,12.16017796290526,30,4,4,10.210526315789474,0.9473684210526315,19,132636.60894736843,4,2,4,0,9.333333333333334,-0.8771929824561404,247663.32,1.440232161512827,2520095.5700000003,0.2122810576497326,30,0,0,16.265446436389034,202304,1.0,11.0
1800004513,C000022,2023-04-08,2023-05-23,22166.47,Energy,Midwest,NT45,High,CLEARED,10.006381177920664,45,1,1,30.09090909090909,1.0,11,123581.78181818183,4,2,5,0,39.666666666666664,9.575757575757574,226396.69,0.17936681017119616,1359399.6,0.024689977271356234,45,0,0,16.265446436389034,202304,1.0,41.0
1800000272,C000071,2023-04-08,2023-07-07,57409.22,Energy,Midwest,NT90,Medium,CLEARED,10.957977615239344,90,1,1,1.0,0.45454545454545453,11,151672.3809090909,4,2,5,0,2.0,1.0,232282.46,0.3785080688778126,1668396.19,0.04731604709564248,90,0,0,16.265446436389034,202304,0.0,0.0
1800004566,C000163,2023-04-08,2023-07-07,94707.8,Retail,West,NT90,High,CLEARED,11.458562199883305,90,5,4,1.5384615384615385,0.5384615384615384,13,117607.75076923077,4,2,5,0,0.3333333333333333,-1.2051282051282053,208883.19,0.8052853607058185,1528900.76,0.08409210066751731,90,0,0,16.265446436389034,202304,0.0,-5.0
1800003205,C000127,2023-04-08,2023-07-07,21553.73,Retail,International,NT90,High,CLEARED,9.97835056100675,90,5,0,12.307692307692308,1.0,13,139486.22461538462,4,2,5,0,11.333333333333334,-0.9743589743589745,244835.16,0.1545222838988699,1813320.92,0.01287846800070202,90,0,0,16.265446436389034,202304,1.0,14.0
1800002806,C000011,2023-04-08,2023-05-23,118365.0,Retail,Northeast,NT45,High,CLEARED,11.681536798030931,45,5,2,1.75,0.6666666666666666,12,111340.28666666667,4,2,5,0,3.6666666666666665,1.9166666666666665,241143.99,1.0630922871104518,1336083.44,0.2581352400978316,45,0,0,16.265446436389034,202304,1.0,1.0
1800001894,C000182,2023-04-09,2023-04-23,209407.19,Retail,West,NT14,High,CLEARED,12.25204068840158,14,5,4,12.125,1.0,16,95381.580625,4,2,6,0,6.666666666666667,-5.458333333333333,249682.11,2.1954678107432546,1526105.29,0.18153100244548712,14,0,0,16.265446436389034,202304,0.0,-1.0
1800004165,C000057,2023-04-09,2023-05-09,236577.78,Manufacturing,Midwest,NT30,High,CLEARED,12.374036539268442,30,4,1,1.3636363636363635,0.5454545454545454,22,106788.64863636364,4,2,6,0,2.0,0.6363636363636365,240567.15,2.2153832174203636,2349350.27,0.1838548298855916,30,0,0,16.265446436389034,202304,1.0,1.0
1800004800,C000082,2023-04-09,2023-04-23,40297.79,Logistics,Northeast,NT14,High,CLEARED,10.604076722670126,14,3,2,12.3125,0.9375,16,123481.781875,4,2,6,0,16.0,3.6875,237416.81,0.32634603573175885,1975708.51,0.08256909701540398,14,0,0,16.265446436389034,202304,1.0,15.0
1800000746,C000174,2023-04-09,2023-05-24,184417.86,Retail,South,NT45,High,CLEARED,12.124964862531895,45,5,3,2.727272727272727,0.9090909090909091,11,143914.91909090907,4,2,6,0,1.0,-1.727272727272727,234522.77,1.2814367069442312,1583064.1099999999,0.2361485252397005,45,0,0,16.265446436389034,202304,0.0,-1.0
1800002228,C000092,2023-04-10,2023-05-25,12398.75,Retail,Northeast,NT45,High,CLEARED,9.425431590099564,45,5,2,1.9565217391304348,0.5652173913043478,23,140683.3947826087,4,2,0,0,4.666666666666667,2.7101449275362324,244604.99,0.08813229179718896,3235718.08,0.018411241873475703,45,0,1,16.265446436389034,202304,0.0,0.0
1800004555,C000052,2023-04-10,2023-04-24,123072.34,Construction,South,NT14,High,CLEARED,11.720535716824696,14,0,3,26.647058823529413,0.9411764705882353,17,147452.33352941176,4,2,0,0,34.333333333333336,7.686274509803923,225022.07,0.8346584760928942,2506689.67,0.1187412356195901,14,0,1,16.265446436389034,202304,1.0,24.0
1800002144,C000167,2023-04-10,2023-04-24,235674.28,Construction,Northeast,NT14,High,CLEARED,12.370210204340445,14,0,2,2.142857142857143,0.7142857142857143,14,161202.8135714286,4,2,0,0,2.3333333333333335,0.1904761904761907,237201.79,1.4619737384147657,2256839.39,0.33793772712463604,14,0,1,16.265446436389034,202304,1.0,2.0
1800004814,C000127,2023-04-10,2023-07-09,50467.27,Retail,International,NT90,High,CLEARED,10.829100100958026,90,5,0,12.428571428571429,1.0,14,131062.475,4,2,0,0,13.666666666666666,1.2380952380952372,244835.16,0.3850626962446726,1834874.6500000001,0.03015446151444734,90,0,1,16.265446436389034,202304,1.0,27.0
1800003357,C000020,2023-04-11,2023-04-25,213180.23,Healthcare,West,NT14,High,CLEARED,12.269897927998507,14,2,4,1.6875,0.5625,16,116415.3025,4,2,1,0,1.6666666666666667,-0.02083333333333326,237488.72,1.8312045360187936,1862644.84,0.10699473216386113,14,0,0,16.265446436389034,202304,1.0,5.0
1800000639,C000004,2023-04-11,2023-07-10,37796.15,Manufacturing,West,NT90,High,CLEARED,10.539988981939798,90,4,4,7.416666666666667,0.8333333333333334,12,136366.0325,4,2,1,0,4.333333333333333,-3.083333333333334,240848.93,0.2771668963823524,1636392.3900000001,0.03152127108579189,90,0,0,16.265446436389034,202304,1.0,12.0
1800003443,C000196,2023-04-11,2023-04-25,192388.98,Healthcare,Midwest,NT14,High,CLEARED,12.167279736855505,14,2,1,1.4375,0.6875,16,137356.531875,4,2,1,0,-0.3333333333333333,-1.7708333333333333,249974.99,1.4006540306003197,2197704.51,0.8032124493371031,14,0,0,16.265446436389034,202304,1.0,1.0
1800004187,C000002,2023-04-11,2023-07-10,29275.86,Construction,South,NT90,High,CLEARED,10.284552721887422,90,0,3,2.909090909090909,0.7272727272727273,11,132692.39454545456,4,2,1,0,2.6666666666666665,-0.24242424242424265,226364.41,0.22062952515316453,1459616.34,0.2614471179684401,90,0,0,16.265446436389034,202304,1.0,2.0
1800000633,C000175,2023-04-11,2023-07-10,194264.34,Construction,West,NT90,High,CLEARED,12.176980235510866,90,0,4,2.5217391304347827,0.782608695652174,23,105274.44652173913,4,2,1,0,2.3333333333333335,-0.18840579710144922,209031.8,1.8453133349875603,2421312.27,0.12176429780434843,90,0,0,16.265446436389034,202304,0.0,0.0
1800004322,C000174,2023-04-12,2023-05-27,248156.69,Retail,South,NT45,High,CLEARED,12.421819669856403,45,5,3,2.4166666666666665,0.8333333333333334,12,147290.16416666665,4,2,2,0,0.3333333333333333,-2.083333333333333,234522.77,1.6848150818760546,1767481.97,0.3177666001105616,45,0,0,16.265446436389034,202304,1.0,3.0
1800002717,C000059,2023-04-12,2023-04-26,23451.3,Retail,South,NT14,High,CLEARED,10.06272385008825,14,5,3,17.25,1.0,16,100728.2325,4,2,2,0,19.0,1.75,196183.19,0.2328175469573538,1611651.72,0.01814594908649651,14,0,0,16.265446436389034,202304,1.0,6.0
1800003817,C000081,2023-04-13,2023-05-13,148350.76,Retail,South,NT30,High,CLEARED,11.907341489484118,30,5,3,2.2777777777777777,0.5555555555555556,18,127626.09722222222,4,2,3,0,2.0,-0.2777777777777777,245372.05,1.1623857755494322,2297269.75,0.11033775168499797,30,0,0,16.265446436389034,202304,0.0,-1.0
1800003892,C000112,2023-04-13,2023-04-27,241824.21,Logistics,International,NT14,High,CLEARED,12.395970471446939,14,3,0,10.666666666666666,0.8571428571428571,21,169641.93904761906,4,2,3,0,12.0,1.333333333333334,242663.76,1.4254977946940297,3562480.72,3.2384992223960647,14,0,0,16.265446436389034,202304,1.0,8.0
1800000576,C000119,2023-04-14,2023-05-29,241704.97,Logistics,International,NT45,High,CLEARED,12.395477266427907,45,3,0,3.3157894736842106,0.8421052631578947,19,104915.48631578947,4,2,4,0,4.0,0.6842105263157894,221992.37,2.303806411119157,1993394.24,0.2131827208241367,45,0,0,16.265446436389034,202304,0.0,0.0
1800000840,C000139,2023-04-14,2023-07-13,136566.89,Retail,West,NT90,Medium,CLEARED,11.824577132600714,90,5,4,1.5833333333333333,0.4166666666666667,12,116893.03416666666,4,2,4,0,3.3333333333333335,1.7500000000000002,243387.7,1.1683064861271568,1402716.41,0.2723827336408774,90,0,0,16.265446436389034,202304,0.0,0.0
1800001546,C000171,2023-04-14,2023-06-13,22140.7,Energy,International,NT60,High,CLEARED,10.005217987416055,60,1,0,1.6923076923076923,0.5384615384615384,13,163964.4453846154,4,2,4,0,1.6666666666666667,-0.02564102564102555,247678.48,0.13503354308346557,2131537.79,0.12071008872183617,60,0,0,16.265446436389034,202304,1.0,4.0
1800002015,C000144,2023-04-14,2023-06-13,122407.63,Construction,Midwest,NT60,High,CLEARED,11.715120153110842,60,0,1,2.0588235294117645,0.5882352941176471,17,116630.40647058823,4,2,4,0,1.6666666666666667,-0.39215686274509776,232345.82,1.0495344542151508,1982716.91,0.12084860087170639,60,0,0,16.265446436389034,202304,0.0,-2.0
1800003432,C000112,2023-04-14,2023-04-28,95771.15,Logistics,International,NT14,High,CLEARED,11.469727211882555,14,3,0,10.545454545454545,0.8636363636363636,22,172922.95136363638,4,2,4,0,10.333333333333334,-0.21212121212121104,242663.76,0.5538371236713666,3804304.93,1.2825630436380908,14,0,0,16.265446436389034,202304,1.0,23.0
1800002142,C000172,2023-04-15,2023-05-30,29151.08,Logistics,Northeast,NT45,High,CLEARED,10.280281544293022,45,3,2,10.75,0.85,20,136560.8785,4,2,5,0,10.0,-0.75,248872.63,0.2134658206669343,2731217.57,0.03252581659174049,45,0,0,16.265446436389034,202304,1.0,2.0
1800002266,C000137,2023-04-16,2023-04-30,242652.42,Logistics,Northeast,NT14,High,CLEARED,12.399389449108652,14,3,2,27.5,1.0,18,114837.19111111111,4,2,6,0,24.333333333333332,-3.166666666666668,235183.36,2.1130124975385445,2067069.44,0.428669126453287,14,0,0,16.265446436389034,202304,1.0,10.0
1800000178,C000052,2023-04-16,2023-04-30,147628.95,Construction,South,NT14,High,CLEARED,11.902464083843528,14,0,3,26.5,0.9444444444444444,18,146097.88944444444,4,2,6,0,30.0,3.5,225022.07,1.0104796897571733,2629762.01,0.14243366085525544,14,0,0,16.265446436389034,202304,1.0,46.0
1800000296,C000189,2023-04-17,2023-06-16,133968.78,Logistics,Midwest,NT60,High,CLEARED,11.80536953111099,60,3,1,1.7,0.6,10,95461.811,4,2,0,0,2.6666666666666665,0.9666666666666666,189055.69,1.4033756388719674,954618.11,0.08278603082848364,60,0,1,16.265446436389034,202304,1.0,5.0
1800001562,C000131,2023-04-17,2023-06-01,39697.23,Energy,Northeast,NT45,High,CLEARED,10.589061881298496,45,1,2,2.0,0.5789473684210527,19,147369.65157894735,4,2,0,0,0.0,-2.0,249492.9,0.2693718114596601,2800023.38,0.021058711641777927,45,0,1,16.265446436389034,202304,0.0,0.0
1800000130,C000005,2023-04-17,2023-05-01,22154.3,Logistics,Northeast,NT14,High,CLEARED,10.00583202450332,14,3,2,10.952380952380953,0.9523809523809523,21,134747.66666666666,4,2,0,0,17.333333333333332,6.38095238095238,246455.43,0.16441323659284143,2829701.0,0.031050675223907948,14,0,1,16.265446436389034,202304,1.0,9.0
1800003396,C000098,2023-04-17,2023-05-17,129515.54,Manufacturing,West,NT30,High,CLEARED,11.77156387397369,30,4,4,10.25,0.95,20,135556.154,4,2,0,0,11.666666666666666,1.416666666666666,247663.32,0.955438290171614,2711123.08,0.1439253216108834,30,0,1,16.265446436389034,202304,1.0,1.0
1800000047,C000049,2023-04-17,2023-06-16,130841.35,Construction,International,NT60,High,CLEARED,11.781748442359262,60,0,0,14.285714285714286,0.9285714285714286,14,129001.06428571428,4,2,0,0,15.666666666666666,1.3809523809523796,239827.83,1.0142656630352276,1806014.9,0.19618712075729489,60,0,1,16.265446436389034,202304,1.0,14.0
1800003985,C000078,2023-04-17,2023-05-17,145257.08,Construction,International,NT30,High,CLEARED,11.88626730139416,30,0,0,24.5,1.0,16,120257.64,4,2,0,0,35.0,10.5,215622.24,1.2078823432756538,1924122.24,0.17254578619301392,30,0,1,16.265446436389034,202304,1.0,39.0
1800001869,C000096,2023-04-17,2023-07-16,123413.18,Healthcare,West,NT90,High,CLEARED,11.723301294710673,90,2,4,3.111111111111111,0.6666666666666666,18,148751.1888888889,4,2,0,0,7.0,3.888888888888889,248761.06,0.8296618058776299,2677521.4,0.06535516529720294,90,0,1,16.265446436389034,202304,1.0,4.0
1800002172,C000108,2023-04-17,2023-05-01,165766.6,Retail,Northeast,NT14,High,CLEARED,12.018342086423052,14,5,2,29.956521739130434,0.9565217391304348,23,132830.64608695652,4,2,0,0,24.333333333333332,-5.6231884057971016,244068.58,1.2479544810124783,3055104.86,0.14066670427020414,14,0,1,16.265446436389034,202304,1.0,30.0
1800002353,C000089,2023-04-17,2023-06-16,143596.57,Logistics,International,NT60,High,CLEARED,11.874770013447511,60,3,0,13.666666666666666,0.8571428571428571,21,113624.01476190476,4,2,0,0,17.666666666666668,4.000000000000002,216198.26,1.2637871518701544,2386104.31,0.16278123737735117,60,0,1,16.265446436389034,202304,1.0,7.0
1800003518,C000062,2023-04-18,2023-05-18,30363.51,Retail,South,NT30,High,CLEARED,10.321029771201637,30,5,3,1.3076923076923077,0.5384615384615384,13,138342.7969230769,4,2,1,0,0.0,-1.3076923076923077,230338.52,0.21948023804147243,1798456.3599999999,0.01684041925578056,30,0,0,16.265446436389034,202304,0.0,0.0
1800000052,C000181,2023-04-18,2023-06-17,101002.7,Retail,International,NT60,High,CLEARED,11.522912428815767,60,5,0,1.5789473684210527,0.631578947368421,19,140767.9105263158,4,2,1,0,-0.3333333333333333,-1.912280701754386,245911.2,0.7175122485114822,2674590.3000000003,0.16110138467564203,60,0,0,16.265446436389034,202304,1.0,1.0
1800004331,C000085,2023-04-18,2023-06-17,52738.16,Manufacturing,West,NT60,High,CLEARED,10.87311353259045,60,4,4,15.058823529411764,1.0,17,113574.13,4,2,1,0,15.0,-0.0588235294117645,247874.28,0.46435011212500593,1930760.21,0.03967324116984567,60,0,0,16.265446436389034,202304,1.0,3.0
1800001364,C000006,2023-04-18,2023-06-02,174203.68,Energy,South,NT45,High,CLEARED,12.067986208711305,45,1,3,1.6666666666666667,0.5833333333333334,12,136569.33,4,2,1,0,1.3333333333333333,-0.3333333333333335,249161.14,1.2755695586995996,1638831.96,0.7301170220421528,45,0,0,16.265446436389034,202304,0.0,-1.0
1800002651,C000019,2023-04-18,2023-05-02,144918.8,Logistics,Northeast,NT14,High,CLEARED,11.883935764936297,14,3,2,11.1,1.0,20,109593.68899999998,4,2,1,0,10.0,-1.0999999999999996,247674.67,1.3223279672609616,2191873.78,0.0908835517194781,14,0,0,16.265446436389034,202304,1.0,11.0
1800002646,C000169,2023-04-18,2023-05-18,219314.81,Healthcare,South,NT30,High,CLEARED,12.298268024830659,30,2,3,1.6153846153846154,0.6153846153846154,13,106920.38384615384,4,2,1,0,1.3333333333333333,-0.28205128205128216,216206.29,2.051197368647393,1389964.99,0.30880954131981975,30,0,0,16.265446436389034,202304,1.0,3.0
1800000081,C000109,2023-04-19,2023-07-18,17716.19,Healthcare,West,NT90,High,CLEARED,9.782290633706166,90,2,4,35.611111111111114,1.0,18,130397.66111111111,4,2,2,0,34.666666666666664,-0.94444444444445,227537.49,0.13586278963166473,2347157.9,0.04056432996177821,90,0,0,16.265446436389034,202304,1.0,24.0
1800001494,C000049,2023-04-19,2023-06-18,138663.33,Construction,International,NT60,High,CLEARED,11.839811399471772,60,0,0,14.266666666666667,0.9333333333333333,15,129123.75,4,2,2,0,17.333333333333332,3.0666666666666647,239827.83,1.0738793599163592,1936856.25,0.20791561281902568,60,0,0,16.265446436389034,202304,1.0,23.0
1800003911,C000026,2023-04-19,2023-06-03,110703.13,Manufacturing,Midwest,NT45,High,CLEARED,11.614616426040548,45,4,1,1.95,0.65,20,119879.21650000001,4,2,2,0,2.6666666666666665,0.7166666666666666,236806.85,0.9234555682969449,2397584.33,0.21301368688731556,45,0,0,16.265446436389034,202304,1.0,2.0
1800003526,C000090,2023-04-21,2023-06-20,51095.6,Logistics,Northeast,NT60,High,CLEARED,10.841473237774641,60,3,2,27.375,1.0,16,156611.7625,4,2,4,0,27.666666666666668,0.29166666666666785,249899.17,0.3262564649318725,2505788.2,0.0550815172627566,60,0,0,16.265446436389034,202304,1.0,30.0
1800002065,C000093,2023-04-21,2023-05-21,162984.55,Manufacturing,Northeast,NT30,High,CLEARED,12.00141682555248,30,4,2,2.0,0.7222222222222222,18,137161.80833333332,4,2,4,0,-1.0,-3.0,245348.3,1.188264809136314,2468912.55,0.11615186901120225,30,0,0,16.265446436389034,202304,1.0,6.0
1800000118,C000009,2023-04-21,2023-06-05,2520.34,Manufacturing,International,NT45,High,CLEARED,7.8325457852103915,45,4,0,12.9375,1.0,16,106551.14812499999,4,2,4,0,7.333333333333333,-5.604166666666667,206735.83,0.023653804246607225,1704818.3699999999,0.013577037732716473,45,0,0,16.265446436389034,202304,1.0,3.0
1800004585,C000178,2023-04-21,2023-05-05,242746.82,Retail,West,NT14,High,CLEARED,12.399778405680703,14,5,4,1.608695652173913,0.5217391304347826,23,109593.74869565219,4,2,4,0,2.0,0.3913043478260869,235668.12,2.2149695843886237,2520656.22,0.217541120089496,14,0,0,16.265446436389034,202304,1.0,3.0
1800002585,C000057,2023-04-22,2023-05-22,157755.57,Manufacturing,Midwest,NT30,High,CLEARED,11.968808427713695,30,4,1,1.3478260869565217,0.5652173913043478,23,112431.65434782607,4,2,5,0,2.3333333333333335,0.9855072463768118,240567.15,1.4031241549818065,2585928.05,0.12259867974859913,30,0,0,16.265446436389034,202304,0.0,0.0
1800004934,C000149,2023-04-22,2023-05-06,169550.22,Retail,West,NT14,High,CLEARED,12.040910343045443,14,5,4,2.1875,0.6875,16,137067.605,4,2,5,0,1.6666666666666667,-0.5208333333333333,236969.4,1.2369824365137188,2193081.68,0.2422314281633594,14,0,0,16.265446436389034,202304,0.0,-5.0
1800002471,C000002,2023-04-22,2023-07-21,122310.41,Construction,South,NT90,High,CLEARED,11.714325612499337,90,0,3,2.8333333333333335,0.75,12,124074.34999999999,4,2,5,0,2.3333333333333335,-0.5,226364.41,0.9857832017657155,1488892.2,1.0922891485352872,90,0,0,16.265446436389034,202304,0.0,0.0
1800001777,C000105,2023-04-22,2023-05-06,107473.88,Manufacturing,South,NT14,High,CLEARED,11.585012424825129,14,4,3,28.1875,0.9375,16,116504.0325,4,2,5,0,17.666666666666668,-10.520833333333332,242619.81,0.9224906442616053,1864064.52,0.06372613043165676,14,0,0,16.265446436389034,202304,1.0,43.0
1800002580,C000120,2023-04-23,2023-05-23,208507.88,Manufacturing,South,NT30,High,CLEARED,12.247736909242125,30,4,3,2.75,0.7,20,130204.54299999999,4,2,6,0,1.6666666666666667,-1.0833333333333333,238554.67,1.6013871343951496,2604090.86,0.24747686398345262,30,0,0,16.265446436389034,202304,1.0,4.0
1800003502,C000004,2023-04-23,2023-07-22,152602.31,Manufacturing,West,NT90,High,CLEARED,11.93559708829188,90,4,4,7.769230769230769,0.8461538461538461,13,128783.73384615385,4,2,6,0,5.0,-2.769230769230769,240848.93,1.1849501908548483,1674188.54,0.1272674275509027,90,0,0,16.265446436389034,202304,1.0,6.0
1800001852,C000034,2023-04-23,2023-05-23,86623.43,Logistics,Midwest,NT30,High,CLEARED,11.369337156383976,30,3,1,1.875,0.625,16,101811.525625,4,2,6,0,2.6666666666666665,0.7916666666666665,165843.04,0.8508214513851609,1628984.41,0.18518706648471933,30,0,0,16.265446436389034,202304,1.0,1.0
1800000431,C000135,2023-04-23,2023-07-22,11546.44,Healthcare,West,NT90,High,CLEARED,9.354219046361406,90,2,4,1.0,0.5263157894736842,19,115458.12473684212,4,2,6,0,1.6666666666666667,0.6666666666666667,235519.4,0.10000543509880504,2193704.37,0.01833237882955445,90,0,0,16.265446436389034,202304,1.0,8.0
1800004224,C000154,2023-04-23,2023-06-22,87328.36,Manufacturing,South,NT60,High,CLEARED,11.377441996856936,60,4,3,10.8125,1.0,16,142256.934375,4,2,6,0,6.0,-4.8125,242212.58,0.6138777022271256,2276110.95,0.07790370250699769,60,0,0,16.265446436389034,202304,1.0,8.0
1800000190,C000100,2023-04-23,2023-07-22,59830.94,Energy,International,NT90,High,CLEARED,10.999294911063139,90,1,0,29.23076923076923,0.9230769230769231,13,95775.18153846155,4,2,6,0,23.666666666666668,-5.564102564102562,196637.07,0.6247019221359867,1245077.36,0.04968559345793434,90,0,0,16.265446436389034,202304,1.0,19.0
1800003043,C000128,2023-04-24,2023-06-08,224767.1,Retail,Northeast,NT45,Medium,CLEARED,12.322824483017769,45,5,2,1.0,0.5,16,155414.01374999998,4,2,0,0,1.3333333333333333,0.33333333333333326,236385.24,1.4462473143609935,2486624.2199999997,0.1571099092602902,45,0,1,16.265446436389034,202304,1.0,1.0
1800004713,C000192,2023-04-24,2023-06-23,181334.38,Logistics,Midwest,NT60,High,CLEARED,12.10810352387098,60,3,1,2.6363636363636362,0.7272727272727273,22,138391.44818181818,4,2,0,0,2.0,-0.6363636363636362,237613.27,1.3103004729147971,3044611.86,0.13322981632281877,60,0,1,16.265446436389034,202304,0.0,0.0
1800004207,C000113,2023-04-24,2023-06-23,202390.17,Healthcare,South,NT60,High,CLEARED,12.217957588961571,60,2,3,0.9,0.55,20,91572.9905,4,2,0,0,0.6666666666666666,-0.2333333333333334,245331.65,2.210151365538292,1831459.81,0.15696571193581194,60,0,1,16.265446436389034,202304,0.0,0.0
1800001893,C000006,2023-04-24,2023-06-08,208399.55,Energy,South,NT45,High,CLEARED,12.247217228013337,45,1,3,1.4615384615384615,0.5384615384615384,13,139464.28,4,2,0,0,0.0,-1.4615384615384615,249161.14,1.4942862071922645,1813035.64,0.8734376842149645,45,0,1,16.265446436389034,202304,0.0,-3.0
1800004343,C000091,2023-04-24,2023-06-08,35094.83,Healthcare,International,NT45,High,CLEARED,10.465837598977469,45,2,0,12.5,1.0,10,109049.896,4,2,0,0,7.0,-5.5,242446.48,0.3218235989881183,1090498.96,0.06794352453450717,45,0,1,16.265446436389034,202304,1.0,10.0
1800003819,C000131,2023-04-25,2023-06-09,112216.64,Energy,Northeast,NT45,High,CLEARED,11.628195478964418,45,1,2,1.9,0.55,20,141986.0305,4,2,1,0,0.6666666666666666,-1.2333333333333334,249492.9,0.790335778842694,2839720.61,0.05952903674057869,45,1,0,16.265446436389034,202304,1.0,7.0
1800004798,C000007,2023-04-25,2023-07-24,157445.77,Energy,Midwest,NT90,High,CLEARED,11.966842711869715,90,1,1,6.933333333333334,0.7333333333333333,15,82134.04466666667,4,2,1,0,6.666666666666667,-0.2666666666666666,200066.13,1.9169367664648551,1232010.67,0.16645453583193748,90,1,0,16.265446436389034,202304,1.0,9.0
1800000440,C000081,2023-04-26,2023-05-26,170173.24,Retail,South,NT30,High,CLEARED,12.044578132315287,30,5,3,2.1052631578947367,0.5263157894736842,19,128716.8689473684,4,2,2,0,1.6666666666666667,-0.43859649122807,245372.05,1.3220741103451084,2445620.51,0.12656849684188717,30,1,0,16.265446436389034,202304,0.0,0.0
1800001722,C000068,2023-04-26,2023-06-10,36020.2,Manufacturing,Northeast,NT45,High,CLEARED,10.491862933000117,45,4,2,1.4615384615384615,0.6153846153846154,13,123933.03923076924,4,2,2,0,0.0,-1.4615384615384615,241014.6,0.29064243258755773,1611129.51,0.026939758211104083,45,1,0,16.265446436389034,202304,1.0,5.0
1800004588,C000150,2023-04-26,2023-05-26,244467.95,Healthcare,Midwest,NT30,High,CLEARED,12.40684358596763,30,2,1,11.2,1.0,15,135831.38066666666,4,2,2,0,17.333333333333332,6.133333333333333,240570.71,1.799789921888006,2037470.71,0.24057908768499797,30,1,0,16.265446436389034,202304,1.0,3.0
1800001961,C000176,2023-04-26,2023-05-10,164194.74,Healthcare,International,NT14,High,CLEARED,12.008814531693147,14,2,0,2.1538461538461537,0.6923076923076923,13,116592.26307692307,4,2,2,0,3.3333333333333335,1.1794871794871797,240615.17,1.4082816103472546,1515699.42,0.11879984322259514,14,1,0,16.265446436389034,202304,0.0,-1.0
1800003835,C000056,2023-04-26,2023-05-10,183855.92,Logistics,South,NT14,Medium,CLEARED,12.121913125401004,14,3,3,1.8888888888888888,0.4444444444444444,9,140826.83777777778,4,2,2,0,1.3333333333333333,-0.5555555555555556,240142.35,1.3055460372554935,1267441.54,0.5206562623345685,14,1,0,16.265446436389034,202304,1.0,3.0
1800003391,C000079,2023-04-26,2023-06-10,248963.26,Manufacturing,Midwest,NT45,High,CLEARED,12.425064631008288,45,4,1,9.357142857142858,0.8571428571428571,14,115093.84642857143,4,2,2,0,7.333333333333333,-2.0238095238095246,231661.14,2.163132675859517,1611313.85,0.15734963035171423,45,1,0,16.265446436389034,202304,1.0,12.0
1800004219,C000180,2023-04-26,2023-06-25,130651.22,Manufacturing,Midwest,NT60,High,CLEARED,11.780294262767658,60,4,1,12.764705882352942,0.8823529411764706,17,91281.77588235294,4,2,2,0,9.333333333333334,-3.431372549019608,207582.14,1.4312957733029616,1551790.19,0.07622573187016923,60,1,0,16.265446436389034,202304,1.0,18.0
1800004535,C000169,2023-04-26,2023-05-26,121648.68,Healthcare,South,NT30,High,CLEARED,11.70890071771088,30,2,3,1.7142857142857142,0.6428571428571429,14,114948.55714285714,4,2,2,0,1.3333333333333333,-0.38095238095238093,219314.81,1.0582880118174602,1609279.8,0.1712892671177178,30,1,0,16.265446436389034,202304,1.0,5.0
1800002414,C000091,2023-04-27,2023-06-11,144165.61,Healthcare,International,NT45,High,CLEARED,11.8787249236223,45,2,0,12.272727272727273,1.0,11,102326.70818181819,4,2,3,0,8.333333333333334,-3.9393939393939394,242446.48,1.408875674411814,1125593.79,0.27910434842018583,45,1,0,16.265446436389034,202304,1.0,11.0
1800001939,C000006,2023-04-27,2023-06-11,165926.51,Energy,South,NT45,Medium,CLEARED,12.019306285216267,45,1,3,1.1428571428571428,0.5,14,144388.22785714286,4,2,3,0,-0.3333333333333333,-1.476190476190476,249161.14,1.1491692395045325,2021435.19,0.6954260056908528,45,1,0,16.265446436389034,202304,1.0,2.0
1800003665,C000134,2023-04-27,2023-07-26,199392.69,Construction,West,NT90,Medium,CLEARED,12.203036491074359,90,0,4,1.2142857142857142,0.5,14,97558.61285714286,4,2,3,0,0.0,-1.2142857142857142,200176.06,2.0438245702814055,1365820.58,0.1252510216090306,90,1,0,16.265446436389034,202304,0.0,0.0
1800004507,C000151,2023-04-28,2023-06-27,170103.65,Energy,International,NT60,High,CLEARED,12.044169114870979,60,1,0,12.066666666666666,1.0,15,122929.204,4,2,4,0,12.666666666666666,0.5999999999999996,230751.15,1.383752960769192,1843938.06,0.7672120626060475,60,1,0,16.265446436389034,202304,1.0,32.0
1800000262,C000073,2023-04-28,2023-05-28,184954.89,Energy,Midwest,NT30,High,CLEARED,12.127872643198497,30,1,1,31.375,1.0,8,125821.11375,4,2,4,0,26.0,-5.375,191484.1,1.469982934402375,1006568.91,0.20543417962942986,30,1,0,16.265446436389034,202304,1.0,5.0
1800002959,C000062,2023-04-28,2023-05-28,73109.23,Retail,South,NT30,Medium,CLEARED,11.19972358122688,30,5,3,1.2142857142857142,0.5,14,130629.99071428571,4,2,4,0,0.6666666666666666,-0.5476190476190476,230338.52,0.5596665023111325,1828819.8699999999,0.04054834519023952,30,1,0,16.265446436389034,202304,1.0,2.0
1800001698,C000098,2023-04-28,2023-05-28,162645.89,Manufacturing,West,NT30,High,CLEARED,11.999336810907135,30,4,4,9.80952380952381,0.9523809523809523,21,135268.5057142857,4,2,4,0,4.666666666666667,-5.142857142857143,247663.32,1.2023928936092547,2840638.62,0.180741724328512,30,1,0,16.265446436389034,202304,1.0,19.0
1800004874,C000016,2023-04-29,2023-06-28,64160.56,Manufacturing,West,NT60,High,CLEARED,11.069159556459274,60,4,4,9.846153846153847,0.8461538461538461,13,133037.4723076923,4,2,5,0,6.333333333333333,-3.5128205128205137,224363.65,0.48227434637068184,1729487.14,0.19908382522578563,60,1,0,16.265446436389034,202304,0.0,-2.0
1800001651,C000068,2023-04-29,2023-06-13,249101.62,Manufacturing,Northeast,NT45,High,CLEARED,12.42562021905927,45,4,2,1.7142857142857142,0.6428571428571429,14,117653.55071428571,4,2,5,0,1.6666666666666667,-0.04761904761904745,241014.6,2.1172469380454797,1647149.71,0.18630483486472393,45,1,0,16.265446436389034,202304,0.0,0.0
1800001870,C000079,2023-04-30,2023-06-14,174349.53,Manufacturing,Midwest,NT45,High,CLEARED,12.068823091961523,45,4,1,9.533333333333333,0.8666666666666667,15,124018.474,4,2,6,0,11.0,1.4666666666666668,248963.26,1.4058351500116022,1860277.11,0.11019229944809973,45,1,0,16.265446436389034,202304,1.0,12.0
1800004013,C000171,2023-04-30,2023-06-29,198482.32,Energy,International,NT60,High,CLEARED,12.198460345351945,60,1,0,1.8571428571428572,0.5714285714285714,14,153834.17785714284,4,2,6,0,2.3333333333333335,0.4761904761904763,247678.48,1.290235517001426,2153678.4899999998,1.0821165752173996,60,1,0,16.265446436389034,202304,1.0,2.0
1800003829,C000108,2023-04-30,2023-05-14,124491.12,Retail,Northeast,NT14,High,CLEARED,11.731997699711112,14,5,2,29.958333333333332,0.9583333333333334,24,134202.9775,4,2,6,0,25.333333333333332,-4.625,244068.58,0.9276330698400487,3220871.46,0.10564103722527032,14,1,0,16.265446436389034,202304,1.0,23.0
1800002075,C000120,2023-04-30,2023-05-30,104777.12,Manufacturing,South,NT30,High,CLEARED,11.559600250445833,30,4,3,2.8095238095238093,0.7142857142857143,21,133933.27333333332,4,2,6,0,2.0,-0.8095238095238093,238554.67,0.7823083643989687,2812598.7399999998,0.12435939147632162,30,1,0,16.265446436389034,202304,1.0,3.0
1800003180,C000127,2023-04-30,2023-07-29,192954.47,Retail,International,NT90,High,CLEARED,12.170214715877224,90,5,0,13.4,1.0,15,125689.46133333333,4,2,6,0,15.0,1.5999999999999996,244835.16,1.5351682468292012,1885341.92,0.11529131929774651,90,1,0,16.265446436389034,202304,1.0,14.0
1800002238,C000125,2023-05-01,2023-05-31,114804.46,Logistics,South,NT30,High,CLEARED,11.650994322712226,30,3,3,2.1818181818181817,0.7272727272727273,11,100064.18727272727,5,2,0,0,2.3333333333333335,0.15151515151515182,167788.66,1.1473081741732212,1100706.06,0.17255564323787245,30,0,1,16.47018985531089,202305,1.0,2.0
1800003003,C000032,2023-05-01,2023-07-30,11504.29,Manufacturing,International,NT90,High,CLEARED,9.350562208583776,90,4,0,1.8,0.6,10,108401.072,5,2,0,0,1.0,-0.8,230177.65,0.10612708700888125,1084010.72,0.023996071117856243,90,0,1,16.47018985531089,202305,0.0,0.0
1800001227,C000067,2023-05-02,2023-05-16,96543.78,Manufacturing,West,NT14,High,CLEARED,11.477762221143918,14,4,4,1.65,0.6,20,144528.7525,5,2,1,0,4.333333333333333,2.683333333333333,248221.29,0.6679901288153719,2890575.05,0.05878414452398362,14,0,0,16.47018985531089,202305,0.0,0.0
1800001581,C000105,2023-05-02,2023-05-16,169618.66,Manufacturing,South,NT14,High,CLEARED,12.041313915433077,14,4,3,29.058823529411764,0.9411764705882353,17,115972.84705882352,5,2,1,0,25.0,-4.0588235294117645,242619.81,1.4625721822106028,1971538.4,0.10057458473447539,14,0,0,16.47018985531089,202305,1.0,32.0
1800004959,C000031,2023-05-03,2023-08-01,161267.36,Energy,West,NT90,High,CLEARED,11.990825088641524,90,1,4,0.25,0.625,8,108857.06375,5,2,2,0,0.6666666666666666,0.41666666666666663,246421.28,1.4814597642497958,870856.51,0.3303577162568954,90,0,0,16.47018985531089,202305,0.0,0.0
1800000769,C000126,2023-05-03,2023-06-02,126127.6,Manufacturing,Northeast,NT30,High,CLEARED,11.745057300360555,30,4,2,11.75,0.9166666666666666,12,117508.72416666667,5,2,2,0,8.333333333333334,-3.416666666666666,228114.05,1.0733466888901704,1410104.69,0.1268650347306305,30,0,0,16.47018985531089,202305,1.0,12.0
1800002811,C000165,2023-05-03,2023-07-02,175477.44,Retail,South,NT60,Medium,CLEARED,12.075271465338652,60,5,3,1.5263157894736843,0.47368421052631576,19,123356.96210526314,5,2,2,0,1.6666666666666667,0.14035087719298245,248402.81,1.4225175215506793,2343782.28,0.18047595808260278,60,0,0,16.47018985531089,202305,1.0,2.0
1800000119,C000072,2023-05-03,2023-06-17,217595.81,Construction,West,NT45,High,CLEARED,12.290399133929997,45,0,4,3.0,0.7,10,87976.35500000001,5,2,2,0,2.0,-1.0,229773.41,2.4733442298217514,879763.55,0.7897948482896836,45,0,0,16.47018985531089,202305,1.0,3.0
1800004287,C000149,2023-05-03,2023-05-17,183178.49,Retail,West,NT14,High,CLEARED,12.118221770806361,14,5,4,1.7647058823529411,0.6470588235294118,17,138978.34705882354,5,2,2,0,-1.0,-2.764705882352941,236969.4,1.3180361824455176,2362631.9,0.2617017379364512,14,0,0,16.47018985531089,202305,0.0,0.0
1800003978,C000047,2023-05-04,2023-06-03,197156.85,Construction,South,NT30,High,CLEARED,12.191759955911001,30,0,3,2.2142857142857144,0.8571428571428571,14,123733.57642857144,5,2,3,0,2.0,-0.2142857142857144,248675.38,1.5933981356613751,1732270.07,0.14426134057424247,30,0,0,16.47018985531089,202305,1.0,3.0
1800002083,C000160,2023-05-04,2023-08-02,151802.95,Logistics,International,NT90,High,CLEARED,11.930345164685493,90,3,0,3.2142857142857144,0.8571428571428571,14,105538.40428571428,5,2,3,0,6.0,2.7857142857142856,227006.25,1.4383669246034652,1477537.66,0.08750193359375585,90,0,0,16.47018985531089,202305,0.0,0.0
1800003157,C000023,2023-05-04,2023-06-18,231554.69,Manufacturing,International,NT45,High,CLEARED,12.35257568513321,45,4,0,2.933333333333333,0.8,15,120097.554,5,2,3,0,4.333333333333333,1.4,249683.32,1.9280550043508795,1801463.31,0.12655860072780298,45,0,0,16.47018985531089,202305,1.0,2.0
1800004696,C000109,2023-05-05,2023-08-03,65340.82,Healthcare,West,NT90,High,CLEARED,11.087387539067718,90,2,4,35.0,1.0,19,124467.05736842104,5,2,4,0,28.333333333333332,-6.666666666666668,227537.49,0.524964768843148,2364874.09,0.149609288591574,90,0,0,16.47018985531089,202305,1.0,41.0
1800000339,C000146,2023-05-05,2023-06-04,176678.51,Construction,International,NT30,Medium,CLEARED,12.082092692331022,30,0,0,0.8571428571428571,0.5,14,140435.22928571427,5,2,4,0,1.3333333333333333,0.47619047619047616,236408.5,1.2580782678151867,1966093.21,0.08837609855360651,30,0,0,16.47018985531089,202305,1.0,2.0
1800001636,C000063,2023-05-05,2023-05-19,228256.58,Manufacturing,Midwest,NT14,High,CLEARED,12.33823000710624,14,4,1,7.4,0.9,20,113346.278,5,2,4,0,3.3333333333333335,-4.066666666666666,234352.78,2.0137986357170012,2266925.56,0.425389146234397,14,0,0,16.47018985531089,202305,1.0,11.0
1800002400,C000084,2023-05-06,2023-07-05,106628.15,Logistics,West,NT60,High,CLEARED,11.577112205490254,60,3,4,13.833333333333334,1.0,18,128334.84000000001,5,2,5,0,13.0,-0.8333333333333339,218410.63,0.8308589467988583,2310027.12,0.24846433768844367,60,0,0,16.47018985531089,202305,1.0,5.0
1800001393,C000112,2023-05-07,2023-05-21,35817.72,Logistics,International,NT14,High,CLEARED,10.48622594074953,14,3,0,11.08695652173913,0.8695652173913043,23,169568.52521739132,5,2,6,0,17.0,5.913043478260869,242663.76,0.21122858711002376,3900076.08,0.4796693365316896,14,0,0,16.47018985531089,202305,1.0,5.0
1800002677,C000154,2023-05-07,2023-07-06,41286.98,Manufacturing,South,NT60,High,CLEARED,10.628326695426198,60,4,3,10.647058823529411,1.0,17,139025.8417647059,5,2,6,0,8.333333333333334,-2.3137254901960773,242212.58,0.2969734221776992,2363439.31,0.036831203601354286,60,0,0,16.47018985531089,202305,1.0,11.0
1800001298,C000063,2023-05-08,2023-05-22,248129.07,Manufacturing,Midwest,NT14,High,CLEARED,12.421708363464207,14,4,1,7.571428571428571,0.9047619047619048,21,118818.19714285716,5,2,0,0,4.0,-3.571428571428571,234352.78,2.08830865950331,2495182.14,0.4624244052164233,14,0,1,16.47018985531089,202305,1.0,17.0
1800001909,C000144,2023-05-08,2023-07-07,187491.32,Construction,Midwest,NT60,High,CLEARED,12.141493163553719,60,0,1,1.8333333333333333,0.5555555555555556,18,116951.36333333334,5,2,0,0,-0.3333333333333333,-2.1666666666666665,232345.82,1.6031563434246983,2105124.54,0.18510336077570805,60,0,1,16.47018985531089,202305,0.0,-1.0
1800002588,C000014,2023-05-08,2023-06-22,65306.65,Manufacturing,South,NT45,Medium,CLEARED,11.086864460010773,45,4,3,0.7142857142857143,0.42857142857142855,14,149475.9757142857,5,2,0,0,1.0,0.2857142857142857,247283.58,0.4369039886705922,2092663.66,0.04031674598636577,45,0,1,16.47018985531089,202305,0.0,0.0
1800000304,C000041,2023-05-08,2023-05-22,71161.16,Manufacturing,South,NT14,High,CLEARED,11.17271649545063,14,4,3,21.636363636363637,1.0,11,146142.14363636365,5,2,0,0,17.666666666666668,-3.969696969696969,248153.88,0.4869311358745761,1607563.58,0.0844635419883132,14,0,1,16.47018985531089,202305,1.0,17.0
1800002951,C000001,2023-05-09,2023-05-23,227578.65,Manufacturing,Midwest,NT14,High,CLEARED,12.335255565989085,14,4,1,11.466666666666667,0.9333333333333333,15,129631.18133333333,5,2,1,0,14.333333333333334,2.866666666666667,232262.82,1.7555857137088395,1944467.72,0.7065488507010391,14,0,0,16.47018985531089,202305,1.0,9.0
1800001737,C000111,2023-05-09,2023-05-23,183413.54,Energy,International,NT14,High,CLEARED,12.11950411592371,14,1,0,10.9,0.9,20,134887.57,5,2,1,0,14.333333333333334,3.4333333333333336,244079.76,1.3597512357884423,2697751.4,0.16844652240228924,14,0,0,16.47018985531089,202305,1.0,19.0
1800001387,C000054,2023-05-09,2023-08-07,22585.32,Construction,Midwest,NT90,High,CLEARED,10.025099692251965,90,0,1,1.8823529411764706,0.7058823529411765,17,130541.01999999999,5,2,1,0,1.3333333333333333,-0.5490196078431373,235228.36,0.1730132030529561,2219197.34,0.020884596462096842,90,0,0,16.47018985531089,202305,1.0,4.0
1800004637,C000128,2023-05-10,2023-06-24,185979.12,Retail,Northeast,NT45,High,CLEARED,12.13339506526265,45,5,2,1.0,0.5294117647058824,17,159493.60705882352,5,2,2,0,0.6666666666666666,-0.33333333333333337,236385.24,1.166060028546525,2711391.32,0.1299975070528944,45,0,0,16.47018985531089,202305,0.0,-2.0
1800000600,C000001,2023-05-11,2023-05-25,198929.41,Manufacturing,Midwest,NT14,High,CLEARED,12.200710344055391,14,4,1,11.3125,0.9375,16,135752.898125,5,2,3,0,15.666666666666666,4.354166666666666,232262.82,1.4653787340645035,2172046.37,0.6176033912062305,14,0,0,16.47018985531089,202305,1.0,18.0
1800000416,C000156,2023-05-11,2023-06-10,124883.32,Retail,Northeast,NT30,High,CLEARED,11.735143147800464,30,5,2,12.521739130434783,0.9565217391304348,23,118692.13260869564,5,2,3,0,8.666666666666666,-3.855072463768117,244580.13,1.0521617335136735,2729919.05,1.6289438194977879,30,0,0,16.47018985531089,202305,1.0,19.0
1800002706,C000090,2023-05-11,2023-07-10,43201.24,Logistics,Northeast,NT60,High,CLEARED,10.673647624739793,60,3,2,27.529411764705884,1.0,17,150404.9294117647,5,2,3,0,30.333333333333332,2.803921568627448,249899.17,0.28723287307776757,2556883.8,0.046571326040451444,60,0,0,16.47018985531089,202305,1.0,23.0
1800003786,C000071,2023-05-11,2023-08-09,199726.46,Energy,Midwest,NT90,Medium,CLEARED,12.204709016210176,90,1,1,0.9166666666666666,0.4166666666666667,12,143817.1175,5,2,3,0,2.0,1.0833333333333335,232282.46,1.3887530460343152,1725805.41,0.16461234950772635,90,0,0,16.47018985531089,202305,1.0,3.0
1800001265,C000125,2023-05-11,2023-06-10,247454.16,Logistics,South,NT30,High,CLEARED,12.418984672860132,30,3,3,2.1666666666666665,0.75,12,101292.54333333333,5,2,3,0,2.6666666666666665,0.5,167788.66,2.442965215965387,1215510.52,0.37193338787262625,30,0,0,16.47018985531089,202305,1.0,8.0
1800003338,C000084,2023-05-11,2023-07-10,111308.12,Logistics,West,NT60,High,CLEARED,11.620066474607489,60,3,4,13.368421052631579,1.0,19,127192.38263157895,5,2,3,0,10.0,-3.3684210526315788,218410.63,0.8751162427895642,2416655.27,0.2593695784382062,60,0,0,16.47018985531089,202305,1.0,9.0
1800001785,C000023,2023-05-12,2023-06-26,211098.5,Manufacturing,International,NT45,High,CLEARED,12.260084865287894,45,4,0,2.875,0.8125,16,127063.625,5,2,4,0,1.6666666666666667,-1.2083333333333333,249683.32,1.6613605978894432,2033018.0,0.11537805939382233,45,0,0,16.47018985531089,202305,1.0,1.0
1800003705,C000180,2023-05-12,2023-07-11,98105.68,Manufacturing,Midwest,NT60,High,CLEARED,11.493810737017034,60,4,1,13.055555555555555,0.8888888888888888,18,93468.96722222221,5,2,4,0,15.333333333333334,2.2777777777777786,207582.14,1.0496069756152757,1682441.41,0.057237714723372836,60,0,0,16.47018985531089,202305,0.0,0.0
1800004180,C000101,2023-05-12,2023-05-26,44641.58,Manufacturing,West,NT14,High,CLEARED,10.70644339108401,14,4,4,10.0,0.8571428571428571,14,126599.105,5,2,4,0,8.333333333333334,-1.666666666666666,215579.33,0.3526216081859347,1772387.47,0.11039741663361127,14,0,0,16.47018985531089,202305,1.0,10.0
1800000433,C000185,2023-05-12,2023-06-11,88787.27,Logistics,South,NT30,High,CLEARED,11.394009825660408,30,3,3,12.15,0.9,20,163199.867,5,2,4,0,15.333333333333334,3.1833333333333336,232341.99,0.5440400879738463,3263997.34,0.6998065482594467,30,0,0,16.47018985531089,202305,1.0,16.0
1800002045,C000033,2023-05-12,2023-05-26,206137.11,Energy,Northeast,NT14,High,CLEARED,12.236301660022509,14,1,2,2.761904761904762,0.7619047619047619,21,134013.38190476192,5,2,4,0,2.0,-0.7619047619047619,243987.46,1.5381830312027613,2814281.02,0.11941054274092212,14,0,0,16.47018985531089,202305,1.0,3.0
1800002354,C000045,2023-05-13,2023-08-11,196223.83,Energy,International,NT90,High,CLEARED,12.187016372642237,90,1,0,28.90909090909091,1.0,11,136346.1,5,2,5,0,36.0,7.09090909090909,241835.25,1.4391598292873795,1499807.1,0.2966214894340747,90,0,0,16.47018985531089,202305,1.0,47.0
1800004130,C000063,2023-05-13,2023-05-27,10974.61,Manufacturing,Midwest,NT14,High,CLEARED,9.303430817264417,14,4,1,8.0,0.9090909090909091,22,124695.9640909091,5,2,5,0,8.666666666666666,0.6666666666666661,248129.07,0.08801094790845841,2743311.21,0.020452772832027344,14,0,0,16.47018985531089,202305,1.0,25.0
1800004605,C000200,2023-05-13,2023-06-27,85060.97,Healthcare,Northeast,NT45,Medium,CLEARED,11.3511353286617,45,2,2,0.8,0.4666666666666667,15,115646.06733333334,5,2,5,0,-0.6666666666666666,-1.4666666666666668,246386.59,0.7355284270482269,1734691.01,0.04468467556579552,45,0,0,16.47018985531089,202305,1.0,3.0
1800004855,C000134,2023-05-13,2023-08-11,171382.5,Construction,West,NT90,Medium,CLEARED,12.051659014467603,90,0,4,1.1333333333333333,0.4666666666666667,15,104347.55133333334,5,2,5,0,0.0,-1.1333333333333333,200176.06,1.6424199495829728,1565213.27,0.10765606909114715,90,0,0,16.47018985531089,202305,1.0,2.0
1800003882,C000059,2023-05-13,2023-05-27,6901.42,Retail,South,NT14,High,CLEARED,8.839627353733523,14,5,3,16.58823529411765,1.0,17,96182.5305882353,5,2,5,0,13.666666666666666,-2.9215686274509824,196183.19,0.07175336267191286,1635103.02,0.005340122549476095,14,0,0,16.47018985531089,202305,1.0,22.0
1800003389,C000086,2023-05-13,2023-05-27,206925.52,Manufacturing,West,NT14,High,CLEARED,12.240119033383257,14,4,4,0.75,0.625,8,103686.48375,5,2,5,0,2.6666666666666665,1.9166666666666665,216958.3,1.9956846111101727,829491.87,0.12788856701148152,14,0,0,16.47018985531089,202305,1.0,2.0
1800002963,C000069,2023-05-14,2023-06-28,47759.57,Retail,South,NT45,High,CLEARED,10.773955682668634,45,5,3,1.6842105263157894,0.7368421052631579,19,139956.04842105263,5,2,6,0,2.6666666666666665,0.9824561403508771,243662.1,0.34124691672000546,2659164.92,0.03671301370211037,45,0,0,16.47018985531089,202305,0.0,0.0
1800001448,C000068,2023-05-14,2023-06-28,182759.64,Manufacturing,Northeast,NT45,High,CLEARED,12.11593259753144,45,4,2,1.6,0.6,15,126416.75533333333,5,2,6,0,1.0,-0.6000000000000001,249101.62,1.4456915898379357,1896251.33,0.13668720641052595,45,0,0,16.47018985531089,202305,1.0,6.0
1800004093,C000109,2023-05-14,2023-08-12,97445.25,Healthcare,West,NT90,High,CLEARED,11.487056222922837,90,2,4,35.3,1.0,20,121510.7455,5,2,6,0,33.333333333333336,-1.9666666666666615,227537.49,0.8019475940092886,2430214.91,0.22311802222757648,90,0,0,16.47018985531089,202305,1.0,34.0
1800004497,C000024,2023-05-14,2023-06-28,29814.93,Construction,International,NT45,High,CLEARED,10.302798093423577,45,0,0,24.35,1.0,20,156031.423,5,2,6,0,24.666666666666668,0.31666666666666643,249295.78,0.19108285643206624,3120628.46,0.0856660838830816,45,0,0,16.47018985531089,202305,0.0,-5.0
1800002114,C000154,2023-05-15,2023-07-14,116605.06,Manufacturing,South,NT60,High,CLEARED,11.666556524103749,60,4,3,10.666666666666666,1.0,18,133595.905,5,2,0,0,9.666666666666666,-1.0,242212.58,0.8728191182207269,2404726.29,0.10402080040264829,60,0,1,16.47018985531089,202305,1.0,16.0
1800002126,C000003,2023-05-15,2023-06-14,43457.56,Construction,International,NT30,High,CLEARED,10.679563119345236,30,0,0,2.2,0.6,15,122900.482,5,2,0,0,-0.3333333333333333,-2.5333333333333337,245302.17,0.35359958962569404,1843507.23,0.03797317519014981,30,0,1,16.47018985531089,202305,0.0,0.0
1800001411,C000085,2023-05-15,2023-07-14,132543.34,Manufacturing,West,NT60,High,CLEARED,11.794672509937866,60,4,4,14.38888888888889,1.0,18,110194.3538888889,5,2,0,0,10.666666666666666,-3.722222222222223,247874.28,1.2028142579214722,1983498.37,0.09970814099841277,60,0,1,16.47018985531089,202305,1.0,19.0
1800003353,C000100,2023-05-15,2023-08-13,119673.95,Energy,International,NT90,High,CLEARED,11.69253459646242,90,1,0,28.5,0.9285714285714286,14,93207.73571428572,5,2,0,0,19.0,-9.5,196637.07,1.283948688195178,1304908.3,0.09938121024348208,90,0,1,16.47018985531089,202305,1.0,27.0
1800000222,C000165,2023-05-15,2023-07-14,224073.31,Retail,South,NT60,Medium,CLEARED,12.319733016894704,60,5,3,1.55,0.5,20,125962.98599999999,5,2,0,0,1.0,-0.55,248402.81,1.7788821709895002,2519259.7199999997,0.23045609340431486,60,0,1,16.47018985531089,202305,1.0,3.0
1800002867,C000047,2023-05-16,2023-06-15,212376.29,Construction,South,NT30,High,CLEARED,12.266119641729519,30,0,3,2.2666666666666666,0.8666666666666667,15,128628.46133333333,5,2,1,0,2.0,-0.2666666666666666,248675.38,1.6510831879551056,1929426.92,0.15539753400190806,30,0,0,16.47018985531089,202305,0.0,-2.0
1800000977,C000183,2023-05-16,2023-05-30,203476.15,Logistics,International,NT14,High,CLEARED,12.223308992548068,14,3,0,11.058823529411764,0.9411764705882353,17,130511.37529411764,5,2,1,0,10.666666666666666,-0.3921568627450984,212402.49,1.5590683152441733,2218693.38,0.12154826313904805,14,0,0,16.47018985531089,202305,1.0,8.0
1800000957,C000061,2023-05-17,2023-06-16,9422.12,Energy,International,NT30,High,CLEARED,9.150921522923504,30,1,0,1.0,0.5263157894736842,19,127712.22157894737,5,2,2,0,2.3333333333333335,1.3333333333333335,247291.55,0.07377618119480887,2426532.21,0.007945164391427513,30,0,0,16.47018985531089,202305,1.0,5.0
1800003158,C000158,2023-05-17,2023-07-01,39523.98,Logistics,International,NT45,High,CLEARED,10.58468815606869,45,3,0,1.96,0.64,25,138200.6796,5,2,2,0,1.3333333333333333,-0.6266666666666667,246168.57,0.2859897658564047,3455016.99,0.045947101262944906,45,0,0,16.47018985531089,202305,1.0,1.0
1800001884,C000052,2023-05-17,2023-05-31,129302.16,Construction,South,NT14,High,CLEARED,11.76991500374979,14,0,3,27.526315789473685,0.9473684210526315,19,146178.47157894736,5,2,2,0,33.333333333333336,5.807017543859651,225022.07,0.8845499518728182,2777390.96,0.1247518187001396,14,0,0,16.47018985531089,202305,1.0,31.0
1800004041,C000016,2023-05-18,2023-07-17,10367.68,Manufacturing,West,NT60,High,CLEARED,9.246545002861113,60,4,4,9.0,0.7857142857142857,14,128117.69285714286,5,2,3,0,2.0,-7.0,224363.65,0.08092309320275103,1793647.7,0.03216987808580339,60,0,0,16.47018985531089,202305,1.0,17.0
1800004011,C000188,2023-05-18,2023-07-02,35195.02,Construction,International,NT45,High,CLEARED,10.468688287011682,45,0,0,1.8823529411764706,0.6470588235294118,17,122415.84411764707,5,2,3,0,-0.3333333333333333,-2.215686274509804,242705.68,0.287503797026274,2081069.35,0.021082163899867088,45,0,0,16.47018985531089,202305,0.0,0.0
1800000592,C000097,2023-05-18,2023-07-17,19309.41,Construction,West,NT60,High,CLEARED,9.868399607719162,60,0,4,1.411764705882353,0.6470588235294118,17,124950.23000000001,5,2,3,0,1.6666666666666667,0.2549019607843137,239393.29,0.15453681037641945,2124153.91,0.01302457716350739,60,0,0,16.47018985531089,202305,0.0,-1.0
1800004673,C000004,2023-05-19,2023-08-17,38467.69,Manufacturing,West,NT90,High,CLEARED,10.557599942658094,90,4,4,7.642857142857143,0.8571428571428571,14,130485.06071428572,5,2,4,0,8.666666666666666,1.0238095238095228,240848.93,0.294805319393843,1826790.85,0.03208132268853325,90,0,0,16.47018985531089,202305,0.0,0.0
1800004266,C000197,2023-05-19,2023-06-18,41486.8,Healthcare,West,NT30,High,CLEARED,10.63315468709579,30,2,4,27.4,0.95,20,109296.35449999999,5,2,4,0,37.333333333333336,9.933333333333337,244520.22,0.3795808212432191,2185927.09,0.03056234642276903,30,0,0,16.47018985531089,202305,1.0,4.0
1800000560,C000128,2023-05-19,2023-07-03,25106.1,Retail,Northeast,NT45,High,CLEARED,10.130905953646012,45,5,2,0.8947368421052632,0.5263157894736842,19,157421.1457894737,5,2,4,0,0.3333333333333333,-0.5614035087719298,236385.24,0.15948365687526822,2991001.77,0.017548907704373867,45,0,0,16.47018985531089,202305,1.0,3.0
1800000453,C000128,2023-05-19,2023-07-03,93631.33,Retail,Northeast,NT45,Medium,CLEARED,11.447131008809675,45,5,2,0.8333333333333334,0.5,18,160965.02444444445,5,2,4,0,0.0,-0.8333333333333334,236385.24,0.5816874213709449,2897370.44,0.06544734420749428,45,0,0,16.47018985531089,202305,1.0,2.0
1800003114,C000046,2023-05-19,2023-07-18,132021.81,Construction,International,NT60,High,CLEARED,11.790729989670087,60,0,0,1.736842105263158,0.5263157894736842,19,135672.68157894738,5,2,4,0,0.6666666666666666,-1.0701754385964914,237671.75,0.9730905917355002,2577780.95,0.82044347835922,60,0,0,16.47018985531089,202305,1.0,4.0
1800003555,C000143,2023-05-19,2023-08-17,171687.83,Healthcare,Midwest,NT90,High,CLEARED,12.053438989440314,90,2,1,1.6428571428571428,0.6428571428571429,14,131289.065,5,2,4,0,1.6666666666666667,0.023809523809523947,248806.66,1.3077085285054013,1838046.9100000001,0.17810660688112456,90,0,0,16.47018985531089,202305,1.0,3.0
1800000960,C000194,2023-05-20,2023-08-18,167385.67,Construction,Midwest,NT90,High,CLEARED,12.028061804237275,90,0,1,10.333333333333334,0.9523809523809523,21,143781.7119047619,5,2,5,0,8.666666666666666,-1.6666666666666679,240865.52,1.1641652320211133,3019415.95,0.12749093407778167,90,0,0,16.47018985531089,202305,0.0,-1.0
1800004528,C000143,2023-05-20,2023-08-18,145897.74,Healthcare,Midwest,NT90,High,CLEARED,11.890668098421495,90,2,1,1.7333333333333334,0.6666666666666666,15,133982.316,5,2,5,0,2.3333333333333335,0.6000000000000001,248806.66,1.0889328111032206,2009734.74,0.15135232021410325,90,0,0,16.47018985531089,202305,0.0,0.0
1800003731,C000069,2023-05-20,2023-07-04,99172.81,Retail,South,NT45,High,CLEARED,11.504629246318862,45,5,3,1.6,0.7,20,135346.2245,5,2,5,0,1.3333333333333333,-0.26666666666666683,243662.1,0.73273421823451,2706924.49,0.07623462130012452,45,0,0,16.47018985531089,202305,1.0,9.0
1800003655,C000006,2023-05-20,2023-07-04,197405.9,Energy,South,NT45,High,CLEARED,12.193022359777922,45,1,3,1.2,0.5333333333333333,15,145824.11333333334,5,2,5,0,-0.6666666666666666,-1.8666666666666667,249161.14,1.3537260435711203,2187361.7,0.8273614417419369,45,0,0,16.47018985531089,202305,0.0,0.0
1800002735,C000074,2023-05-21,2023-08-19,219152.15,Retail,Northeast,NT90,High,CLEARED,12.297526079460287,90,5,2,1.9130434782608696,0.5652173913043478,23,106913.63739130435,5,2,6,0,4.333333333333333,2.4202898550724634,241463.48,2.049805388230336,2459013.66,1.1754004166181056,90,0,0,16.47018985531089,202305,1.0,2.0
1800004319,C000115,2023-05-22,2023-08-20,22812.06,Healthcare,International,NT90,High,CLEARED,10.035088457968756,90,2,0,8.666666666666666,0.8888888888888888,9,149179.0111111111,5,2,0,0,9.666666666666666,1.0,246733.75,0.15291735633647005,1342611.0999999999,0.025364481142616392,90,0,1,16.47018985531089,202305,1.0,10.0
1800003648,C000199,2023-05-22,2023-06-05,116883.74,Construction,West,NT14,High,CLEARED,11.668943600017057,14,0,4,25.636363636363637,0.9090909090909091,11,143271.92454545453,5,2,0,0,23.0,-2.6363636363636367,240816.02,0.8158174769469045,1575991.17,0.062134079564842314,14,0,1,16.47018985531089,202305,1.0,22.0
1800004766,C000140,2023-05-22,2023-07-21,23472.33,Logistics,South,NT60,High,CLEARED,10.06362016203581,60,3,3,10.75,0.875,8,100490.83,5,2,0,0,6.333333333333333,-4.416666666666667,239050.62,0.23357683482164493,803926.64,0.012676600541705349,60,0,1,16.47018985531089,202305,1.0,1.0
1800001471,C000194,2023-05-22,2023-08-20,8309.71,Construction,Midwest,NT90,High,CLEARED,9.025300323429613,90,0,1,9.818181818181818,0.9090909090909091,22,144854.6190909091,5,2,0,0,4.333333333333333,-5.484848484848485,240865.52,0.057365861386753016,3186801.62,0.0063291719644548,90,0,1,16.47018985531089,202305,1.0,6.0
1800000344,C000189,2023-05-22,2023-07-21,208905.81,Logistics,Midwest,NT60,High,CLEARED,12.249643546343133,60,3,1,2.0,0.6363636363636364,11,98962.44454545456,5,2,0,0,2.6666666666666665,0.6666666666666665,189055.69,2.1109604856622877,1088586.8900000001,0.1290933815095528,60,0,1,16.47018985531089,202305,1.0,1.0
1800000711,C000020,2023-05-23,2023-06-06,50664.54,Healthcare,West,NT14,High,CLEARED,10.833001274070956,14,2,4,1.8333333333333333,0.6111111111111112,18,125390.81944444444,5,2,1,0,1.6666666666666667,-0.16666666666666652,237488.72,0.4040530257675475,2257034.75,0.025428431555333385,14,0,0,16.47018985531089,202305,0.0,0.0
1800000248,C000020,2023-05-23,2023-06-06,181209.68,Healthcare,West,NT14,High,CLEARED,12.10741561125145,14,2,4,1.8823529411764706,0.5882352941176471,17,122107.35705882353,5,2,1,0,2.0,0.11764705882352944,237488.72,1.484019344655087,2075825.07,0.09094877689689602,14,0,0,16.47018985531089,202305,1.0,1.0
1800003972,C000048,2023-05-23,2023-06-06,77624.99,Manufacturing,International,NT14,Medium,CLEARED,11.259657572777641,14,4,0,1.8571428571428572,0.5,14,135506.71214285714,5,2,1,0,2.0,0.1428571428571428,231878.41,0.5728497782321242,1897093.97,0.06418936348413212,14,0,0,16.47018985531089,202305,1.0,7.0
1800004361,C000002,2023-05-23,2023-08-21,61942.82,Construction,South,NT90,High,CLEARED,11.033983124211892,90,0,3,2.6153846153846154,0.6923076923076923,13,123938.66230769231,5,2,1,0,0.6666666666666666,-1.948717948717949,226364.41,0.49978609456199924,1611202.61,0.5531783444734962,90,0,0,16.47018985531089,202305,1.0,3.0
1800000414,C000118,2023-05-24,2023-07-08,243457.17,Healthcare,Northeast,NT45,High,CLEARED,12.40270042030016,45,2,2,1.0769230769230769,0.5384615384615384,13,124325.33,5,2,2,0,1.3333333333333333,0.2564102564102564,247050.57,1.9582266139973248,1616229.29,0.3281497798354374,45,0,0,16.47018985531089,202305,0.0,0.0
1800002502,C000177,2023-05-24,2023-08-22,20039.13,Manufacturing,Northeast,NT90,High,CLEARED,9.905492042203708,90,4,2,3.111111111111111,0.7777777777777778,9,111482.20222222221,5,2,2,0,0.3333333333333333,-2.7777777777777777,183510.23,0.1797518312389914,1003339.82,0.015487219038810484,90,0,0,16.47018985531089,202305,0.0,-1.0
1800002252,C000036,2023-05-24,2023-06-23,233891.76,Energy,South,NT30,High,CLEARED,12.362617998694315,30,1,3,9.277777777777779,0.8888888888888888,18,136946.76666666666,5,2,2,0,14.0,4.722222222222221,248636.81,1.7079027544279373,2465041.8,0.26263748234363216,30,0,0,16.47018985531089,202305,1.0,22.0
1800000547,C000105,2023-05-24,2023-06-07,121578.53,Manufacturing,South,NT14,High,CLEARED,11.708323895527846,14,4,3,29.22222222222222,0.9444444444444444,18,118953.17,5,2,2,0,37.333333333333336,8.111111111111114,242619.81,1.0220705341438148,2141157.06,0.07208941614901308,14,0,0,16.47018985531089,202305,1.0,8.0
1800004495,C000087,2023-05-25,2023-07-24,139725.9,Construction,South,NT60,High,CLEARED,11.847445082184647,60,0,3,9.0,0.7692307692307693,13,138823.11307692307,5,2,3,0,13.333333333333334,4.333333333333334,236206.27,1.0065031456438862,1804700.47,0.07597653359500811,60,1,0,16.47018985531089,202305,1.0,5.0
1800002132,C000026,2023-05-25,2023-07-09,203926.11,Manufacturing,Midwest,NT45,High,CLEARED,12.22551790505653,45,4,1,1.9523809523809523,0.6666666666666666,21,119442.26,5,2,3,0,2.6666666666666665,0.7142857142857142,236806.85,1.7073195868865843,2508287.46,0.39239227060416687,45,1,0,16.47018985531089,202305,1.0,3.0
1800001262,C000010,2023-05-25,2023-07-09,11361.02,Manufacturing,South,NT45,High,CLEARED,9.338031493369,45,4,3,12.75,0.9,20,122294.979,5,2,3,0,13.333333333333334,0.5833333333333339,241660.56,0.09289849912807949,2445899.58,0.014358389160672556,45,1,0,16.47018985531089,202305,0.0,0.0
1800002025,C000074,2023-05-26,2023-08-24,22922.29,Retail,Northeast,NT90,High,CLEARED,10.039908703284818,90,5,2,1.9166666666666667,0.5833333333333334,24,111590.24208333333,5,2,4,0,3.0,1.0833333333333333,241463.48,0.20541482455860344,2678165.81,0.12294138668427865,90,1,0,16.47018985531089,202305,0.0,0.0
1800000323,C000063,2023-05-26,2023-06-09,113330.87,Manufacturing,Midwest,NT14,High,CLEARED,11.638075696076172,14,4,1,8.73913043478261,0.9130434782608695,23,119751.55739130433,5,2,4,0,17.666666666666668,8.927536231884059,248129.07,0.9463832660620531,2754285.82,0.21120846562802895,14,1,0,16.47018985531089,202305,1.0,9.0
1800001067,C000070,2023-05-26,2023-08-24,7539.21,Energy,Midwest,NT90,Medium,CLEARED,8.928005312073044,90,1,1,1.1578947368421053,0.3684210526315789,19,146814.86157894737,5,2,4,0,1.3333333333333333,0.17543859649122795,248201.18,0.05135181764923648,2789482.37,0.004283094734087673,90,1,0,16.47018985531089,202305,1.0,4.0
1800003824,C000105,2023-05-26,2023-06-09,215641.59,Manufacturing,South,NT14,High,CLEARED,12.281377640252149,14,4,3,28.105263157894736,0.9473684210526315,19,119091.34684210525,5,2,4,0,27.666666666666668,-0.43859649122806843,242619.81,1.810724252584899,2262735.59,0.12786366409056646,14,1,0,16.47018985531089,202305,1.0,30.0
1800003974,C000092,2023-05-26,2023-07-10,208728.32,Retail,Northeast,NT45,High,CLEARED,12.248793571937492,45,5,2,1.875,0.5416666666666666,24,135338.20125,5,2,4,0,4.0,2.125,244604.99,1.542272012426351,3248116.83,0.3099463724459511,45,1,0,16.47018985531089,202305,1.0,3.0
1800001122,C000177,2023-05-27,2023-08-25,110175.28,Manufacturing,Northeast,NT90,High,CLEARED,11.609836907523345,90,4,2,2.7,0.7,10,102337.89499999999,5,2,5,0,-1.0,-3.7,183510.23,1.0765834102802292,1023378.95,0.0851488409937096,90,1,0,16.47018985531089,202305,0.0,0.0
1800001425,C000054,2023-05-27,2023-08-25,66284.13,Construction,Midwest,NT90,High,CLEARED,11.101720867459058,90,0,1,2.0,0.7222222222222222,18,124543.48111111112,5,2,5,0,2.3333333333333335,0.3333333333333335,235228.36,0.5322167760901496,2241782.66,0.061292791374714516,90,1,0,16.47018985531089,202305,0.0,-1.0
1800002401,C000141,2023-05-27,2023-08-25,26877.78,Healthcare,Northeast,NT90,High,CLEARED,10.199092406702308,90,2,2,13.285714285714286,0.9285714285714286,14,138198.16857142857,5,2,5,0,12.0,-1.2857142857142865,217062.14,0.19448723726109332,1934774.36,0.024172912331131786,90,1,0,16.47018985531089,202305,1.0,6.0
1800003417,C000144,2023-05-27,2023-07-26,178445.96,Construction,Midwest,NT60,High,CLEARED,12.092046693189001,60,0,1,1.6842105263157894,0.5263157894736842,19,120663.99263157893,5,2,5,0,-0.6666666666666666,-2.350877192982456,232345.82,1.4788666950947467,2292615.86,0.17617320584679633,60,1,0,16.47018985531089,202305,0.0,-1.0
1800003183,C000046,2023-05-27,2023-07-26,217089.94,Construction,International,NT60,High,CLEARED,12.288071623074808,60,0,0,1.85,0.55,20,135490.13799999998,5,2,5,0,1.0,-0.8500000000000001,237671.75,1.6022563944838557,2709802.76,1.3490954675624762,60,1,0,16.47018985531089,202305,1.0,5.0
1800004689,C000165,2023-05-28,2023-07-27,62151.07,Retail,South,NT60,High,CLEARED,11.0373394029007,60,5,3,1.619047619047619,0.5238095238095238,21,130634.90619047618,5,2,6,0,2.6666666666666665,1.0476190476190474,248402.81,0.47576158480474395,2743333.03,0.06392145853113033,60,1,0,16.47018985531089,202305,1.0,1.0
1800002645,C000067,2023-05-28,2023-06-11,71533.4,Manufacturing,West,NT14,High,CLEARED,11.177933731862638,14,4,4,1.5714285714285714,0.5714285714285714,21,142243.75380952383,5,2,6,0,1.0,-0.5714285714285714,248221.29,0.5028930837679463,2987118.83,0.04355567726778389,14,1,0,16.47018985531089,202305,1.0,1.0
1800000660,C000028,2023-05-28,2023-08-26,180510.22,Manufacturing,Northeast,NT90,High,CLEARED,12.103548215487999,90,4,2,28.3,0.95,20,105722.72050000001,5,2,6,0,38.666666666666664,10.366666666666664,233324.46,1.7073928777684073,2114454.41,0.18479740144314402,90,1,0,16.47018985531089,202305,1.0,35.0
1800003230,C000018,2023-05-28,2023-07-12,247549.64,Manufacturing,Northeast,NT45,High,CLEARED,12.419370446122523,45,4,2,11.444444444444445,0.8888888888888888,18,145513.84666666665,5,2,6,0,17.0,5.555555555555555,249207.47,1.70121019869037,2619249.2399999998,0.24452827794115248,45,1,0,16.47018985531089,202305,1.0,12.0
1800002290,C000018,2023-05-28,2023-07-12,72196.07,Manufacturing,Northeast,NT45,High,CLEARED,11.187154742340006,45,4,2,10.882352941176471,0.8823529411764706,17,149826.65705882353,5,2,6,0,15.0,4.117647058823529,249207.47,0.48186398480248455,2547053.17,0.07131491151115753,45,1,0,16.47018985531089,202305,1.0,21.0
1800002637,C000117,2023-05-29,2023-07-28,147672.97,Construction,International,NT60,High,CLEARED,11.902762217375422,60,0,0,1.6363636363636365,0.6363636363636364,11,151638.4509090909,5,2,0,0,1.0,-0.6363636363636365,249320.04,0.9738491069691272,1668022.96,0.18715781523607608,60,1,1,16.47018985531089,202305,1.0,3.0
1800001888,C000001,2023-05-29,2023-06-12,34776.81,Manufacturing,Midwest,NT14,High,CLEARED,10.456734818703213,14,4,1,11.705882352941176,0.9411764705882353,17,139469.16352941174,5,2,0,0,12.666666666666666,0.9607843137254903,232262.82,0.24935124811776865,2370975.78,0.10796933339989671,14,1,1,16.47018985531089,202305,1.0,14.0
1800004951,C000108,2023-05-29,2023-06-12,237773.1,Retail,Northeast,NT14,High,CLEARED,12.379076342252475,14,5,2,29.68,0.96,25,133814.5032,5,2,0,0,25.333333333333332,-4.346666666666668,244068.58,1.7768858704696815,3345362.58,0.2017701897795435,14,1,1,16.47018985531089,202305,1.0,28.0
1800004057,C000002,2023-05-29,2023-08-27,69830.22,Construction,South,NT90,High,CLEARED,11.153836466688468,90,0,3,2.642857142857143,0.7142857142857143,14,119510.38785714285,5,2,0,0,1.6666666666666667,-0.976190476190476,226364.41,0.5843025133804418,1673145.43,0.6236165142920523,90,1,1,16.47018985531089,202305,1.0,1.0
1800002490,C000150,2023-05-29,2023-06-28,34442.15,Healthcare,Midwest,NT30,High,CLEARED,10.447065417773779,30,2,1,10.6875,1.0,16,142621.16625,5,2,0,0,12.333333333333334,1.645833333333334,244467.95,0.2414939584747646,2281938.66,0.0338942631331013,30,1,1,16.47018985531089,202305,1.0,19.0
1800000680,C000140,2023-05-29,2023-07-28,245059.97,Logistics,South,NT60,High,CLEARED,12.409262315709919,60,3,3,9.666666666666666,0.8888888888888888,9,91933.21888888889,5,2,0,0,7.0,-2.666666666666666,239050.62,2.665630258157077,827398.97,0.13234848642858618,60,1,1,16.47018985531089,202305,1.0,17.0
1800000586,C000084,2023-05-29,2023-07-28,191200.33,Logistics,West,NT60,High,CLEARED,12.16108223564219,60,3,4,13.15,1.0,20,126398.1695,5,2,0,0,5.333333333333333,-7.816666666666667,218410.63,1.5126827449823155,2527963.39,0.44553397352633306,60,1,1,16.47018985531089,202305,1.0,20.0
1800001461,C000031,2023-05-30,2023-08-28,41794.33,Energy,West,NT90,High,CLEARED,10.640539889783387,90,1,4,0.2222222222222222,0.5555555555555556,9,114680.43,5,2,1,0,0.3333333333333333,0.1111111111111111,246421.28,0.3644416924491825,1032123.87,0.08561608134024798,90,1,0,16.47018985531089,202305,1.0,2.0
1800002950,C000150,2023-05-30,2023-06-29,191370.04,Healthcare,Midwest,NT30,High,CLEARED,12.16196944038796,30,2,1,11.176470588235293,1.0,17,136257.69470588234,5,2,1,0,15.666666666666666,4.490196078431373,244467.95,1.4044714349019323,2316380.81,0.18832583016890994,30,1,0,16.47018985531089,202305,1.0,10.0
1800002641,C000075,2023-05-30,2023-07-14,34336.89,Retail,International,NT45,High,CLEARED,10.44400468818395,45,5,0,13.2,1.0,20,139003.34,5,2,1,0,13.0,-0.1999999999999993,248242.1,0.24702204997376323,2780066.8,0.020155135816478438,45,1,0,16.47018985531089,202305,1.0,10.0
1800004906,C000154,2023-05-30,2023-07-29,164697.45,Manufacturing,South,NT60,High,CLEARED,12.011871505071053,60,4,3,10.947368421052632,1.0,19,132701.65,5,2,1,0,11.666666666666666,0.7192982456140342,242212.58,1.241110792518405,2521331.35,0.14692296006086827,60,1,0,16.47018985531089,202305,1.0,11.0
1800000705,C000177,2023-05-31,2023-08-29,2290.18,Manufacturing,Northeast,NT90,High,CLEARED,7.7368222476779485,90,4,2,2.4545454545454546,0.6363636363636364,11,103050.38454545454,5,2,2,0,0.0,-2.4545454545454546,183510.23,0.022223886015581274,1133554.23,0.001769963032242567,90,1,0,16.47018985531089,202305,1.0,1.0
1800002322,C000142,2023-05-31,2023-07-15,138479.02,Energy,Northeast,NT45,High,CLEARED,11.838481334275269,45,1,2,11.823529411764707,0.9411764705882353,17,134686.61000000002,5,2,2,0,11.0,-0.8235294117647065,245566.0,1.028157290468592,2289672.37,0.3707113575113377,45,1,0,16.47018985531089,202305,1.0,14.0
1800002197,C000155,2023-05-31,2023-07-30,124845.96,Energy,West,NT60,High,CLEARED,11.73484394619241,60,1,4,27.647058823529413,0.9411764705882353,17,107023.32176470588,5,2,2,0,31.0,3.352941176470587,249366.55,1.1665304154404565,1819396.47,0.06410127016066229,60,1,0,16.47018985531089,202305,1.0,52.0
1800003799,C000072,2023-05-31,2023-07-15,182015.96,Construction,West,NT45,High,CLEARED,12.111855148530498,45,0,4,3.0,0.7272727272727273,11,99759.9418181818,5,2,2,0,1.0,-2.0,229773.41,1.8245395564858535,1097359.3599999999,0.6606527373596998,45,1,0,16.47018985531089,202305,1.0,1.0
1800001294,C000198,2023-05-31,2023-08-29,170145.53,Construction,West,NT90,High,CLEARED,12.044415285950894,90,0,4,9.9375,0.9375,16,165417.189375,5,2,2,0,4.666666666666667,-5.270833333333333,249539.5,1.0285843366270775,2646675.03,0.11599236643146854,90,1,0,16.47018985531089,202305,1.0,4.0
1800004222,C000015,2023-06-01,2023-06-15,242424.08,Construction,Northeast,NT14,High,CLEARED,12.398447993171661,14,0,2,1.6666666666666667,0.6666666666666666,15,127106.76666666666,6,2,3,1,0.3333333333333333,-1.3333333333333335,234147.69,1.9072476340756053,1906601.5,0.3653045370551154,14,0,0,15.589633756749734,202306,0.0,-1.0
1800001194,C000102,2023-06-02,2023-07-17,153912.63,Healthcare,Northeast,NT45,High,CLEARED,11.94414687990801,45,2,2,2.0,0.7058823529411765,17,74327.8411764706,6,2,4,1,-0.6666666666666666,-2.6666666666666665,242216.98,2.070726494458216,1263573.3,0.21735201755811648,45,0,0,15.589633756749734,202306,1.0,5.0
1800004567,C000144,2023-06-02,2023-08-01,115454.4,Construction,Midwest,NT60,Medium,CLEARED,11.656639587183815,60,0,1,1.55,0.5,20,123553.09099999999,6,2,4,1,-1.3333333333333333,-2.8833333333333333,232345.82,0.9344517329801163,2471061.82,0.1139839297965522,60,0,0,15.589633756749734,202306,1.0,3.0
1800004592,C000093,2023-06-02,2023-07-02,185772.23,Manufacturing,Northeast,NT30,High,CLEARED,12.132282015325861,30,4,2,2.210526315789474,0.7368421052631579,19,138520.9,6,2,4,1,1.0,-1.210526315789474,245348.3,1.3411133626766794,2631897.1,0.13239163911474394,30,0,0,15.589633756749734,202306,0.0,0.0
1800004451,C000152,2023-06-03,2023-06-17,64000.11,Construction,West,NT14,High,CLEARED,11.066655705941407,14,0,4,1.9090909090909092,0.5909090909090909,22,118671.07272727274,6,2,5,1,3.3333333333333335,1.4242424242424243,241179.08,0.5393067453522027,2610763.6,0.04803234522588391,14,0,0,15.589633756749734,202306,0.0,0.0
1800004591,C000191,2023-06-03,2023-09-01,87870.32,Energy,Midwest,NT90,High,CLEARED,11.383628750568931,90,1,1,24.217391304347824,0.9565217391304348,23,128701.28086956522,6,2,5,1,21.333333333333332,-2.8840579710144922,227148.41,0.6827462742119395,2960129.46,1.139081515005306,90,0,0,15.589633756749734,202306,1.0,33.0
1800003563,C000016,2023-06-03,2023-08-02,143174.43,Manufacturing,West,NT60,High,CLEARED,11.871825940575166,60,4,4,9.533333333333333,0.8,15,120267.692,6,2,5,1,7.666666666666667,-1.8666666666666663,224363.65,1.1904646012496856,1804015.38,0.4442559915144363,60,0,0,15.589633756749734,202306,1.0,14.0
1800000326,C000173,2023-06-03,2023-06-17,125999.77,Manufacturing,West,NT14,High,CLEARED,11.744043297026053,14,4,4,2.0588235294117645,0.7058823529411765,17,91854.44411764706,6,2,5,1,-0.6666666666666666,-2.725490196078431,198123.83,1.3717329761270958,1561525.55,0.1987507044226813,14,0,0,15.589633756749734,202306,1.0,2.0
1800001973,C000029,2023-06-03,2023-07-18,226725.1,Construction,International,NT45,High,CLEARED,12.331497959996579,45,0,0,2.3125,0.6875,16,118943.893125,6,2,5,1,2.3333333333333335,0.02083333333333348,230369.45,1.9061516656574462,1903102.29,0.11744325263416333,45,0,0,15.589633756749734,202306,1.0,7.0
1800003889,C000191,2023-06-03,2023-09-01,33346.91,Energy,Midwest,NT90,High,CLEARED,10.41475038071434,90,1,1,24.90909090909091,0.9545454545454546,22,133035.57045454544,6,2,5,1,34.333333333333336,9.424242424242426,227148.41,0.2506616079148074,2926782.55,0.4322830366788875,90,0,0,15.589633756749734,202306,1.0,9.0
1800000363,C000065,2023-06-04,2023-07-04,166428.45,Healthcare,Northeast,NT30,High,CLEARED,12.022326774882648,30,2,2,24.375,0.875,16,134982.679375,6,2,6,1,14.333333333333334,-10.041666666666666,249901.83,1.2329615234384215,2159722.87,0.4163279056440036,30,0,0,15.589633756749734,202306,1.0,14.0
1800003667,C000119,2023-06-04,2023-07-19,162713.4,Logistics,International,NT45,High,CLEARED,11.99975179574426,45,3,0,3.15,0.8,20,111754.9605,6,2,6,1,1.6666666666666667,-1.4833333333333332,241704.97,1.4559836921064455,2235099.21,0.1435125033901706,45,0,0,15.589633756749734,202306,1.0,5.0
1800000203,C000082,2023-06-04,2023-06-18,156505.92,Logistics,Northeast,NT14,High,CLEARED,11.960855505237188,14,3,2,12.470588235294118,0.9411764705882353,17,118588.60588235295,6,2,6,1,14.0,1.5294117647058822,237416.81,1.3197382567703286,2016006.3,0.3206764562514484,14,0,0,15.589633756749734,202306,1.0,19.0
1800001903,C000042,2023-06-04,2023-08-03,93744.22,Manufacturing,South,NT60,High,CLEARED,11.448335955866126,60,4,3,1.7222222222222223,0.6111111111111112,18,129039.17,6,2,6,1,1.6666666666666667,-0.05555555555555558,245065.83,0.7264787893474517,2322705.06,1.7295027451437643,60,0,0,15.589633756749734,202306,1.0,6.0
1800001038,C000099,2023-06-04,2023-07-19,85807.59,Logistics,West,NT45,High,CLEARED,11.359874397014844,45,3,4,1.96,0.76,25,119332.9776,6,2,6,1,1.6666666666666667,-0.2933333333333332,245026.79,0.7190601602821314,2983324.44,0.050804203212952544,45,0,0,15.589633756749734,202306,0.0,-4.0
1800003220,C000043,2023-06-04,2023-08-03,81529.5,Healthcare,Midwest,NT60,High,CLEARED,11.308732462350036,60,2,1,1.5625,0.6875,16,113352.77,6,2,6,1,1.3333333333333333,-0.22916666666666674,204121.46,0.7192545890144546,1813644.32,0.04253485056679223,60,0,0,15.589633756749734,202306,0.0,-2.0
1800004434,C000043,2023-06-04,2023-08-03,8161.12,Healthcare,Midwest,NT60,High,CLEARED,9.007259218136527,60,2,1,1.3529411764705883,0.6470588235294118,17,111480.81294117647,6,2,6,1,0.0,-1.3529411764705883,204121.46,0.07320649881075289,1895173.82,0.0042577474369112946,60,0,0,15.589633756749734,202306,1.0,4.0
1800001975,C000130,2023-06-05,2023-08-04,127321.4,Energy,South,NT60,High,CLEARED,11.754477731359744,60,1,3,1.8181818181818181,0.5454545454545454,11,116352.68727272727,6,2,0,1,0.6666666666666666,-1.1515151515151514,203563.71,1.0942712453349908,1279879.56,0.21063601235009619,60,0,1,15.589633756749734,202306,0.0,-2.0
1800000727,C000152,2023-06-05,2023-06-19,234215.58,Construction,West,NT14,High,CLEARED,12.36400152183296,14,0,4,1.826086956521739,0.5652173913043478,23,116294.07434782608,6,2,0,1,2.0,0.17391304347826098,241179.08,2.0139941034268034,2674763.71,0.17577975406355756,14,0,1,15.589633756749734,202306,1.0,2.0
1800004849,C000073,2023-06-06,2023-07-06,102722.5,Energy,Midwest,NT30,High,CLEARED,11.539796191552032,30,1,1,28.444444444444443,1.0,9,132391.53333333333,6,2,1,1,22.333333333333332,-6.111111111111111,191484.1,0.7758993148101616,1191523.8,0.11409653736099709,30,0,0,15.589633756749734,202306,1.0,35.0
1800001905,C000066,2023-06-06,2023-08-05,217749.71,Retail,Northeast,NT60,High,CLEARED,12.29110615532941,60,5,2,24.857142857142858,0.9285714285714286,14,103039.53714285714,6,2,1,1,24.333333333333332,-0.5238095238095255,245166.86,2.113263665947035,1442553.52,0.1373485663808776,60,0,0,15.589633756749734,202306,1.0,57.0
1800003752,C000164,2023-06-06,2023-08-05,114551.13,Manufacturing,Midwest,NT60,High,CLEARED,11.648785282208983,60,4,1,3.4285714285714284,0.7142857142857143,14,155785.44999999998,6,2,1,1,4.333333333333333,0.9047619047619047,248805.23,0.7353134069966099,2180996.3,0.22214003154454293,60,0,0,15.589633756749734,202306,1.0,2.0
1800000034,C000185,2023-06-06,2023-07-06,14047.36,Logistics,South,NT30,High,CLEARED,9.550260941970237,30,3,3,12.333333333333334,0.9047619047619048,21,159656.41,6,2,1,1,14.333333333333334,2.0,232341.99,0.08798494216423881,3352784.61,0.11071896358293053,30,0,0,15.589633756749734,202306,1.0,7.0
1800000302,C000110,2023-06-06,2023-07-06,236835.41,Logistics,South,NT30,High,CLEARED,12.375124928618316,30,3,3,12.4,0.9,10,102842.148,6,2,1,1,15.0,2.5999999999999996,247568.02,2.3029022108717525,1028421.48,0.1386565876369297,30,0,0,15.589633756749734,202306,1.0,19.0
1800002064,C000028,2023-06-07,2023-09-05,92281.27,Manufacturing,Northeast,NT90,High,CLEARED,11.43260731103152,90,4,2,28.61904761904762,0.9523809523809523,21,109284.03,6,2,2,1,41.0,12.38095238095238,233324.46,0.8444167917306856,2294964.63,0.09447298273678445,90,0,0,15.589633756749734,202306,1.0,28.0
1800001976,C000150,2023-06-07,2023-07-07,211509.39,Healthcare,Midwest,NT30,High,CLEARED,12.26202940155737,30,2,1,11.11111111111111,1.0,18,139319.49166666667,6,2,2,1,10.666666666666666,-0.44444444444444464,244467.95,1.518160793365896,2507750.85,0.20814481441436572,30,0,0,15.589633756749734,202306,1.0,10.0
1800000816,C000099,2023-06-07,2023-07-22,248536.79,Logistics,West,NT45,High,CLEARED,12.423350185391588,45,3,4,1.7307692307692308,0.7307692307692307,26,118043.53961538461,6,2,2,1,0.0,-1.7307692307692308,245026.79,2.1054671082364615,3069132.03,0.14715147675228862,45,0,0,15.589633756749734,202306,0.0,-2.0
1800003611,C000038,2023-06-07,2023-08-06,69885.74,Energy,Midwest,NT60,Medium,CLEARED,11.154631210655847,60,1,1,1.0555555555555556,0.5,18,126272.63444444444,6,2,2,1,-1.3333333333333333,-2.388888888888889,243122.55,0.553451191601988,2272907.42,0.16498025121019647,60,0,0,15.589633756749734,202306,1.0,4.0
1800003509,C000123,2023-06-08,2023-09-06,130406.74,Healthcare,Midwest,NT90,High,CLEARED,11.778421282541423,90,2,1,1.8125,0.75,16,147237.661875,6,2,3,1,2.6666666666666665,0.8541666666666665,249060.7,0.8856887452526319,2355802.59,0.12015756744805621,90,0,0,15.589633756749734,202306,1.0,5.0
1800003503,C000047,2023-06-08,2023-07-08,79805.65,Construction,South,NT30,High,CLEARED,11.287362113299205,30,0,3,2.0,0.8125,16,133862.700625,6,2,3,1,0.6666666666666666,-1.3333333333333335,248675.38,0.5961754067965935,2141803.21,0.05839447147993485,30,0,0,15.589633756749734,202306,1.0,6.0
1800001989,C000164,2023-06-08,2023-08-07,89465.57,Manufacturing,Midwest,NT60,High,CLEARED,11.401620314934071,60,4,1,3.3333333333333335,0.7333333333333333,15,153036.49533333335,6,2,3,1,2.6666666666666665,-0.666666666666667,248805.23,0.5846028413361949,2295547.43,0.1734935704427404,60,0,0,15.589633756749734,202306,1.0,1.0
1800000055,C000053,2023-06-08,2023-07-23,19299.19,Manufacturing,South,NT45,Medium,CLEARED,9.867870219404105,45,4,3,0.75,0.5,12,133392.03666666665,6,2,3,1,2.0,1.25,217356.11,0.14468022591353594,1600704.44,0.031861285132482715,45,0,0,15.589633756749734,202306,0.0,0.0
1800002912,C000182,2023-06-09,2023-06-23,158130.83,Retail,West,NT14,High,CLEARED,11.971184331206992,14,5,4,11.352941176470589,0.9411764705882353,17,102088.9694117647,6,2,4,1,5.0,-6.352941176470589,249682.11,1.5489511835720131,1735512.48,0.13708052759524114,14,0,0,15.589633756749734,202306,1.0,14.0
1800004771,C000064,2023-06-10,2023-09-08,158206.82,Construction,West,NT90,Medium,CLEARED,11.971664764193887,90,0,4,1.2142857142857142,0.5,14,116565.27571428572,6,2,5,1,0.3333333333333333,-0.8809523809523809,240204.86,1.3572379855882835,1631913.86,0.450245505558229,90,0,0,15.589633756749734,202306,0.0,0.0
1800000103,C000070,2023-06-10,2023-09-08,190888.8,Energy,Midwest,NT90,Medium,CLEARED,12.159451577170579,90,1,1,1.3,0.4,20,139851.079,6,2,5,1,1.3333333333333333,0.033333333333333215,248201.18,1.3649433480595454,2797021.58,0.10844568782091425,90,0,0,15.589633756749734,202306,1.0,2.0
1800001792,C000006,2023-06-11,2023-07-26,221487.68,Energy,South,NT45,Medium,CLEARED,12.308126761066559,45,1,3,1.125,0.5,16,149047.975,6,2,6,1,-0.3333333333333333,-1.4583333333333333,249161.14,1.4860160294026135,2384767.6,0.9282922458390391,45,0,0,15.589633756749734,202306,1.0,2.0
1800002128,C000150,2023-06-11,2023-07-11,109990.91,Healthcare,Midwest,NT30,High,CLEARED,11.608162096615409,30,2,1,11.052631578947368,1.0,19,143118.96000000002,6,2,6,1,13.0,1.9473684210526319,244467.95,0.768527873595504,2719260.24,0.10824123481807214,30,0,0,15.589633756749734,202306,1.0,15.0
1800004863,C000068,2023-06-11,2023-07-26,177404.84,Manufacturing,Northeast,NT45,High,CLEARED,12.08619526827067,45,4,2,1.875,0.625,16,129938.185625,6,2,6,1,3.6666666666666665,1.7916666666666665,249101.62,1.365301809831239,2079010.97,0.13268231423144808,45,0,0,15.589633756749734,202306,0.0,0.0
1800000999,C000001,2023-06-12,2023-06-26,14972.62,Manufacturing,Midwest,NT14,High,CLEARED,9.614045265147931,14,4,1,11.833333333333334,0.9444444444444444,18,133652.92166666666,6,2,0,1,13.666666666666666,1.8333333333333321,232262.82,0.11202613316109951,2405752.59,0.04648453382153112,14,0,1,15.589633756749734,202306,1.0,7.0
1800004303,C000060,2023-06-12,2023-08-11,135064.66,Logistics,International,NT60,High,CLEARED,11.813516309551206,60,3,0,2.576923076923077,0.7307692307692307,26,128794.60615384615,6,2,0,1,3.0,0.4230769230769229,241297.28,1.0486825809977183,3348659.76,0.11808742152770983,60,0,1,15.589633756749734,202306,1.0,5.0
1800004787,C000117,2023-06-12,2023-08-11,88612.23,Construction,International,NT60,High,CLEARED,11.39203644824473,60,0,0,1.75,0.6666666666666666,12,151307.99416666667,6,2,0,1,2.3333333333333335,0.5833333333333335,249320.04,0.5856414295096205,1815695.93,0.11230539597054678,60,0,1,15.589633756749734,202306,1.0,7.0
1800002872,C000134,2023-06-12,2023-09-10,67600.63,Construction,West,NT90,Medium,CLEARED,11.12138737416639,90,0,4,1.1875,0.5,16,108537.235625,6,2,0,1,0.3333333333333333,-0.8541666666666667,200176.06,0.6228335336783644,1736595.77,0.04246418446390428,90,0,1,15.589633756749734,202306,1.0,2.0
1800002201,C000053,2023-06-13,2023-07-28,139725.62,Manufacturing,South,NT45,Medium,CLEARED,11.847443078273585,45,4,3,0.6923076923076923,0.46153846153846156,13,124615.66384615384,6,2,1,1,2.0,1.3076923076923077,217356.11,1.1212524628725677,1620003.63,0.23067485314839276,45,0,0,15.589633756749734,202306,1.0,1.0
1800002971,C000184,2023-06-13,2023-07-13,58969.81,Retail,International,NT30,High,CLEARED,10.984797854698078,30,5,0,29.41176470588235,1.0,17,134071.0688235294,6,2,1,1,21.0,-8.411764705882351,247177.82,0.4398399335327058,2279208.17,0.04566330190208514,30,0,0,15.589633756749734,202306,1.0,37.0
1800000115,C000006,2023-06-14,2023-07-29,175971.99,Energy,South,NT45,High,CLEARED,12.0780857963341,45,1,3,1.1764705882352942,0.5294117647058824,17,153309.13411764705,6,2,2,1,1.3333333333333333,0.1568627450980391,249161.14,1.147824563831675,2606255.28,0.7375283076777224,45,0,0,15.589633756749734,202306,1.0,3.0
1800004698,C000130,2023-06-14,2023-08-13,165009.01,Energy,South,NT60,Medium,CLEARED,12.013761417709237,60,1,3,1.5,0.5,12,117266.74666666666,6,2,2,1,0.0,-1.5,203563.71,1.4071253333994316,1407200.96,0.27298505882151114,60,0,0,15.589633756749734,202306,1.0,3.0
1800000282,C000098,2023-06-14,2023-07-14,191810.59,Manufacturing,West,NT30,High,CLEARED,12.164268867134481,30,4,4,10.227272727272727,0.9545454545454546,22,136512.93227272728,6,2,2,1,10.333333333333334,0.1060606060606073,247663.32,1.4050726682567944,3003284.5100000002,0.21315126242089016,30,0,0,15.589633756749734,202306,1.0,24.0
1800003453,C000081,2023-06-14,2023-07-14,220793.03,Retail,South,NT30,Medium,CLEARED,12.304985554976065,30,5,3,2.0,0.5,20,130789.6875,6,2,2,1,2.0,0.0,245372.05,1.688153203974893,2615793.75,0.16421760507272296,30,0,0,15.589633756749734,202306,1.0,3.0
1800003223,C000033,2023-06-14,2023-06-28,168265.14,Energy,Northeast,NT14,High,CLEARED,12.033302171583676,14,1,2,2.772727272727273,0.7727272727272727,22,137291.73318181818,6,2,2,1,3.0,0.22727272727272707,243987.46,1.2256028538671235,3020418.13,0.09747217127365979,14,0,0,15.589633756749734,202306,1.0,1.0
1800003629,C000056,2023-06-14,2023-06-28,118213.16,Logistics,South,NT14,Medium,CLEARED,11.680253173733368,14,3,3,2.0,0.5,10,145129.74599999998,6,2,2,1,0.3333333333333333,-1.6666666666666667,240142.35,0.814534327097906,1451297.46,0.3347644288220816,14,0,0,15.589633756749734,202306,0.0,0.0
1800004043,C000029,2023-06-14,2023-07-29,125472.02,Construction,International,NT45,High,CLEARED,11.739846034362765,45,0,0,2.588235294117647,0.7058823529411765,17,125283.96411764706,6,2,2,1,2.6666666666666665,0.07843137254901933,230369.45,1.0015010371333426,2129827.39,0.06499431312800742,45,0,0,15.589633756749734,202306,0.0,0.0
1800002939,C000096,2023-06-14,2023-09-12,94037.33,Healthcare,West,NT90,High,CLEARED,11.451457744095643,90,2,4,3.1578947368421053,0.6842105263157895,19,147417.60947368422,6,2,2,1,7.0,3.8421052631578947,248761.06,0.6378975370427966,2800934.58,0.04979877551374676,90,0,0,15.589633756749734,202306,0.0,0.0
1800001051,C000143,2023-06-15,2023-09-13,199715.74,Healthcare,Midwest,NT90,High,CLEARED,12.204655341629334,90,2,1,1.625,0.625,16,134727.03,6,2,3,1,1.6666666666666667,0.04166666666666674,248806.66,1.4823732104834493,2155632.48,0.20718237741226553,90,0,0,15.589633756749734,202306,1.0,1.0
1800003087,C000197,2023-06-15,2023-07-15,175627.19,Healthcare,West,NT30,High,CLEARED,12.076124482606257,30,2,4,26.285714285714285,0.9523809523809523,21,106067.3280952381,6,2,3,1,29.0,2.7142857142857153,244520.22,1.6558085619193117,2227413.89,0.12938040586493718,30,0,0,15.589633756749734,202306,1.0,39.0
1800004021,C000109,2023-06-15,2023-09-13,25891.99,Healthcare,West,NT90,High,CLEARED,10.161727554682926,90,2,4,35.23809523809524,1.0,21,120364.76952380953,6,2,3,1,33.0,-2.238095238095241,227537.49,0.21511269537120054,2527660.16,0.05928426065237853,90,0,0,15.589633756749734,202306,1.0,39.0
1800003950,C000170,2023-06-15,2023-06-29,23576.08,Logistics,Midwest,NT14,High,CLEARED,10.068030332665908,14,3,1,11.5,1.0,18,100095.60944444445,6,2,3,1,13.666666666666666,2.166666666666666,248555.31,0.23553560571590618,1801720.97,0.02980472020161657,14,0,0,15.589633756749734,202306,1.0,17.0
1800001286,C000120,2023-06-15,2023-07-15,70990.17,Manufacturing,South,NT30,High,CLEARED,11.170310782092153,30,4,3,2.8181818181818183,0.7272727272727273,22,132607.99363636362,6,2,3,1,3.0,0.18181818181818166,238554.67,0.535338542219925,2917375.86,0.08425784505243723,30,0,0,15.589633756749734,202306,1.0,1.0
1800003051,C000199,2023-06-15,2023-06-29,208006.05,Construction,West,NT14,High,CLEARED,12.245327252339827,14,0,4,25.333333333333332,0.9166666666666666,12,141072.90916666665,6,2,3,1,19.666666666666668,-5.666666666666664,240816.02,1.4744577908594558,1692874.91,0.11057367312740478,14,0,0,15.589633756749734,202306,1.0,35.0
1800002109,C000144,2023-06-16,2023-08-15,181167.34,Construction,Midwest,NT60,High,CLEARED,12.10718193326318,60,0,1,1.619047619047619,0.5238095238095238,21,123167.43904761903,6,2,4,1,0.3333333333333333,-1.2857142857142858,232345.82,1.4709028733637712,2586516.2199999997,0.17885992533838557,60,0,0,15.589633756749734,202306,0.0,0.0
1800003342,C000125,2023-06-16,2023-07-16,69175.24,Logistics,South,NT30,High,CLEARED,11.144412730045604,30,3,3,2.6153846153846154,0.7692307692307693,13,112535.74461538462,6,2,4,1,4.666666666666667,2.0512820512820515,247454.16,0.6146957150052317,1462964.6800000002,0.10397312120395152,30,0,0,15.589633756749734,202306,0.0,0.0
1800000385,C000146,2023-06-16,2023-07-16,44597.19,Construction,International,NT30,High,CLEARED,10.705448554225004,30,0,0,0.9333333333333333,0.5333333333333333,15,142851.448,6,2,4,1,1.3333333333333333,0.3999999999999999,236408.5,0.3121927752527927,2142771.72,0.022307895049906833,30,0,0,15.589633756749734,202306,0.0,0.0
1800002189,C000189,2023-06-17,2023-08-16,242566.12,Logistics,Midwest,NT60,High,CLEARED,12.399033734567341,60,3,1,1.9166666666666667,0.6666666666666666,12,108124.39166666666,6,2,5,1,2.6666666666666665,0.7499999999999998,208905.81,2.2433987027441464,1297492.7,0.14989377591007144,60,0,0,15.589633756749734,202306,1.0,2.0
1800001045,C000187,2023-06-17,2023-08-01,89596.99,Manufacturing,West,NT45,High,CLEARED,11.403088165675683,45,4,4,20.8,1.0,10,133755.592,6,2,5,1,16.333333333333332,-4.466666666666669,240348.44,0.6698560311407392,1337555.92,0.2911719515555491,45,0,0,15.589633756749734,202306,1.0,20.0
1800002120,C000093,2023-06-17,2023-07-17,184896.51,Manufacturing,Northeast,NT30,High,CLEARED,12.127556950545761,30,4,2,2.1,0.7,20,140883.4665,6,2,5,1,1.0,-1.1,245348.3,1.3124074427853463,2817669.33,0.13176755226276632,30,0,0,15.589633756749734,202306,1.0,2.0
1800000974,C000056,2023-06-17,2023-07-01,132824.99,Logistics,South,NT14,Medium,CLEARED,11.796795204707516,14,3,3,1.8181818181818181,0.45454545454545453,11,142682.78363636366,6,2,5,1,0.6666666666666666,-1.1515151515151514,240142.35,0.9309111205631725,1569510.62,0.37614324759315027,14,0,0,15.589633756749734,202306,1.0,3.0
1800000015,C000095,2023-06-18,2023-07-18,32355.05,Healthcare,West,NT30,High,CLEARED,10.384556299445093,30,2,4,1.1538461538461537,0.5384615384615384,13,121882.86307692308,6,2,6,1,0.6666666666666666,-0.4871794871794871,201969.85,0.26546020649006236,1584477.22,0.017075518221650248,30,0,0,15.589633756749734,202306,0.0,-1.0
1800003756,C000099,2023-06-18,2023-08-02,45769.55,Logistics,West,NT45,High,CLEARED,10.731396150180252,45,3,4,1.5925925925925926,0.7037037037037037,27,122876.62296296295,6,2,6,1,-1.3333333333333333,-2.9259259259259256,248536.79,0.3724837881799185,3317668.82,0.027098832622678162,45,0,0,15.589633756749734,202306,1.0,5.0
1800004190,C000156,2023-06-18,2023-07-18,239816.83,Retail,Northeast,NT30,High,CLEARED,12.387634872439481,30,5,2,12.791666666666666,0.9583333333333334,24,118950.09875,6,2,6,1,14.333333333333334,1.5416666666666679,244580.13,2.0161129122223613,2854802.37,3.128105042691463,30,0,0,15.589633756749734,202306,1.0,27.0
1800004428,C000134,2023-06-18,2023-09-16,204442.64,Construction,West,NT90,High,CLEARED,12.2280476174586,90,0,4,1.2352941176470589,0.5294117647058824,17,106129.2,6,2,6,1,1.3333333333333333,0.09803921568627438,200176.06,1.9263561771878053,1804196.4,0.12842321110391391,90,0,0,15.589633756749734,202306,0.0,0.0
1800001998,C000043,2023-06-18,2023-08-17,146310.08,Healthcare,Midwest,NT60,High,CLEARED,11.893490318932006,60,2,1,1.5,0.6666666666666666,18,105740.83,6,2,6,1,0.6666666666666666,-0.8333333333333334,204121.46,1.3836668390062759,1903334.94,0.07633160253914738,60,0,0,15.589633756749734,202306,1.0,6.0
1800003869,C000179,2023-06-18,2023-08-02,147592.35,Retail,International,NT45,High,CLEARED,11.902216135932996,45,5,0,1.15,0.55,20,139991.48799999998,6,2,6,1,-0.3333333333333333,-1.4833333333333332,208943.23,1.0542951725750642,2799829.76,0.07663326530982377,45,0,0,15.589633756749734,202306,1.0,2.0
1800004719,C000001,2023-06-19,2023-07-03,207416.41,Manufacturing,Midwest,NT14,High,CLEARED,12.242488515323888,14,4,1,11.578947368421053,0.9473684210526315,19,127406.59,6,2,0,1,13.0,1.421052631578947,232262.82,1.6279880813072543,2420725.21,0.643952436232641,14,0,1,15.589633756749734,202306,1.0,3.0
1800001535,C000128,2023-06-19,2023-08-03,60303.73,Retail,Northeast,NT45,High,CLEARED,11.007165820766627,45,5,2,1.0,0.55,20,150805.3935,6,2,0,1,1.0,0.0,236385.24,0.399877806757621,3016107.87,0.042151691899557545,45,0,1,15.589633756749734,202306,0.0,-1.0
1800002699,C000129,2023-06-19,2023-07-03,51225.1,Construction,South,NT14,High,CLEARED,10.844004446766242,14,0,3,2.6842105263157894,0.8421052631578947,19,133903.9994736842,6,2,0,1,2.0,-0.6842105263157894,234109.33,0.3825509335146269,2544175.9899999998,0.036330787811932094,14,0,1,15.589633756749734,202306,1.0,4.0
1800001087,C000024,2023-06-19,2023-08-03,20153.42,Construction,International,NT45,High,CLEARED,9.911178898158784,45,0,0,22.952380952380953,0.9523809523809523,21,150021.1138095238,6,2,0,1,14.666666666666666,-8.285714285714286,249295.78,0.13433722419624242,3150443.39,0.05790604131054388,45,0,1,15.589633756749734,202306,1.0,2.0
1800001283,C000098,2023-06-19,2023-07-19,52448.29,Manufacturing,West,NT30,High,CLEARED,10.8676020770312,30,4,4,10.826086956521738,0.9565217391304348,23,138917.17826086958,6,2,0,1,14.666666666666666,3.8405797101449277,247663.32,0.37755078714245466,3195095.1,0.05828363921573334,30,0,1,15.589633756749734,202306,1.0,4.0
1800001559,C000100,2023-06-19,2023-09-17,51475.44,Energy,International,NT90,High,CLEARED,10.848879506249727,90,1,0,28.4,0.9333333333333333,15,94972.15,6,2,0,1,21.0,-7.399999999999999,196637.07,0.5420056300715526,1424582.25,0.042746909624155865,90,0,1,15.589633756749734,202306,1.0,19.0
1800001788,C000056,2023-06-20,2023-07-04,122785.11,Logistics,South,NT14,Medium,CLEARED,11.71819917754849,14,3,3,1.9166666666666667,0.5,12,141861.30083333334,6,2,1,1,2.0,0.08333333333333326,240142.35,0.8655292830301541,1702335.61,0.34771160179633515,14,0,0,15.589633756749734,202306,0.0,-1.0
1800000192,C000106,2023-06-20,2023-07-20,50120.68,Healthcare,Northeast,NT30,High,CLEARED,10.82220892800131,30,2,2,10.071428571428571,0.9285714285714286,14,91687.26928571428,6,2,1,1,5.333333333333333,-4.738095238095238,242710.29,0.5466481921695673,1283621.77,0.18355228323564154,30,0,0,15.589633756749734,202306,1.0,20.0
1800004676,C000128,2023-06-20,2023-08-04,109411.81,Retail,Northeast,NT45,High,CLEARED,11.602883255350973,45,5,2,0.9047619047619048,0.5238095238095238,21,146495.79047619048,6,2,1,1,1.3333333333333333,0.4285714285714285,236385.24,0.7468597537468653,3076411.6,0.07647773869531667,45,0,0,15.589633756749734,202306,1.0,2.0
1800002221,C000043,2023-06-20,2023-08-19,56215.03,Healthcare,Midwest,NT60,High,CLEARED,10.93695722652779,60,2,1,1.736842105263158,0.6842105263157895,19,107876.05368421052,6,2,1,1,2.6666666666666665,0.9298245614035086,204121.46,0.5211075867176259,2049645.02,0.029328008888288806,60,0,0,15.589633756749734,202306,1.0,1.0
1800000116,C000069,2023-06-21,2023-08-05,77937.19,Retail,South,NT45,High,CLEARED,11.263671355630997,45,5,3,1.9523809523809523,0.7142857142857143,21,133623.68095238094,6,2,2,1,3.6666666666666665,1.7142857142857142,243662.1,0.5832588164351964,2806097.3,0.05991069694249717,45,0,0,15.589633756749734,202306,1.0,7.0
1800000004,C000046,2023-06-21,2023-08-20,90309.79,Construction,International,NT60,High,CLEARED,11.411012222853577,60,0,0,2.0,0.5714285714285714,21,139375.84285714285,6,2,2,1,2.0,0.0,237671.75,0.6479587003650663,2926892.7,0.5612260446776991,60,0,0,15.589633756749734,202306,0.0,0.0
1800003267,C000191,2023-06-21,2023-09-19,213168.65,Energy,Midwest,NT90,High,CLEARED,12.269843606543827,90,1,1,24.583333333333332,0.9583333333333334,24,126999.99083333333,6,2,2,1,25.333333333333332,0.75,227148.41,1.6784934282377146,3047999.78,2.763350227854363,90,0,0,15.589633756749734,202306,1.0,46.0
1800000865,C000009,2023-06-21,2023-08-05,204130.78,Manufacturing,International,NT45,High,CLEARED,12.226521044662988,45,4,0,12.352941176470589,1.0,17,100431.6888235294,6,2,2,1,8.0,-4.352941176470589,206735.83,2.0325335797019446,1707338.71,1.0996497704551151,45,0,0,15.589633756749734,202306,1.0,13.0
1800002579,C000081,2023-06-21,2023-07-21,41150.32,Retail,South,NT30,High,CLEARED,10.625011283355013,30,5,3,2.0476190476190474,0.5238095238095238,21,135075.56095238094,6,2,2,1,0.6666666666666666,-1.380952380952381,245372.05,0.30464667116582983,2836586.78,0.030606070302020734,30,0,0,15.589633756749734,202306,0.0,0.0
1800004911,C000077,2023-06-21,2023-08-05,65795.77,Manufacturing,International,NT45,High,CLEARED,11.09432602796265,45,4,0,1.263157894736842,0.5789473684210527,19,122168.55,6,2,2,1,1.6666666666666667,0.4035087719298247,240478.92,0.5385655309815824,2321202.45,0.07563859372836423,45,0,0,15.589633756749734,202306,0.0,0.0
1800000654,C000129,2023-06-21,2023-07-05,52628.08,Construction,South,NT14,High,CLEARED,10.871024097670622,14,0,3,2.75,0.85,20,129770.0545,6,2,2,1,3.3333333333333335,0.5833333333333335,234109.33,0.40554872387758767,2595401.09,0.03732583455043304,14,0,0,15.589633756749734,202306,1.0,3.0
1800003747,C000026,2023-06-21,2023-08-05,109747.04,Manufacturing,Midwest,NT45,High,CLEARED,11.605942472008016,45,4,1,1.9130434782608696,0.6521739130434783,23,126932.9404347826,6,2,2,1,1.6666666666666667,-0.24637681159420288,236806.85,0.864606457741262,2919457.63,0.2111739895282969,45,0,0,15.589633756749734,202306,1.0,1.0
1800000619,C000026,2023-06-21,2023-08-05,207244.06,Manufacturing,Midwest,NT45,High,CLEARED,12.241657236766537,45,4,1,2.0,0.6818181818181818,22,123282.435,6,2,2,1,1.6666666666666667,-0.33333333333333326,236806.85,1.6810509948152792,2712213.57,0.39877663175463995,45,0,0,15.589633756749734,202306,0.0,0.0
1800004463,C000058,2023-06-22,2023-08-21,237249.11,Energy,Midwest,NT60,Medium,CLEARED,12.37687018011801,60,1,1,0.5625,0.4375,16,148252.321875,6,2,3,1,0.6666666666666666,0.10416666666666663,249246.3,1.6003062009378732,2372037.15,0.18436356142687038,60,0,0,15.589633756749734,202306,0.0,0.0
1800002372,C000179,2023-06-22,2023-08-06,3192.12,Retail,International,NT45,High,CLEARED,8.068753774219676,45,5,0,1.1904761904761905,0.5714285714285714,21,140353.4338095238,6,2,3,1,-0.6666666666666666,-1.8571428571428572,208943.23,0.022743440707920864,2947422.11,0.0016574204480164089,45,0,0,15.589633756749734,202306,1.0,10.0
1800004731,C000123,2023-06-22,2023-09-20,59748.58,Healthcare,Midwest,NT90,High,CLEARED,10.997917440480348,90,2,1,2.0,0.7647058823529411,17,146247.60764705882,6,2,3,1,3.0,1.0,249060.7,0.4085439820950234,2486209.33,0.05505270687140544,90,0,0,15.589633756749734,202306,1.0,7.0
1800000393,C000189,2023-06-22,2023-08-21,114962.21,Logistics,Midwest,NT60,High,CLEARED,11.652367443118814,60,3,1,1.9230769230769231,0.6923076923076923,13,118466.06307692308,6,2,3,1,2.6666666666666665,0.7435897435897434,242566.12,0.9704231491625755,1540058.82,0.07104091760162785,60,0,0,15.589633756749734,202306,0.0,0.0
1800004721,C000148,2023-06-22,2023-08-06,232957.35,Construction,Northeast,NT45,High,CLEARED,12.358614961204387,45,0,2,10.428571428571429,0.8928571428571429,28,135015.95178571428,6,2,3,1,-0.6666666666666666,-11.095238095238095,248646.7,1.7254061236388565,3780446.65,0.18089135508702933,45,0,0,15.589633756749734,202306,0.0,-2.0
1800000862,C000088,2023-06-23,2023-07-23,216068.83,Logistics,West,NT30,High,CLEARED,12.283356921457345,30,3,4,2.0833333333333335,0.5833333333333334,12,86249.68333333333,6,2,4,1,2.3333333333333335,0.25,247684.45,2.5051550527431887,1034996.2,0.10932498109634499,30,0,0,15.589633756749734,202306,1.0,7.0
1800000554,C000050,2023-06-23,2023-08-07,33560.77,Retail,Northeast,NT45,High,CLEARED,10.421142900549127,45,5,2,0.8888888888888888,0.5555555555555556,9,111186.29888888888,6,2,4,1,2.6666666666666665,1.7777777777777777,194107.77,0.30184267607952375,1000676.69,0.10995864686473511,45,0,0,15.589633756749734,202306,1.0,5.0
1800001140,C000135,2023-06-23,2023-09-21,197889.51,Healthcare,West,NT90,High,CLEARED,12.195469176928976,90,2,4,1.35,0.55,20,110262.5405,6,2,4,1,4.333333333333333,2.983333333333333,235519.4,1.7947120491024784,2205250.81,0.31419082104223495,90,0,0,15.589633756749734,202306,1.0,1.0
1800003276,C000019,2023-06-23,2023-07-07,25801.32,Logistics,Northeast,NT14,High,CLEARED,10.158219689347545,14,3,2,11.272727272727273,1.0,22,106322.73318181817,6,2,4,1,10.666666666666666,-0.6060606060606073,247674.67,0.24266983389035168,2339100.13,0.016180893028722325,14,0,0,15.589633756749734,202306,1.0,9.0
1800000341,C000019,2023-06-23,2023-07-07,2307.55,Logistics,Northeast,NT14,High,CLEARED,7.7443749007984755,14,3,2,11.095238095238095,1.0,21,111275.83714285714,6,2,4,1,9.666666666666666,-1.4285714285714288,247674.67,0.0207372063805509,2336792.58,0.0014471437782418964,14,0,0,15.589633756749734,202306,1.0,15.0
1800000642,C000027,2023-06-23,2023-07-07,237103.09,Logistics,South,NT14,High,CLEARED,12.376254522010155,14,3,3,10.0,0.9473684210526315,19,142336.73789473684,6,2,4,1,13.666666666666666,3.666666666666666,248894.88,1.6657898270462423,2704398.02,0.14446535458251475,14,0,0,15.589633756749734,202306,1.0,23.0
1800003721,C000118,2023-06-24,2023-08-08,74251.98,Healthcare,Northeast,NT45,Medium,CLEARED,11.215233190539706,45,2,2,1.0,0.5,14,132834.74714285714,6,2,5,1,0.6666666666666666,-0.33333333333333337,247050.57,0.5589800981827872,1859686.46,0.1000823713236513,45,0,0,15.589633756749734,202306,1.0,1.0
1800001299,C000127,2023-06-24,2023-09-22,216894.85,Retail,International,NT90,High,CLEARED,12.287172563390799,90,5,0,13.4375,1.0,16,129893.52437500001,6,2,5,1,18.333333333333332,4.895833333333332,244835.16,1.669789552971316,2078296.3900000001,0.12959582333276257,90,0,0,15.589633756749734,202306,0.0,0.0
1800002143,C000073,2023-06-24,2023-07-24,15602.95,Energy,Midwest,NT30,High,CLEARED,9.655279366314826,30,1,1,29.1,1.0,10,129424.63,6,2,5,1,25.333333333333332,-3.7666666666666693,191484.1,0.12055626506330364,1294246.3,0.01733060008875144,30,0,0,15.589633756749734,202306,1.0,22.0
1800001241,C000178,2023-06-24,2023-07-08,203988.77,Retail,West,NT14,High,CLEARED,12.225825124510123,14,5,4,1.6666666666666667,0.5416666666666666,24,115141.79333333333,6,2,5,1,2.6666666666666665,0.9999999999999998,242746.82,1.771630995962138,2763403.04,0.18280752560004113,14,0,0,15.589633756749734,202306,1.0,1.0
1800003732,C000122,2023-06-25,2023-07-09,80213.7,Manufacturing,Midwest,NT14,High,CLEARED,11.292462068829295,14,4,1,11.6875,1.0,16,103853.878125,6,2,6,1,13.0,1.3125,225444.56,0.7723707717823849,1661662.05,0.05733707142453534,14,1,0,15.589633756749734,202306,1.0,10.0
1800002402,C000024,2023-06-25,2023-08-09,175982.97,Construction,International,NT45,High,CLEARED,12.078148190326841,45,0,0,22.0,0.9545454545454546,22,144118.03681818183,6,2,6,1,3.3333333333333335,-18.666666666666668,249295.78,1.221103020033632,3170596.81,0.5056450533344815,45,1,0,15.589633756749734,202306,1.0,5.0
1800002405,C000030,2023-06-25,2023-07-25,234998.03,Healthcare,Midwest,NT30,High,CLEARED,12.367336665458202,30,2,1,29.88888888888889,1.0,18,121810.86444444445,6,2,6,1,22.666666666666668,-7.222222222222221,245918.44,1.9292041893946004,2192595.56,0.17839882463492215,30,1,0,15.589633756749734,202306,1.0,8.0
1800004647,C000115,2023-06-25,2023-09-23,76159.91,Healthcare,International,NT90,High,CLEARED,11.240603617923275,90,2,0,8.8,0.9,10,136542.316,6,2,6,1,10.0,1.1999999999999993,246733.75,0.5577751442270835,1365423.16,0.08468137472101868,90,1,0,15.589633756749734,202306,1.0,23.0
1800001810,C000060,2023-06-26,2023-08-25,216856.61,Logistics,International,NT60,High,CLEARED,12.286996242030277,60,3,0,2.6666666666666665,0.7407407407407407,27,129026.83037037037,6,2,0,1,4.0,1.3333333333333335,241297.28,1.680709425919516,3483724.42,0.18959835915731157,60,1,1,15.589633756749734,202306,1.0,2.0
1800003154,C000159,2023-06-26,2023-08-25,172740.08,Healthcare,Northeast,NT60,High,CLEARED,12.059549104985624,60,2,2,1.85,0.75,20,141648.34399999998,6,2,0,1,1.6666666666666667,-0.18333333333333335,245933.43,1.219499466933408,2832966.88,0.5202202162168412,60,1,1,15.589633756749734,202306,1.0,2.0
1800001930,C000135,2023-06-27,2023-09-25,106527.89,Healthcare,West,NT90,High,CLEARED,11.576171494950847,90,2,4,1.3333333333333333,0.5714285714285714,21,114435.25333333333,6,2,1,1,4.333333333333333,3.0,235519.4,0.9309009845916947,2403140.32,0.16913521703599593,90,1,0,15.589633756749734,202306,1.0,2.0
1800004464,C000086,2023-06-27,2023-07-11,87611.3,Manufacturing,West,NT14,High,CLEARED,11.38067667802669,14,4,4,0.8888888888888888,0.6666666666666666,9,115157.48777777777,6,2,1,1,3.0,2.111111111111111,216958.3,0.7607955130895672,1036417.39,0.05414742275874436,14,1,0,15.589633756749734,202306,1.0,6.0
1800001704,C000161,2023-06-27,2023-08-26,56586.07,Construction,Midwest,NT60,Medium,CLEARED,10.943535792864006,60,0,1,0.9047619047619048,0.47619047619047616,21,87405.44333333333,6,2,1,1,-1.0,-1.9047619047619047,213210.53,0.6473975514797267,1835514.31,0.034293102467858556,60,1,0,15.589633756749734,202306,1.0,5.0
1800004770,C000089,2023-06-28,2023-08-27,229056.81,Logistics,International,NT60,High,CLEARED,12.341729696092242,60,3,0,13.363636363636363,0.8636363636363636,22,114986.40363636363,6,2,2,1,14.666666666666666,1.3030303030303028,216198.26,1.9920338644938924,2529700.88,0.2596590640118272,60,1,0,15.589633756749734,202306,1.0,5.0
1800003668,C000189,2023-06-28,2023-08-27,198315.3,Logistics,Midwest,NT60,High,CLEARED,12.197618509818616,60,3,1,1.7857142857142858,0.6428571428571429,14,118215.78785714286,6,2,2,1,1.0,-0.7857142857142858,242566.12,1.6775703448312071,1655021.03,0.122548974018872,60,1,0,15.589633756749734,202306,1.0,2.0
1800004066,C000194,2023-06-28,2023-09-26,84239.36,Construction,Midwest,NT90,High,CLEARED,11.341429420303,90,0,1,9.652173913043478,0.9130434782608695,23,138917.88391304348,6,2,2,1,2.0,-7.6521739130434785,240865.52,0.6063967980733866,3195111.33,0.06416173315502167,90,1,0,15.589633756749734,202306,1.0,18.0
1800003899,C000163,2023-06-28,2023-09-26,69819.51,Retail,West,NT90,Medium,CLEARED,11.153683085129629,90,5,4,1.0714285714285714,0.5,14,115972.04000000001,6,2,2,1,-1.3333333333333333,-2.4047619047619047,208883.19,0.6020374393690064,1623608.56,0.06199351334817968,90,1,0,15.589633756749734,202306,0.0,-2.0
1800000810,C000005,2023-06-28,2023-07-12,204296.85,Logistics,Northeast,NT14,High,CLEARED,12.22733425701074,14,3,2,10.863636363636363,0.9545454545454546,22,129629.78636363636,6,2,2,1,13.666666666666666,2.8030303030303028,246455.43,1.5760023658984381,2851855.3,0.2863351646685943,14,1,0,15.589633756749734,202306,1.0,3.0
1800004217,C000118,2023-06-28,2023-08-12,124585.86,Healthcare,Northeast,NT45,High,CLEARED,11.732758422310576,45,2,2,1.0,0.5333333333333333,15,128929.22933333334,6,2,2,1,-0.3333333333333333,-1.3333333333333333,247050.57,0.9663119887104575,1933938.44,0.16792613883422955,45,1,0,15.589633756749734,202306,1.0,2.0
1800002059,C000187,2023-06-29,2023-08-13,57876.15,Manufacturing,West,NT45,High,CLEARED,10.966077939726604,45,4,4,20.727272727272727,1.0,11,129741.17363636363,6,2,3,1,19.333333333333332,-1.3939393939393945,240348.44,0.4460893051747343,1427152.91,0.18808568841455156,45,1,0,15.589633756749734,202306,1.0,2.0
1800004371,C000164,2023-06-29,2023-08-28,173867.03,Manufacturing,Midwest,NT60,High,CLEARED,12.066051842153398,60,4,1,3.1875,0.75,16,149063.3125,6,2,3,1,1.0,-2.1875,248805.23,1.1663971978349803,2385013.0,0.3371667091259247,60,1,0,15.589633756749734,202306,0.0,0.0
1800002426,C000190,2023-06-29,2023-07-13,196936.08,Manufacturing,Northeast,NT14,High,CLEARED,12.190639565841057,14,4,2,1.2173913043478262,0.5217391304347826,23,115199.65695652174,6,2,3,1,1.0,-0.21739130434782616,233508.36,1.709519673954645,2649592.11,0.1346826956079238,14,1,0,15.589633756749734,202306,0.0,0.0
1800003363,C000079,2023-06-29,2023-08-13,4738.55,Manufacturing,Midwest,NT45,High,CLEARED,8.463697473473486,45,4,1,9.6875,0.875,16,127164.16500000001,6,2,3,1,12.0,2.3125,248963.26,0.037263249438236,2034626.6400000001,0.0029948559112823133,45,1,0,15.589633756749734,202306,1.0,5.0
1800004725,C000086,2023-06-29,2023-07-13,31446.93,Manufacturing,West,NT14,High,CLEARED,10.3560884412025,14,4,4,1.4,0.7,10,112402.86899999999,6,2,3,1,4.666666666666667,3.266666666666667,216958.3,0.27976981619570584,1124028.69,0.019435509040211033,14,1,0,15.589633756749734,202306,1.0,5.0
1800001065,C000182,2023-06-29,2023-07-13,139130.26,Retail,West,NT14,High,CLEARED,11.843173083073216,14,5,4,11.5,0.9444444444444444,18,105202.40611111111,6,2,3,1,5.333333333333333,-6.166666666666667,249682.11,1.3225007406489875,1893643.31,0.12060930461987127,14,1,0,15.589633756749734,202306,1.0,19.0
1800000889,C000176,2023-06-29,2023-07-13,75883.37,Healthcare,International,NT14,High,CLEARED,11.236966013323709,14,2,0,1.9285714285714286,0.6428571428571429,14,119992.43999999999,6,2,3,1,1.6666666666666667,-0.26190476190476186,240615.17,0.6324012579459173,1679894.16,0.054903905321219054,14,1,0,15.589633756749734,202306,1.0,1.0
1800002470,C000118,2023-06-29,2023-08-13,181671.73,Healthcare,Northeast,NT45,High,CLEARED,12.10996216056709,45,2,2,1.0625,0.5625,16,128657.76875,6,2,3,1,1.0,-0.0625,247050.57,1.4120541010859091,2058524.3,0.24487074339122167,45,1,0,15.589633756749734,202306,1.0,1.0
1800000204,C000020,2023-06-30,2023-07-14,216197.47,Healthcare,West,NT14,High,CLEARED,12.283952107381445,14,2,4,1.736842105263158,0.5789473684210527,19,121457.85736842106,6,2,4,1,2.0,0.26315789473684204,237488.72,1.7800204505847899,2307699.29,0.1085090789007705,14,1,0,15.589633756749734,202306,1.0,2.0
1800001041,C000113,2023-06-30,2023-08-29,99779.06,Healthcare,South,NT60,High,CLEARED,11.510723642737759,60,2,3,0.8571428571428571,0.5238095238095238,21,96849.99904761904,6,2,4,1,1.0,0.1428571428571429,245331.65,1.0302432729084572,2033849.98,0.07738464367704269,60,1,0,15.589633756749734,202306,1.0,4.0
1800001689,C000006,2023-06-30,2023-08-14,235538.88,Energy,South,NT45,High,CLEARED,12.369635519927803,45,1,3,1.2777777777777777,0.5555555555555556,18,154568.18166666667,6,2,4,1,1.6666666666666667,0.38888888888888906,249161.14,1.5238510116393187,2782227.27,0.9871831963638427,45,1,0,15.589633756749734,202306,1.0,2.0
1800000731,C000180,2023-07-01,2023-08-30,3307.52,Manufacturing,Midwest,NT60,High,CLEARED,8.104256238469357,60,4,1,12.368421052631579,0.8421052631578947,19,93713.0047368421,7,3,5,0,12.333333333333334,-0.035087719298244835,207582.14,0.03529414097102032,1780547.0899999999,0.0019297036237030326,60,0,0,16.00749806911076,202307,1.0,10.0
1800004889,C000188,2023-07-01,2023-08-15,11996.38,Construction,International,NT45,High,CLEARED,9.392443571598612,45,0,0,1.7777777777777777,0.6111111111111112,18,117570.24277777778,7,3,5,0,-0.6666666666666666,-2.444444444444444,242705.68,0.10203585292134365,2116264.37,0.007185949869188526,45,0,0,16.00749806911076,202307,1.0,2.0
1800004679,C000188,2023-07-02,2023-08-16,17042.45,Construction,International,NT45,High,CLEARED,9.74352124467881,45,0,0,1.7894736842105263,0.631578947368421,19,112013.72368421052,7,3,6,0,-0.3333333333333333,-2.1228070175438596,242705.68,0.15214608924211942,2128260.75,0.010208595538666832,45,0,0,16.00749806911076,202307,1.0,7.0
1800000251,C000032,2023-07-02,2023-09-30,146102.14,Manufacturing,International,NT90,High,CLEARED,11.892068089636517,90,4,0,1.6363636363636365,0.5454545454545454,11,99592.27363636364,7,3,6,0,-1.3333333333333333,-2.9696969696969697,230177.65,1.4670027569955433,1095515.01,0.3047452160812175,90,0,0,16.00749806911076,202307,1.0,2.0
1800001831,C000037,2023-07-02,2023-08-31,227790.32,Logistics,South,NT60,High,CLEARED,12.33618522566961,60,3,3,2.2857142857142856,0.7142857142857143,14,128384.86,7,3,6,0,0.0,-2.2857142857142856,247564.19,1.7742771227074594,1797388.04,0.11568115205203928,60,0,0,16.00749806911076,202307,1.0,7.0
1800003272,C000012,2023-07-02,2023-07-16,162703.38,Logistics,International,NT14,High,CLEARED,11.999690213557741,14,3,0,1.45,0.6,20,137376.014,7,3,6,0,2.3333333333333335,0.8833333333333335,248588.91,1.1843652706359642,2747520.28,0.14905408595941877,14,0,0,16.00749806911076,202307,1.0,1.0
1800002034,C000026,2023-07-02,2023-08-16,208473.94,Manufacturing,Midwest,NT45,High,CLEARED,12.247574121150851,45,4,1,1.875,0.6666666666666666,24,126216.86125,7,3,6,0,1.3333333333333333,-0.5416666666666667,236806.85,1.6517122826170738,3029204.67,0.4011431526762162,45,0,0,16.00749806911076,202307,1.0,1.0
1800001129,C000005,2023-07-02,2023-07-16,61263.27,Logistics,Northeast,NT14,High,CLEARED,11.022952080863279,14,3,2,10.521739130434783,0.9565217391304348,23,132876.1804347826,7,3,6,0,6.666666666666667,-3.855072463768116,246455.43,0.46105532082229606,3056152.15,0.08586441006597288,14,0,0,16.00749806911076,202307,1.0,15.0
1800000286,C000044,2023-07-03,2023-10-01,193003.36,Manufacturing,West,NT90,High,CLEARED,12.170468058305433,90,4,4,27.176470588235293,0.9411764705882353,17,135368.0811764706,7,3,0,0,38.333333333333336,11.156862745098042,243770.4,1.425767125622428,2301257.38,0.30704648599687173,90,0,1,16.00749806911076,202307,1.0,7.0
1800001308,C000176,2023-07-03,2023-07-17,113545.94,Healthcare,International,NT14,High,CLEARED,11.639971598689742,14,2,0,1.8666666666666667,0.6666666666666666,15,117051.83533333334,7,3,0,0,1.0,-0.8666666666666667,240615.17,0.9700483523103294,1755777.53,0.08215390986679717,14,0,1,16.00749806911076,202307,1.0,4.0
1800004090,C000027,2023-07-03,2023-07-17,222731.72,Logistics,South,NT14,High,CLEARED,12.313727766566325,14,3,3,10.65,0.95,20,147075.0555,7,3,0,0,19.666666666666668,9.016666666666667,248894.88,1.51440853952287,2941501.11,0.13570897328488377,14,0,1,16.00749806911076,202307,0.0,-5.0
1800001554,C000159,2023-07-03,2023-09-01,79437.22,Healthcare,Northeast,NT60,High,CLEARED,11.282734891620082,60,2,2,1.8571428571428572,0.7619047619047619,21,143128.90285714285,7,3,0,0,1.6666666666666667,-0.19047619047619047,245933.43,0.5550047433765799,3005706.96,0.23923138025676954,60,0,1,16.00749806911076,202307,0.0,-1.0
1800000753,C000187,2023-07-03,2023-08-17,167644.71,Manufacturing,West,NT45,High,CLEARED,12.029608162542216,45,4,4,19.166666666666668,1.0,12,123752.42166666668,7,3,0,0,12.666666666666666,-6.500000000000002,240348.44,1.3546782175427596,1485029.06,0.5448111301357788,45,0,1,16.00749806911076,202307,1.0,30.0
1800000091,C000116,2023-07-04,2023-08-18,166669.79,Manufacturing,Midwest,NT45,High,CLEARED,12.02377582843019,45,4,1,12.428571428571429,0.9047619047619048,21,139774.80333333334,7,3,1,0,18.666666666666668,6.238095238095239,207844.11,1.1924165588165974,2935270.87,0.28063134943540025,45,0,0,16.00749806911076,202307,1.0,12.0
1800002267,C000162,2023-07-05,2023-08-19,113758.58,Construction,International,NT45,High,CLEARED,11.64184255304713,45,0,0,1.0909090909090908,0.5454545454545454,11,149094.00363636363,7,3,2,0,4.666666666666667,3.575757575757576,206600.61,0.7629990289713743,1640034.04,0.11321529602327901,45,0,0,16.00749806911076,202307,1.0,2.0
1800004617,C000149,2023-07-05,2023-07-19,143562.12,Retail,West,NT14,High,CLEARED,11.874530078098664,14,5,4,1.6666666666666667,0.6111111111111112,18,141433.91055555557,7,3,2,0,-1.3333333333333333,-3.0,236969.4,1.0150473775071676,2545810.39,0.2051029916549774,14,0,0,16.00749806911076,202307,0.0,-1.0
1800003228,C000153,2023-07-05,2023-09-03,246925.33,Manufacturing,South,NT60,High,CLEARED,12.416845312012708,60,4,3,2.1363636363636362,0.7272727272727273,22,117528.16272727273,7,3,2,0,2.6666666666666665,0.5303030303030303,230985.56,2.100988599413375,2585619.58,0.3268500558758309,60,0,0,16.00749806911076,202307,1.0,1.0
1800002496,C000195,2023-07-05,2023-09-03,152050.29,Logistics,Midwest,NT60,High,CLEARED,11.93197317712082,60,3,1,11.066666666666666,0.8666666666666667,15,105780.01466666667,7,3,2,0,13.333333333333334,2.2666666666666675,220702.53,1.437419823386676,1586700.22,0.5478932759984503,60,0,0,16.00749806911076,202307,1.0,28.0
1800004091,C000089,2023-07-06,2023-09-04,37090.38,Logistics,International,NT60,High,CLEARED,10.521139876585766,60,3,0,13.0,0.8695652173913043,23,119945.98652173913,7,3,3,0,15.0,2.0,229056.81,0.30922568629070135,2758757.69,0.04204569754831997,60,0,0,16.00749806911076,202307,1.0,5.0
1800001679,C000148,2023-07-06,2023-08-20,229776.42,Construction,Northeast,NT45,High,CLEARED,12.344866380213064,45,0,2,10.0,0.8620689655172413,29,138393.24137931035,7,3,3,0,-1.6666666666666667,-11.666666666666666,248646.7,1.6603153283347503,4013404.0,0.1784213633132691,45,0,0,16.00749806911076,202307,1.0,8.0
1800004237,C000125,2023-07-06,2023-08-05,174519.03,Logistics,South,NT30,High,CLEARED,12.0697947991376,30,3,3,2.4285714285714284,0.7142857142857143,14,109438.56571428572,7,3,3,0,3.3333333333333335,0.9047619047619051,247454.16,1.5946757786978096,1532139.9200000002,0.262309003316592,30,0,0,16.00749806911076,202307,1.0,2.0
1800001840,C000129,2023-07-06,2023-07-20,156141.42,Construction,South,NT14,High,CLEARED,11.958523818465409,14,0,3,2.761904761904762,0.8571428571428571,21,126096.62714285713,7,3,3,0,3.6666666666666665,0.9047619047619047,234109.33,1.238268013490199,2648029.17,0.11074142946863492,14,0,0,16.00749806911076,202307,1.0,2.0
1800000837,C000019,2023-07-07,2023-07-21,1864.85,Logistics,Northeast,NT14,High,CLEARED,7.531471992324083,14,3,2,11.173913043478262,1.0,23,102821.80217391305,7,3,4,0,11.666666666666666,0.49275362318840443,247674.67,0.01813671770550946,2364901.45,0.00116951141897441,14,0,0,16.00749806911076,202307,1.0,22.0
1800002493,C000102,2023-07-07,2023-08-21,90326.66,Healthcare,Northeast,NT45,High,CLEARED,11.411199004793403,45,2,2,2.1666666666666665,0.7222222222222222,18,78749.21833333334,7,3,4,0,1.0,-1.1666666666666665,242216.98,1.1470165915509298,1417485.9300000002,0.12755731475893836,45,0,0,16.00749806911076,202307,0.0,0.0
1800002634,C000161,2023-07-08,2023-09-06,132924.31,Construction,Midwest,NT60,Medium,CLEARED,11.797542670512005,60,0,1,1.0909090909090908,0.5,22,86004.56272727273,7,3,5,0,1.3333333333333333,0.24242424242424243,213210.53,1.5455495125475318,1892100.38,0.08055669855318448,60,0,0,16.00749806911076,202307,0.0,0.0
1800000658,C000052,2023-07-08,2023-07-22,228118.92,Construction,South,NT14,High,CLEARED,12.337626734577796,14,0,3,27.7,0.95,20,145334.65600000002,7,3,5,0,33.666666666666664,5.966666666666665,225022.07,1.5696113114273307,2906693.12,0.22009106537672418,14,0,0,16.00749806911076,202307,1.0,50.0
1800001487,C000137,2023-07-08,2023-07-22,127697.4,Logistics,Northeast,NT14,High,CLEARED,11.757426512576437,14,3,2,26.57894736842105,1.0,19,121564.30842105263,7,3,5,0,15.666666666666666,-10.912280701754385,242652.42,1.0504514166913586,2309721.86,0.2255898907101605,14,0,0,16.00749806911076,202307,1.0,20.0
1800003477,C000140,2023-07-08,2023-09-06,149147.28,Logistics,South,NT60,High,CLEARED,11.91269625786165,60,3,3,10.4,0.9,10,107245.894,7,3,5,0,11.0,0.5999999999999996,245059.97,1.3907038716092943,1072458.94,0.08054933150828568,60,0,0,16.00749806911076,202307,1.0,7.0
1800001451,C000061,2023-07-08,2023-08-07,22466.99,Energy,International,NT30,High,CLEARED,10.019846908574781,30,1,0,1.2,0.55,20,121797.71650000001,7,3,5,0,4.666666666666667,3.466666666666667,247291.55,0.18446150425160066,2435954.33,0.018945197994778035,30,0,0,16.00749806911076,202307,1.0,6.0
1800004351,C000166,2023-07-08,2023-09-06,7683.16,Logistics,West,NT60,High,CLEARED,8.94691634615995,60,3,4,26.470588235294116,1.0,17,125056.73000000001,7,3,5,0,21.333333333333332,-5.137254901960784,236797.87,0.06143739725163131,2125964.41,0.003914795743149032,60,0,0,16.00749806911076,202307,0.0,-5.0
1800000606,C000076,2023-07-08,2023-08-22,12280.53,Retail,International,NT45,High,CLEARED,9.415851786773967,45,5,0,12.384615384615385,0.9230769230769231,13,120531.27,7,3,5,0,17.666666666666668,5.282051282051283,245278.82,0.10188667223036811,1566906.51,0.014509712740526952,45,0,0,16.00749806911076,202307,1.0,8.0
1800004655,C000133,2023-07-09,2023-08-08,45969.61,Construction,Northeast,NT30,High,CLEARED,10.735757558235838,30,0,2,8.476190476190476,0.8571428571428571,21,114423.79238095239,7,3,6,0,6.333333333333333,-2.1428571428571432,223979.88,0.4017487014147623,2402899.64,0.2127210585963336,30,0,0,16.00749806911076,202307,0.0,0.0
1800004170,C000001,2023-07-10,2023-07-24,220330.96,Manufacturing,Midwest,NT14,High,CLEARED,12.302890597165955,14,4,1,11.15,0.95,20,131407.081,7,3,0,0,8.0,-3.1500000000000004,232262.82,1.6767053824139049,2628141.62,0.6840474120127553,14,0,1,16.00749806911076,202307,1.0,12.0
1800002869,C000132,2023-07-11,2023-07-25,57826.27,Healthcare,West,NT14,Medium,CLEARED,10.965215742706128,14,2,4,1.4375,0.5,16,110663.25875,7,3,1,0,2.0,0.5625,249747.76,0.5225426275457481,1770612.14,0.04920583735450857,14,0,0,16.00749806911076,202307,1.0,5.0
1800004293,C000069,2023-07-11,2023-08-25,210378.35,Retail,South,NT45,High,CLEARED,12.256667608641187,45,5,3,2.1818181818181817,0.7272727272727273,22,131092.47681818184,7,3,1,0,5.333333333333333,3.1515151515151514,243662.1,1.6048087205780952,2884034.49,0.1617188606634727,45,0,0,16.00749806911076,202307,1.0,6.0
1800003543,C000013,2023-07-11,2023-09-09,223122.52,Retail,West,NT60,High,CLEARED,12.31548079844082,60,5,4,1.1538461538461537,0.5384615384615384,13,109499.13846153846,7,3,1,0,-0.6666666666666666,-1.8205128205128203,231196.03,2.037664616679808,1423488.8,0.16029886060207288,60,0,0,16.00749806911076,202307,1.0,1.0
1800004767,C000199,2023-07-12,2023-07-26,59629.65,Construction,West,NT14,High,CLEARED,10.995924982611154,14,0,4,26.076923076923077,0.9230769230769231,13,146221.6123076923,7,3,2,0,19.0,-7.076923076923077,240816.02,0.4078032587585075,1900880.96,0.031698450250853535,14,0,0,16.00749806911076,202307,1.0,31.0
1800001103,C000143,2023-07-12,2023-10-10,79231.64,Healthcare,Midwest,NT90,High,CLEARED,11.280143614116017,90,2,1,1.588235294117647,0.6470588235294118,17,138549.89529411765,7,3,2,0,1.3333333333333333,-0.2549019607843137,248806.66,0.5718635862683608,2355348.22,0.08219381978342195,90,0,0,16.00749806911076,202307,1.0,1.0
1800001514,C000164,2023-07-12,2023-09-10,141387.88,Manufacturing,Midwest,NT60,High,CLEARED,11.859269387202223,60,4,1,3.0,0.7058823529411765,17,150522.35470588238,7,3,2,0,1.0,-2.0,248805.23,0.939314829855466,2558880.0300000003,0.27418243821091987,60,0,0,16.00749806911076,202307,0.0,-4.0
1800001043,C000071,2023-07-12,2023-10-10,8376.79,Energy,Midwest,NT90,Medium,CLEARED,9.033339435544706,90,1,1,1.0769230769230769,0.46153846153846156,13,148117.83615384618,7,3,2,0,2.6666666666666665,1.5897435897435896,232282.46,0.056554903970506595,1925531.87,0.006904058096422613,90,0,0,16.00749806911076,202307,0.0,0.0
1800000648,C000024,2023-07-12,2023-08-26,193968.1,Construction,International,NT45,High,CLEARED,12.175454147008805,45,0,0,21.26086956521739,0.9565217391304348,23,145503.46869565218,7,3,2,0,0.6666666666666666,-20.594202898550723,249295.78,1.3330823088879118,3346579.78,0.5573210309479835,45,0,0,16.00749806911076,202307,1.0,14.0
1800004710,C000160,2023-07-13,2023-10-11,164700.22,Logistics,International,NT90,High,CLEARED,12.011888323545705,90,3,0,3.0,0.8,15,108622.70733333332,7,3,3,0,4.333333333333333,1.333333333333333,227006.25,1.5162595744790281,1629340.6099999999,0.09493615053802959,90,0,0,16.00749806911076,202307,1.0,1.0
1800002057,C000089,2023-07-13,2023-09-11,237073.0,Logistics,International,NT60,High,CLEARED,12.376127607668582,60,3,0,12.666666666666666,0.875,24,116493.66958333332,7,3,3,0,5.666666666666667,-6.999999999999999,229056.81,2.035071955823408,2795848.07,0.2687462262417603,60,0,0,16.00749806911076,202307,1.0,9.0
1800001632,C000038,2023-07-13,2023-09-11,247361.5,Energy,Midwest,NT60,High,CLEARED,12.418610151057159,60,1,1,1.2105263157894737,0.5263157894736842,19,123304.90315789475,7,3,3,0,0.3333333333333333,-0.8771929824561404,243122.55,2.006096218925276,2342793.16,0.5839497787349897,60,0,0,16.00749806911076,202307,0.0,0.0
1800002447,C000136,2023-07-13,2023-09-11,139212.37,Construction,Midwest,NT60,High,CLEARED,11.843763071120636,60,0,1,12.478260869565217,0.9130434782608695,23,133452.5839130435,7,3,3,0,13.666666666666666,1.1884057971014492,236301.93,1.043159794423385,3069409.43,0.8313713141110531,60,0,0,16.00749806911076,202307,1.0,17.0
1800002744,C000078,2023-07-13,2023-08-12,147119.8,Construction,International,NT30,High,CLEARED,11.899009297001319,30,0,0,25.352941176470587,1.0,17,121728.19529411764,7,3,3,0,32.666666666666664,7.313725490196077,215622.24,1.2085926325000675,2069379.3199999998,0.17475844589164927,30,0,0,16.00749806911076,202307,1.0,24.0
1800003728,C000096,2023-07-14,2023-10-12,216554.23,Healthcare,West,NT90,High,CLEARED,12.285600897817305,90,2,4,3.0,0.65,20,144748.5955,7,3,4,0,4.666666666666667,1.666666666666667,248761.06,1.4960713729343234,2894971.91,0.11467930327586166,90,0,0,16.00749806911076,202307,1.0,3.0
1800001760,C000116,2023-07-14,2023-08-28,121201.46,Manufacturing,Midwest,NT45,High,CLEARED,11.705217649441073,45,4,1,12.409090909090908,0.9090909090909091,22,140997.30272727273,7,3,4,0,19.333333333333332,6.924242424242424,207844.11,0.8596012665181029,3101940.66,0.2040737512979448,45,0,0,16.00749806911076,202307,1.0,9.0
1800001602,C000169,2023-07-14,2023-08-13,225721.52,Healthcare,South,NT30,High,CLEARED,12.327061736295079,30,2,3,1.9333333333333333,0.6666666666666666,15,115395.232,7,3,4,0,3.0,1.0666666666666667,219314.81,1.9560731937347289,1730928.48,0.31783060641099664,30,0,0,16.00749806911076,202307,1.0,8.0
1800000465,C000159,2023-07-14,2023-09-12,249094.91,Healthcare,Northeast,NT60,High,CLEARED,12.425593282006686,60,2,2,1.7272727272727273,0.7272727272727273,22,140233.82636363638,7,3,4,0,1.0,-0.7272727272727273,245933.43,1.7762826306548822,3085144.18,0.7501687387126058,60,0,0,16.00749806911076,202307,0.0,-1.0
1800002761,C000006,2023-07-14,2023-08-28,171093.72,Energy,South,NT45,High,CLEARED,12.049972600257433,45,1,3,1.3157894736842106,0.5789473684210527,19,158829.79736842104,7,3,4,0,2.3333333333333335,1.0175438596491229,249161.14,1.0772142433899328,3017766.15,0.7170826548355003,45,0,0,16.00749806911076,202307,0.0,0.0
1800000368,C000120,2023-07-15,2023-08-14,127324.6,Manufacturing,South,NT30,High,CLEARED,11.754502864091988,30,4,3,2.625,0.7083333333333334,24,128318.86875000001,7,3,5,0,1.3333333333333333,-1.2916666666666667,238554.67,0.9922515779660035,3079652.85,0.15112087234279833,30,0,0,16.00749806911076,202307,0.0,0.0
1800000267,C000120,2023-07-15,2023-08-14,91286.82,Manufacturing,South,NT30,High,CLEARED,11.421772651330958,30,4,3,2.739130434782609,0.7391304347826086,23,129928.95782608695,7,3,5,0,2.6666666666666665,-0.07246376811594235,238554.67,0.7025902579946006,2988366.03,0.10834782808506768,30,0,0,16.00749806911076,202307,0.0,0.0
1800002743,C000122,2023-07-16,2023-07-30,115253.26,Manufacturing,Midwest,NT14,High,CLEARED,11.654895923299419,14,4,1,11.588235294117647,1.0,17,102463.2794117647,7,3,6,0,14.0,2.4117647058823533,225444.56,1.124825016939354,1741875.75,0.08238348811400723,14,0,0,16.00749806911076,202307,0.0,-1.0
1800003701,C000179,2023-07-16,2023-08-30,159397.07,Retail,International,NT45,High,CLEARED,11.979159937360308,45,5,0,1.5909090909090908,0.5909090909090909,22,134118.82863636364,7,3,6,0,2.6666666666666665,1.0757575757575757,208943.23,1.188476454951551,2950614.23,0.08276254124904543,45,0,0,16.00749806911076,202307,0.0,0.0
1800003820,C000093,2023-07-16,2023-08-15,202152.33,Manufacturing,Northeast,NT30,High,CLEARED,12.21678174784939,30,4,2,2.0952380952380953,0.7142857142857143,21,142979.32571428572,7,3,6,0,2.6666666666666665,0.5714285714285712,245348.3,1.4138570663283105,3002565.84,0.14406501079071196,30,0,0,16.00749806911076,202307,1.0,3.0
1800004298,C000080,2023-07-16,2023-08-30,146274.43,Healthcare,West,NT45,High,CLEARED,11.893246630320549,45,2,4,15.666666666666666,1.0,12,122296.055,7,3,6,0,13.666666666666666,-2.0,227515.51,1.1960682623818077,1467552.66,0.1069669524029394,45,0,0,16.00749806911076,202307,1.0,5.0
1800004890,C000091,2023-07-17,2023-08-31,32840.0,Healthcare,International,NT45,High,CLEARED,10.399433013772667,45,2,0,12.166666666666666,1.0,12,105813.28333333333,7,3,0,0,10.666666666666666,-1.5,242446.48,0.3103580095567712,1269759.4,0.06357817791718083,45,0,1,16.00749806911076,202307,1.0,20.0
1800004896,C000044,2023-07-17,2023-10-15,153619.96,Manufacturing,West,NT90,High,CLEARED,11.94224354871945,90,4,4,26.055555555555557,0.9444444444444444,18,138570.04111111112,7,3,0,0,27.0,0.9444444444444429,243770.4,1.1086087495407555,2494260.74,0.2443919572020922,90,0,1,16.00749806911076,202307,1.0,19.0
1800002684,C000155,2023-07-17,2023-09-15,2317.37,Energy,West,NT60,High,CLEARED,7.748619631524104,60,1,4,29.0,0.9444444444444444,18,108013.46833333332,7,3,0,0,40.333333333333336,11.333333333333336,249366.55,0.021454454113523282,1944242.43,0.0011898371435664714,60,0,1,16.00749806911076,202307,1.0,37.0
1800002757,C000082,2023-07-17,2023-07-31,232917.66,Logistics,Northeast,NT14,High,CLEARED,12.35844457288625,14,3,2,12.833333333333334,0.9444444444444444,18,120695.12333333335,7,3,0,0,15.0,2.166666666666666,237416.81,1.9298017481347007,2172512.22,0.47724207370034133,14,0,1,16.00749806911076,202307,1.0,17.0
1800002838,C000128,2023-07-17,2023-08-31,15949.06,Retail,Northeast,NT45,High,CLEARED,9.677217869961401,45,5,2,0.9545454545454546,0.5454545454545454,22,144810.155,7,3,0,0,1.3333333333333333,0.3787878787878787,236385.24,0.11013771789692511,3185823.41,0.011148230187544904,45,0,1,16.00749806911076,202307,1.0,3.0
1800004552,C000078,2023-07-18,2023-08-17,192125.46,Construction,International,NT30,High,CLEARED,12.165909080031282,30,0,0,25.27777777777778,1.0,18,123138.84000000001,7,3,1,0,29.333333333333332,4.055555555555554,215622.24,1.5602344475552958,2216499.12,0.22821908951628692,30,0,0,16.00749806911076,202307,1.0,53.0
1800004619,C000012,2023-07-18,2023-08-01,25914.11,Logistics,International,NT14,High,CLEARED,10.162581475260756,14,3,0,1.4285714285714286,0.6190476190476191,21,138582.07904761905,7,3,1,0,3.3333333333333335,1.9047619047619049,248588.91,0.1869946689939288,2910223.66,0.023740158191562055,14,0,0,16.00749806911076,202307,1.0,2.0
1800003240,C000047,2023-07-18,2023-08-17,14579.97,Construction,South,NT30,High,CLEARED,9.587472532842115,30,0,3,2.235294117647059,0.8235294117647058,17,130682.87411764705,7,3,1,0,2.3333333333333335,0.0980392156862746,248675.38,0.11156756459820745,2221608.86,0.010668287800967798,30,0,0,16.00749806911076,202307,0.0,-3.0
1800003424,C000126,2023-07-19,2023-08-18,29427.07,Manufacturing,Northeast,NT30,High,CLEARED,10.289704259736292,30,4,2,11.76923076923077,0.9230769230769231,13,118171.71461538461,7,3,2,0,4.666666666666667,-7.102564102564103,228114.05,0.24901957372605416,1536232.29,0.029599122298138505,30,0,0,16.00749806911076,202307,1.0,22.0
1800000299,C000037,2023-07-19,2023-09-17,117784.89,Logistics,South,NT60,High,CLEARED,11.676623763738585,60,3,3,2.6,0.7333333333333333,15,135011.89066666664,7,3,2,0,2.3333333333333335,-0.2666666666666666,247564.19,0.8724038261992886,2025178.3599999999,0.05981593848905748,60,0,0,16.00749806911076,202307,0.0,0.0
1800002758,C000103,2023-07-19,2023-09-02,89030.94,Retail,West,NT45,High,CLEARED,11.396750460738037,45,5,4,17.4,1.0,10,105430.61200000001,7,3,2,0,13.333333333333334,-4.066666666666665,234847.84,0.8444505662169541,1054306.12,0.09205986324058693,45,0,0,16.00749806911076,202307,1.0,40.0
1800002188,C000123,2023-07-20,2023-10-18,60982.06,Healthcare,Midwest,NT90,High,CLEARED,11.018351399670264,90,2,1,2.2777777777777777,0.7777777777777778,18,141442.10611111112,7,3,3,0,5.0,2.7222222222222223,249060.7,0.431145022346422,2545957.91,0.056189242884005924,90,0,0,16.00749806911076,202307,1.0,6.0
1800004987,C000187,2023-07-20,2023-09-03,106344.57,Manufacturing,West,NT45,High,CLEARED,11.57444916484777,45,4,4,20.0,1.0,13,127128.75153846154,7,3,3,0,17.333333333333332,-2.666666666666668,240348.44,0.8365107712697588,1652673.77,0.3455981722626586,45,0,0,16.00749806911076,202307,1.0,26.0
1800003355,C000001,2023-07-20,2023-08-03,178292.76,Manufacturing,Midwest,NT14,High,CLEARED,12.091187806043077,14,4,1,11.19047619047619,0.9523809523809523,21,135641.55142857143,7,3,3,0,7.333333333333333,-3.8571428571428568,232262.82,1.3144405834512194,2848472.58,0.5535341064125137,14,0,0,16.00749806911076,202307,1.0,14.0
1800001713,C000176,2023-07-20,2023-08-03,98508.76,Healthcare,International,NT14,High,CLEARED,11.497910908545874,14,2,0,2.0,0.6875,16,116832.716875,7,3,3,0,1.3333333333333333,-0.6666666666666667,240615.17,0.8431607398584686,1869323.47,0.07127405691590517,14,0,0,16.00749806911076,202307,1.0,1.0
1800002533,C000017,2023-07-21,2023-10-19,90340.09,Logistics,Midwest,NT90,High,CLEARED,11.411347674666027,90,3,1,16.583333333333332,1.0,12,115700.15166666667,7,3,4,0,16.666666666666668,0.0833333333333357,243868.16,0.7808122003182046,1388401.82,0.1020277849593441,90,0,0,16.00749806911076,202307,1.0,14.0
1800001470,C000083,2023-07-21,2023-08-04,193086.14,Manufacturing,South,NT14,Medium,CLEARED,12.170896868581071,14,4,3,1.5555555555555556,0.3333333333333333,9,141142.92666666667,7,3,4,0,1.3333333333333333,-0.22222222222222232,237730.96,1.3680185366710313,1270286.34,0.15546585232461685,14,0,0,16.00749806911076,202307,0.0,-1.0
1800000002,C000078,2023-07-21,2023-08-20,136572.0,Construction,International,NT30,High,CLEARED,11.82461454918818,30,0,0,26.736842105263158,1.0,19,126769.71473684211,7,3,4,0,38.666666666666664,11.929824561403507,215622.24,1.0773235569986586,2408624.58,0.16222908454412205,30,0,0,16.00749806911076,202307,1.0,26.0
1800002607,C000200,2023-07-21,2023-09-04,181322.51,Healthcare,Northeast,NT45,Medium,CLEARED,12.108038062908454,45,2,2,0.9375,0.5,16,113734.49875,7,3,4,0,0.3333333333333333,-0.6041666666666667,246386.59,1.594261301476919,1819751.98,0.09525329339796754,45,0,0,16.00749806911076,202307,1.0,3.0
1800002987,C000184,2023-07-22,2023-08-21,31368.43,Retail,International,NT30,High,CLEARED,10.353589130793312,30,5,0,29.833333333333332,1.0,18,129898.77666666667,7,3,5,0,25.333333333333332,-4.5,247177.82,0.24148364445721107,2338177.98,0.024290159477950237,30,0,0,16.00749806911076,202307,1.0,31.0
1800001249,C000165,2023-07-22,2023-09-20,8684.32,Retail,South,NT60,High,CLEARED,9.069389523131731,60,5,3,1.5909090909090908,0.5454545454545454,22,127522.00454545455,7,3,5,0,2.0,0.40909090909090917,248402.81,0.06810056061269426,2805484.1,0.008931694993361591,60,0,0,16.00749806911076,202307,0.0,0.0
1800003620,C000140,2023-07-22,2023-09-20,80302.74,Logistics,South,NT60,High,CLEARED,11.29357147419272,60,3,3,10.090909090909092,0.9090909090909091,11,111055.1109090909,7,3,5,0,8.333333333333334,-1.7575757575757578,245059.97,0.7230890982202105,1221606.22,0.04336875620717772,60,0,0,16.00749806911076,202307,1.0,10.0
1800004490,C000124,2023-07-22,2023-10-20,31780.24,Retail,Midwest,NT90,High,CLEARED,10.366631457579986,90,5,1,1.1818181818181819,0.5454545454545454,11,179482.3890909091,7,3,5,0,2.3333333333333335,1.1515151515151516,243979.86,0.17706606292109855,1974306.28,0.03399671498792163,90,0,0,16.00749806911076,202307,0.0,0.0
1800002444,C000062,2023-07-22,2023-08-21,93909.5,Retail,South,NT30,High,CLEARED,11.450097480031104,30,5,3,1.2666666666666666,0.5333333333333333,15,126795.27333333335,7,3,5,0,0.6666666666666666,-0.6,230338.52,0.7406388071984387,1901929.1,0.05208473434397816,30,0,0,16.00749806911076,202307,1.0,2.0
1800003716,C000138,2023-07-22,2023-08-21,23232.56,Construction,Northeast,NT30,High,CLEARED,10.053353064130476,30,0,2,2.75,0.75,20,144063.106,7,3,5,0,3.0,0.25,248495.46,0.1612665493967623,2881262.12,0.06539987490098205,30,0,0,16.00749806911076,202307,1.0,4.0
1800000761,C000056,2023-07-23,2023-08-06,180997.75,Logistics,South,NT14,Medium,CLEARED,12.106245404146767,14,3,3,1.6923076923076923,0.46153846153846156,13,140393.90153846153,7,3,6,0,0.6666666666666666,-1.0256410256410255,240142.35,1.2892137622545867,1825120.72,0.5125622933760666,14,0,0,16.00749806911076,202307,1.0,2.0
1800000471,C000134,2023-07-24,2023-10-22,111832.69,Construction,West,NT90,Medium,CLEARED,11.624768135990426,90,0,4,1.1666666666666667,0.5,18,111591.05777777778,7,3,0,0,1.3333333333333333,0.16666666666666652,204442.64,1.0021653367844527,2008639.04,0.07024910828870416,90,0,1,16.00749806911076,202307,1.0,3.0
1800000350,C000108,2023-07-24,2023-08-07,12889.61,Retail,Northeast,NT14,High,CLEARED,9.464254418320106,14,5,2,29.615384615384617,0.9615384615384616,26,137812.91076923077,7,3,0,0,27.0,-2.6153846153846168,244068.58,0.09352977110819315,3583135.68,0.010937902798442305,14,0,1,16.00749806911076,202307,1.0,34.0
1800004668,C000122,2023-07-25,2023-08-08,108997.4,Manufacturing,Midwest,NT14,High,CLEARED,11.599088482204461,14,4,1,10.88888888888889,0.9444444444444444,18,103173.83388888888,7,3,1,0,7.666666666666667,-3.2222222222222223,225444.56,1.056444215472139,1857129.01,0.0779117745333858,14,1,0,16.00749806911076,202307,1.0,22.0
1800000398,C000198,2023-07-25,2023-10-23,233409.37,Construction,West,NT90,High,CLEARED,12.360553428010412,90,0,4,9.588235294117647,0.9411764705882353,17,165695.32705882355,7,3,1,0,3.3333333333333335,-6.254901960784313,249539.5,1.4086659783539777,2816820.56,0.15912087242949152,90,1,0,16.00749806911076,202307,1.0,15.0
1800000069,C000086,2023-07-25,2023-08-08,163078.25,Manufacturing,West,NT14,High,CLEARED,12.001991557952783,14,4,4,1.7272727272727273,0.7272727272727273,11,105043.23818181817,7,3,1,0,4.333333333333333,2.6060606060606055,216958.3,1.5524868884728178,1155475.6199999999,0.1007891327432215,14,1,0,16.00749806911076,202307,1.0,3.0
1800001883,C000052,2023-07-25,2023-08-08,216930.05,Construction,South,NT14,High,CLEARED,12.287334840096449,14,0,3,28.761904761904763,0.9523809523809523,21,149276.7638095238,7,3,1,0,42.333333333333336,13.571428571428573,228118.92,1.453207079681881,3134812.04,0.2092959488705542,14,1,0,16.00749806911076,202307,1.0,45.0
1800003337,C000055,2023-07-25,2023-10-23,103401.69,Logistics,Midwest,NT90,High,CLEARED,11.546386256191957,90,3,1,13.277777777777779,0.9444444444444444,18,115024.475,7,3,1,0,12.333333333333334,-0.9444444444444446,241415.98,0.898953809613128,2070440.55,0.05497418645262429,90,1,0,16.00749806911076,202307,1.0,35.0
1800004784,C000056,2023-07-25,2023-08-08,206275.82,Logistics,South,NT14,Medium,CLEARED,12.236974332106568,14,3,3,1.7142857142857142,0.5,14,143294.17642857143,7,3,1,0,1.3333333333333333,-0.38095238095238093,240142.35,1.439526888957859,2006118.47,0.5841465287122559,14,1,0,16.00749806911076,202307,1.0,3.0
1800001474,C000083,2023-07-26,2023-08-09,16904.13,Manufacturing,South,NT14,Medium,CLEARED,9.735372405144952,14,4,3,1.3,0.3,10,146337.248,7,3,2,0,-0.3333333333333333,-1.6333333333333333,237730.96,0.1155148824446938,1463372.48,0.013610583225995017,14,1,0,16.00749806911076,202307,1.0,2.0
1800001223,C000020,2023-07-26,2023-08-09,46578.09,Healthcare,West,NT14,High,CLEARED,10.74890700696583,14,2,4,1.75,0.6,20,126194.83799999999,7,3,2,0,1.0,-0.75,237488.72,0.3690966345231966,2523896.76,0.023377450452390532,14,1,0,16.00749806911076,202307,1.0,1.0
1800002762,C000085,2023-07-26,2023-09-24,227571.94,Manufacturing,West,NT60,High,CLEARED,12.335226081371628,60,4,4,14.631578947368421,1.0,19,111370.61631578948,7,3,2,0,11.666666666666666,-2.964912280701755,247874.28,2.043375061827113,2116041.71,0.17119513572543388,60,1,0,16.00749806911076,202307,1.0,22.0
1800000469,C000042,2023-07-26,2023-09-24,213353.75,Manufacturing,South,NT60,High,CLEARED,12.270711552253943,60,4,3,1.9473684210526316,0.631578947368421,19,127181.54105263157,7,3,2,0,3.6666666666666665,1.7192982456140349,245065.83,1.6775527976320697,2416449.28,3.936198907108261,60,1,0,16.00749806911076,202307,0.0,-1.0
1800001320,C000019,2023-07-26,2023-08-09,183448.28,Logistics,Northeast,NT14,High,CLEARED,12.119693505000583,14,3,2,11.625,1.0,24,98615.2625,7,3,2,0,15.333333333333334,3.708333333333334,247674.67,1.8602422723358871,2366766.3,0.11504671059399678,14,1,0,16.00749806911076,202307,1.0,6.0
1800003486,C000066,2023-07-27,2023-09-25,17849.0,Retail,Northeast,NT60,High,CLEARED,9.789758787207784,60,5,2,27.0,0.9333333333333333,15,110686.882,7,3,3,0,36.333333333333336,9.333333333333336,245166.86,0.16125668803282397,1660303.23,0.011258497480121945,60,1,0,16.00749806911076,202307,1.0,29.0
1800004473,C000134,2023-07-27,2023-10-25,225513.41,Construction,West,NT90,High,CLEARED,12.326139338322221,90,0,4,1.263157894736842,0.5263157894736842,19,111603.77526315789,7,3,3,0,1.6666666666666667,0.4035087719298247,204442.64,2.020661124305581,2120471.73,0.1416590798240205,90,1,0,16.00749806911076,202307,1.0,5.0
1800000205,C000195,2023-07-27,2023-09-25,157177.13,Logistics,Midwest,NT60,High,CLEARED,11.965135027161457,60,3,1,12.125,0.875,16,108671.906875,7,3,3,0,15.0,2.875,220702.53,1.4463455599504038,1738750.51,0.5663671714650087,60,1,0,16.00749806911076,202307,0.0,-5.0
1800000041,C000175,2023-07-27,2023-10-25,28154.45,Construction,West,NT90,High,CLEARED,10.24549622051251,90,0,4,2.4166666666666665,0.75,24,108982.35875,7,3,3,0,2.3333333333333335,-0.08333333333333304,209031.8,0.2583395177249272,2615576.61,0.017647123678579596,90,1,0,16.00749806911076,202307,0.0,0.0
1800003324,C000012,2023-07-27,2023-08-10,243968.45,Logistics,International,NT14,High,CLEARED,12.404798291518516,14,3,0,1.4545454545454546,0.6363636363636364,22,133460.80772727274,7,3,3,0,1.6666666666666667,0.21212121212121215,248588.91,1.8280156860623062,2936137.77,0.22350177554815495,14,1,0,16.00749806911076,202307,1.0,1.0
1800000250,C000137,2023-07-28,2023-08-11,84007.15,Logistics,Northeast,NT14,High,CLEARED,11.338669096928468,14,3,2,26.25,1.0,20,121870.96299999999,7,3,4,0,15.333333333333334,-10.916666666666666,242652.42,0.6893122687477246,2437419.26,0.14840681006325937,14,1,0,16.00749806911076,202307,1.0,65.0
1800004259,C000013,2023-07-28,2023-09-26,32491.9,Retail,West,NT60,High,CLEARED,10.38877688291317,60,5,4,1.1428571428571428,0.5714285714285714,14,117615.0942857143,7,3,4,0,-1.0,-2.142857142857143,231196.03,0.2762562084171752,1646611.32,0.023343293849480064,60,1,0,16.00749806911076,202307,0.0,0.0
1800001244,C000091,2023-07-28,2023-09-11,124247.49,Healthcare,International,NT45,High,CLEARED,11.730038790967523,45,2,0,12.76923076923077,1.0,13,100199.95384615383,7,3,4,0,13.666666666666666,0.897435897435896,242446.48,1.2399954813429213,1302599.4,0.2405429057546634,45,1,0,16.00749806911076,202307,1.0,3.0
1800004795,C000024,2023-07-29,2023-09-12,197963.81,Construction,International,NT45,High,CLEARED,12.195844566608582,45,0,0,20.958333333333332,0.9583333333333334,24,147522.82833333334,7,3,5,0,7.0,-13.958333333333332,249295.78,1.3419198386889206,3540547.88,0.5688017497701463,45,1,0,16.00749806911076,202307,1.0,30.0
1800003009,C000150,2023-07-29,2023-08-28,216050.76,Healthcare,Midwest,NT30,High,CLEARED,12.283273287589338,30,2,1,11.25,1.0,20,141462.5575,7,3,5,0,11.666666666666666,0.4166666666666661,244467.95,1.5272646261891598,2829251.15,0.21261394278657164,30,1,0,16.00749806911076,202307,0.0,-5.0
1800002219,C000017,2023-07-29,2023-10-27,29391.82,Logistics,Midwest,NT90,High,CLEARED,10.288505705813703,90,3,1,16.384615384615383,1.0,13,113749.37769230771,7,3,5,0,16.666666666666668,0.2820512820512846,243868.16,0.25839103998885105,1478741.9100000001,0.03319436908380044,90,1,0,16.00749806911076,202307,0.0,-3.0
1800004221,C000196,2023-07-29,2023-08-12,73999.19,Healthcare,Midwest,NT14,High,CLEARED,11.211822939750578,14,2,1,1.411764705882353,0.7058823529411765,17,140593.73470588238,7,3,5,0,0.3333333333333333,-1.0784313725490198,249974.99,0.526333482461391,2390093.49,0.30894217875089136,14,1,0,16.00749806911076,202307,0.0,-4.0
1800001257,C000023,2023-07-30,2023-09-13,29189.54,Manufacturing,International,NT45,High,CLEARED,10.281599963163172,45,4,0,2.764705882352941,0.8235294117647058,17,132006.85294117648,7,3,6,0,0.6666666666666666,-2.0980392156862746,249683.32,0.22112139900045297,2244116.5,0.015953843726025305,45,1,0,16.00749806911076,202307,1.0,3.0
1800000846,C000195,2023-07-30,2023-09-28,234415.18,Logistics,Midwest,NT60,High,CLEARED,12.364853361606475,60,3,1,11.117647058823529,0.8235294117647058,17,111525.15529411765,7,3,6,0,11.666666666666666,0.5490196078431371,220702.53,2.101904089546371,1895927.6400000001,0.8446843535383352,60,1,0,16.00749806911076,202307,1.0,9.0
1800004635,C000020,2023-07-30,2023-08-13,101104.81,Healthcare,West,NT14,High,CLEARED,11.52392287121096,14,2,4,1.7142857142857142,0.6190476190476191,21,122403.5642857143,7,3,6,0,1.0,-0.7142857142857142,237488.72,0.8259956365649715,2570474.85,0.05074430244506289,14,1,0,16.00749806911076,202307,0.0,0.0
1800003014,C000151,2023-07-30,2023-09-28,42672.73,Energy,International,NT60,High,CLEARED,10.661338787407272,60,1,0,13.3125,1.0,16,125877.606875,7,3,6,0,18.333333333333332,5.020833333333332,230751.15,0.33900175781364533,2014041.71,0.19246520107199913,60,1,0,16.00749806911076,202307,1.0,21.0
1800002435,C000067,2023-07-30,2023-08-13,34958.98,Manufacturing,West,NT14,High,CLEARED,10.461959257686928,14,4,4,1.5454545454545454,0.5909090909090909,22,139029.64681818182,7,3,6,0,0.0,-1.5454545454545454,248221.29,0.2514498223944865,3058652.23,0.021286029330227725,14,1,0,16.00749806911076,202307,0.0,-1.0
1800000420,C000003,2023-07-30,2023-08-29,182043.25,Construction,International,NT30,High,CLEARED,12.112005068375302,30,0,0,2.0625,0.5625,16,117935.299375,7,3,6,0,-0.3333333333333333,-2.3958333333333335,245302.17,1.543585770882349,1886964.79,0.15906922119958505,30,1,0,16.00749806911076,202307,1.0,2.0
1800003142,C000160,2023-07-30,2023-10-28,240451.29,Logistics,International,NT90,High,CLEARED,12.390276970469982,90,3,0,2.875,0.8125,16,112127.551875,7,3,6,0,3.3333333333333335,0.4583333333333335,227006.25,2.144444304536815,1794040.83,0.1386004212046797,90,1,0,16.00749806911076,202307,1.0,5.0
1800004295,C000175,2023-07-31,2023-10-29,24027.8,Construction,West,NT90,High,CLEARED,10.087008389905565,90,0,4,2.32,0.72,25,105749.2424,7,3,0,0,-0.3333333333333333,-2.6533333333333333,209031.8,0.22721486655302978,2643731.06,0.015060552002407251,90,1,1,16.00749806911076,202307,1.0,2.0
1800000185,C000016,2023-08-01,2023-09-30,29392.63,Manufacturing,West,NT60,High,CLEARED,10.288533263184494,60,4,4,9.8125,0.8125,16,121699.363125,8,3,1,0,9.666666666666666,-0.14583333333333393,224363.65,0.24151835511094832,1947189.81,0.09120240243922721,60,0,0,16.172799722028284,202308,0.0,-2.0
1800002163,C000195,2023-08-01,2023-09-30,169804.3,Logistics,Midwest,NT60,High,CLEARED,12.042407765564253,60,3,1,11.0,0.8333333333333334,18,118352.37888888888,8,3,1,0,10.666666666666666,-0.3333333333333339,234415.18,1.4347349972526957,2130342.82,0.6118675222889982,60,0,0,16.172799722028284,202308,1.0,8.0
1800004368,C000155,2023-08-01,2023-09-30,217218.13,Energy,West,NT60,High,CLEARED,12.288661938669943,60,1,4,29.42105263157895,0.9473684210526315,19,102450.51578947369,8,3,1,0,43.0,13.578947368421051,249366.55,2.1202248551521508,1946559.8,0.11152910382461605,60,0,0,16.172799722028284,202308,1.0,34.0
1800001674,C000018,2023-08-01,2023-09-15,132085.68,Manufacturing,Northeast,NT45,High,CLEARED,11.79121365272396,45,4,2,11.473684210526315,0.8947368421052632,19,150884.15157894735,8,3,1,0,18.666666666666668,7.192982456140353,249207.47,0.8754112252199568,2866798.88,0.13047356429638163,45,0,0,16.172799722028284,202308,1.0,17.0
1800001925,C000098,2023-08-01,2023-08-31,63845.22,Manufacturing,West,NT30,High,CLEARED,11.064232658455285,30,4,4,10.541666666666666,0.9583333333333334,24,135314.30791666667,8,3,1,0,15.666666666666666,5.125,247663.32,0.4718290399808946,3247543.39,0.07094858131941237,30,0,0,16.172799722028284,202308,1.0,22.0
1800003096,C000046,2023-08-01,2023-09-30,200453.97,Construction,International,NT60,High,CLEARED,12.208344911976303,60,0,0,1.9090909090909092,0.5454545454545454,22,137145.56772727272,8,3,1,0,3.0,1.0909090909090908,237671.75,1.4616146429071786,3017202.4899999998,1.2457119955991722,60,0,0,16.172799722028284,202308,1.0,7.0
1800004064,C000124,2023-08-01,2023-10-30,71981.07,Retail,Midwest,NT90,Medium,CLEARED,11.18417233920785,90,5,1,1.0833333333333333,0.5,12,167173.87666666668,8,3,1,0,1.6666666666666667,0.5833333333333335,243979.86,0.43057606508417196,2006086.52,0.07700130399630828,90,0,0,16.172799722028284,202308,1.0,7.0
1800000009,C000082,2023-08-01,2023-08-15,166029.42,Logistics,Northeast,NT14,High,CLEARED,12.019926303561947,14,3,2,13.052631578947368,0.9473684210526315,19,126601.57263157894,8,3,1,0,17.0,3.947368421052632,237416.81,1.3114325244849792,2405429.88,0.3401898537709203,14,0,0,16.172799722028284,202308,1.0,18.0
1800000152,C000095,2023-08-01,2023-08-31,2924.75,Healthcare,West,NT30,Medium,CLEARED,7.981306137054876,30,2,4,1.0,0.5,14,115488.01928571428,8,3,1,0,0.3333333333333333,-0.6666666666666667,201969.85,0.025325137776969285,1616832.27,0.0015435495206705466,30,0,0,16.172799722028284,202308,0.0,-1.0
1800001117,C000181,2023-08-01,2023-09-30,170746.45,Retail,International,NT60,High,CLEARED,12.04794084320732,60,5,0,1.55,0.65,20,138779.65,8,3,1,0,0.6666666666666666,-0.8833333333333334,245911.2,1.2303421286910583,2775593.0,0.27234410093443323,60,0,0,16.172799722028284,202308,1.0,1.0
1800003285,C000036,2023-08-02,2023-09-01,84058.84,Energy,South,NT30,High,CLEARED,11.339284205154964,30,1,3,9.947368421052632,0.8947368421052632,19,142049.1347368421,8,3,2,0,19.0,9.052631578947368,248636.81,0.5917589019864572,2698933.56,0.09438982419186637,30,0,0,16.172799722028284,202308,1.0,21.0
1800001908,C000008,2023-08-02,2023-10-01,223728.49,Construction,South,NT60,High,CLEARED,12.318192967131157,60,0,3,2.1538461538461537,0.6923076923076923,13,78699.66307692308,8,3,2,0,2.0,-0.15384615384615374,193313.22,2.8428138222310047,1023095.62,0.1341829565443526,60,0,0,16.172799722028284,202308,1.0,2.0
1800004481,C000080,2023-08-02,2023-09-16,110476.79,Healthcare,West,NT45,High,CLEARED,11.612569784262535,45,2,4,14.846153846153847,1.0,13,124140.5453846154,8,3,2,0,12.0,-2.8461538461538467,227515.51,0.8899331774136966,1613827.09,0.08078900418589585,45,0,0,16.172799722028284,202308,1.0,12.0
1800003107,C000084,2023-08-02,2023-10-01,76672.23,Logistics,West,NT60,High,CLEARED,11.24730790426866,60,3,4,13.476190476190476,1.0,21,129483.98666666665,8,3,2,0,11.333333333333334,-2.1428571428571423,218410.63,0.5921367728457336,2719163.7199999997,0.17866121512983224,60,0,0,16.172799722028284,202308,1.0,13.0
1800001560,C000174,2023-08-02,2023-09-16,195204.31,Retail,South,NT45,High,CLEARED,12.18180715545999,45,5,3,2.4615384615384617,0.8461538461538461,13,155049.1276923077,8,3,2,0,0.6666666666666666,-1.7948717948717952,248156.69,1.258983606714509,2015638.66,0.24996065959627403,45,0,0,16.172799722028284,202308,1.0,3.0
1800001934,C000057,2023-08-02,2023-09-01,169621.84,Manufacturing,Midwest,NT30,High,CLEARED,12.041332663084095,30,4,1,1.2916666666666667,0.5416666666666666,24,114320.15083333333,8,3,2,0,0.6666666666666666,-0.6250000000000001,240567.15,1.4837440185614403,2743683.62,0.13182047163550625,30,0,0,16.172799722028284,202308,1.0,2.0
1800004111,C000112,2023-08-02,2023-08-16,213896.0,Logistics,International,NT14,High,CLEARED,12.273249869726701,14,3,0,10.833333333333334,0.875,24,163995.57499999998,8,3,2,0,12.0,1.166666666666666,242663.76,1.3042790941158018,3935893.8,2.864485858027319,14,0,0,16.172799722028284,202308,1.0,11.0
1800002525,C000180,2023-08-02,2023-10-01,153894.96,Manufacturing,Midwest,NT60,High,CLEARED,11.944032068670197,60,4,1,12.25,0.85,20,89192.73049999999,8,3,2,0,9.333333333333334,-2.916666666666666,207582.14,1.7254204365904013,1783854.6099999999,0.08978680763279837,60,0,0,16.172799722028284,202308,1.0,7.0
1800002781,C000007,2023-08-03,2023-11-01,246354.97,Energy,Midwest,NT90,High,CLEARED,12.414532801492154,90,1,1,7.0625,0.75,16,86841.0275,8,3,3,0,5.666666666666667,-1.395833333333333,200066.13,2.8368500130885717,1389456.44,0.26045096150402064,90,0,0,16.172799722028284,202308,1.0,16.0
1800002258,C000199,2023-08-03,2023-08-17,97463.99,Construction,West,NT14,High,CLEARED,11.487248515579306,14,0,4,26.428571428571427,0.9285714285714286,14,140036.47214285712,8,3,3,0,29.333333333333332,2.904761904761905,240816.02,0.695990041084246,1960510.6099999999,0.05181075921567017,14,0,0,16.172799722028284,202308,1.0,42.0
1800004631,C000200,2023-08-03,2023-09-17,134422.67,Healthcare,Northeast,NT45,High,CLEARED,11.808751807636,45,2,2,1.0588235294117647,0.5294117647058824,17,117710.26411764706,8,3,3,0,2.0,0.9411764705882353,246386.59,1.1419791723995243,2001074.49,0.07061562309526914,45,0,0,16.172799722028284,202308,0.0,0.0
1800003234,C000021,2023-08-04,2023-11-02,204724.81,Logistics,South,NT90,Medium,CLEARED,12.22942685065761,90,3,3,0.6363636363636364,0.45454545454545453,11,127555.75181818182,8,3,4,0,0.0,-0.6363636363636364,240270.45,1.6049829747529933,1403113.27,0.7488765834881567,90,0,0,16.172799722028284,202308,1.0,6.0
1800000736,C000197,2023-08-04,2023-09-03,136281.82,Healthcare,West,NT30,High,CLEARED,11.822487564252329,30,2,4,26.863636363636363,0.9545454545454546,22,109229.14,8,3,4,0,25.666666666666668,-1.1969696969696955,244520.22,1.247669074388025,2403041.08,0.10039560038290378,30,0,0,16.172799722028284,202308,1.0,34.0
1800003921,C000132,2023-08-04,2023-08-18,179134.68,Healthcare,West,NT14,High,CLEARED,12.09589878652126,14,2,4,1.6470588235294117,0.5294117647058824,17,107555.20058823528,8,3,4,0,3.6666666666666665,2.019607843137255,249747.76,1.6655138851518658,1828438.41,0.15243023505807896,14,0,0,16.172799722028284,202308,1.0,1.0
1800000369,C000063,2023-08-05,2023-08-19,247094.54,Manufacturing,Midwest,NT14,High,CLEARED,12.417530342441086,14,4,1,8.75,0.9166666666666666,24,119484.02875,8,3,5,0,17.0,8.25,248129.07,2.0680131276541007,2867616.69,0.46049640895250893,14,0,0,16.172799722028284,202308,1.0,10.0
1800004527,C000113,2023-08-05,2023-10-04,178659.96,Healthcare,South,NT60,High,CLEARED,12.09324521057622,60,2,3,1.0,0.5454545454545454,22,96983.13818181818,8,3,5,0,1.6666666666666667,0.6666666666666667,245331.65,1.8421754889500377,2133629.04,0.13856151124248614,60,0,0,16.172799722028284,202308,1.0,4.0
1800002794,C000023,2023-08-05,2023-09-19,171898.32,Manufacturing,International,NT45,High,CLEARED,12.054664235574867,45,4,0,2.7777777777777777,0.8333333333333334,18,126294.78,8,3,5,0,2.0,-0.7777777777777777,249683.32,1.3610880829754008,2273306.04,0.09395279727074458,45,0,0,16.172799722028284,202308,0.0,0.0
1800000826,C000182,2023-08-05,2023-08-19,96237.43,Retail,West,NT14,High,CLEARED,11.474584037132287,14,5,4,11.894736842105264,0.9473684210526315,19,106988.08263157895,8,3,5,0,10.666666666666666,-1.2280701754385976,249682.11,0.89951541922104,2032773.57,0.08342634816253154,14,0,0,16.172799722028284,202308,1.0,18.0
1800000104,C000096,2023-08-05,2023-11-03,143950.9,Healthcare,West,NT90,High,CLEARED,11.877234494980655,90,2,4,3.0,0.6666666666666666,21,148167.91142857145,8,3,5,0,2.3333333333333335,-0.6666666666666665,248761.06,0.9715389696195834,3111526.14,0.0762312004615806,90,0,0,16.172799722028284,202308,1.0,1.0
1800001183,C000109,2023-08-06,2023-11-04,245991.22,Healthcare,West,NT90,High,CLEARED,12.413055188398127,90,2,4,35.40909090909091,1.0,22,116070.55227272726,8,3,6,0,38.0,2.5909090909090935,227537.49,2.119324972470212,2553552.15,0.5632401219325587,90,0,0,16.172799722028284,202308,1.0,15.0
1800003330,C000025,2023-08-06,2023-11-04,30478.44,Energy,International,NT90,High,CLEARED,10.32480763692839,90,1,0,9.058823529411764,0.7647058823529411,17,131664.73823529412,8,3,6,0,2.0,-7.0588235294117645,227686.87,0.23148521318998022,2238300.55,0.04468296058706915,90,0,0,16.172799722028284,202308,1.0,19.0
1800004048,C000041,2023-08-06,2023-08-20,59674.11,Manufacturing,South,NT14,High,CLEARED,10.996670294523303,14,4,3,21.25,1.0,12,139893.72833333333,8,3,6,0,21.0,-0.25,248153.88,0.42656744309373795,1678724.74,0.07082918119378914,14,0,0,16.172799722028284,202308,1.0,24.0
1800003691,C000053,2023-08-06,2023-09-20,18332.3,Manufacturing,South,NT45,Medium,CLEARED,9.816474357363028,45,4,3,0.7142857142857143,0.5,14,125694.94642857143,8,3,6,0,1.3333333333333333,0.619047619047619,217356.11,0.14584755012738465,1759729.25,0.030265033788164836,45,0,0,16.172799722028284,202308,0.0,-4.0
1800004582,C000151,2023-08-07,2023-10-06,127164.58,Energy,International,NT60,High,CLEARED,11.753245295785776,60,1,0,13.764705882352942,1.0,17,120983.20235294117,8,3,0,0,19.333333333333332,5.56862745098039,230751.15,1.0510928585691266,2056714.44,0.5735455982998116,60,0,1,16.172799722028284,202308,1.0,11.0
1800001875,C000102,2023-08-07,2023-09-21,111334.54,Healthcare,Northeast,NT45,High,CLEARED,11.620303803453588,45,2,2,2.0526315789473686,0.6842105263157895,19,79358.55736842105,8,3,0,0,0.6666666666666666,-1.385964912280702,242216.98,1.4029304928406254,1507812.59,0.1572241790222467,45,0,1,16.172799722028284,202308,1.0,4.0
1800001728,C000068,2023-08-07,2023-09-21,221776.73,Manufacturing,Northeast,NT45,High,CLEARED,12.309430943086442,45,4,2,1.7647058823529411,0.5882352941176471,17,132730.3417647059,8,3,0,0,2.0,0.23529411764705888,249101.62,1.6708819328827518,2256415.81,0.165868359505203,45,0,1,16.172799722028284,202308,0.0,0.0
1800004942,C000129,2023-08-08,2023-08-22,209407.32,Construction,South,NT14,High,CLEARED,12.252041309198502,14,0,3,2.727272727272727,0.8636363636363636,22,127462.29954545455,8,3,1,0,3.0,0.27272727272727293,234109.33,1.6428961406374354,2804170.59,0.14851963020443815,14,0,0,16.172799722028284,202308,1.0,5.0
1800002518,C000083,2023-08-08,2023-08-22,116710.58,Manufacturing,South,NT14,Medium,CLEARED,11.66746104214357,14,4,3,1.3636363636363635,0.36363636363636365,11,134570.60090909092,8,3,1,0,0.3333333333333333,-1.0303030303030303,237730.96,0.8672814062771687,1480276.61,0.09397106283755209,14,0,0,16.172799722028284,202308,1.0,5.0
1800003149,C000076,2023-08-08,2023-09-22,75783.16,Retail,International,NT45,High,CLEARED,11.235644578816734,45,5,0,12.071428571428571,0.9285714285714286,14,112799.07428571429,8,3,1,0,13.0,0.9285714285714288,245278.82,0.6718420384199708,1579187.04,0.0895394483926502,45,0,0,16.172799722028284,202308,1.0,14.0
1800004332,C000085,2023-08-08,2023-10-07,119178.67,Manufacturing,West,NT60,High,CLEARED,11.688387465376177,60,4,4,15.0,1.0,20,117180.6825,8,3,1,0,14.666666666666666,-0.3333333333333339,247874.28,1.017050485262364,2343613.65,0.08965432463346182,60,0,0,16.172799722028284,202308,0.0,-1.0
1800004127,C000101,2023-08-09,2023-08-23,143851.5,Manufacturing,West,NT14,High,CLEARED,11.876543748043137,14,4,4,10.0,0.8666666666666667,15,121135.27,8,3,2,0,10.0,0.0,215579.33,1.1875277943409874,1817029.05,0.35574085816115675,14,0,0,16.172799722028284,202308,1.0,5.0
1800003798,C000091,2023-08-09,2023-09-23,187606.89,Healthcare,International,NT45,High,CLEARED,12.142109372239164,45,2,0,12.071428571428571,1.0,14,101917.635,8,3,2,0,11.333333333333334,-0.7380952380952372,242446.48,1.8407696567919773,1426846.89,0.36320658437603454,45,0,0,16.172799722028284,202308,1.0,4.0
1800000186,C000174,2023-08-09,2023-09-23,127978.06,Retail,South,NT45,High,CLEARED,11.759621935768838,45,5,3,2.5,0.8571428571428571,14,157917.35499999998,8,3,2,0,1.6666666666666667,-0.8333333333333333,248156.69,0.8104116232189933,2210842.9699999997,0.16387691589110678,45,0,0,16.172799722028284,202308,0.0,0.0
1800000985,C000133,2023-08-09,2023-09-08,132087.54,Construction,Northeast,NT30,High,CLEARED,11.791227734286947,30,0,2,8.090909090909092,0.8181818181818182,22,111312.23863636363,8,3,2,0,6.0,-2.0909090909090917,223979.88,1.186639866542487,2448869.25,0.6112255756832734,30,0,0,16.172799722028284,202308,1.0,10.0
1800002937,C000013,2023-08-10,2023-10-09,58572.63,Retail,West,NT60,High,CLEARED,10.978039874284718,60,5,4,1.0666666666666667,0.5333333333333333,15,111940.21466666667,8,3,3,0,0.3333333333333333,-0.7333333333333334,231196.03,0.5232492199020379,1679103.22,0.04208058358011909,60,0,0,16.172799722028284,202308,0.0,0.0
1800001635,C000183,2023-08-10,2023-08-24,121685.19,Logistics,International,NT14,High,CLEARED,11.709200796776692,14,3,0,10.88888888888889,0.9444444444444444,18,134564.97388888887,8,3,3,0,10.333333333333334,-0.5555555555555554,212402.49,0.9042857623594994,2422169.53,0.07268971569515671,14,0,0,16.172799722028284,202308,1.0,17.0
1800001770,C000082,2023-08-10,2023-08-24,182763.53,Logistics,Northeast,NT14,High,CLEARED,12.11595388197541,14,3,2,13.3,0.95,20,128572.965,8,3,3,0,18.0,4.699999999999999,237416.81,1.421477135570452,2571459.3,0.37447759888191623,14,0,0,16.172799722028284,202308,1.0,11.0
1800002966,C000176,2023-08-11,2023-08-25,134207.72,Healthcare,International,NT14,High,CLEARED,11.807151479054069,14,2,0,1.9411764705882353,0.7058823529411765,17,115754.83705882353,8,3,4,0,2.0,0.05882352941176472,240615.17,1.1594134932935822,1967832.23,0.09710333044324043,14,0,0,16.172799722028284,202308,1.0,5.0
1800003984,C000174,2023-08-11,2023-09-25,218689.59,Retail,South,NT45,High,CLEARED,12.295413178761578,45,5,3,2.3333333333333335,0.8,15,155921.40199999997,8,3,4,0,2.0,-0.3333333333333335,248156.69,1.402563004147436,2338821.03,0.2800337459927946,45,0,0,16.172799722028284,202308,0.0,0.0
1800001577,C000092,2023-08-11,2023-09-25,209145.26,Retail,Northeast,NT45,High,CLEARED,12.250789094807521,45,5,2,1.92,0.56,25,138273.80599999998,8,3,4,0,3.3333333333333335,1.4133333333333336,244604.99,1.5125443209395715,3456845.15,0.310565498018023,45,0,0,16.172799722028284,202308,1.0,2.0
1800003878,C000080,2023-08-11,2023-09-25,26872.91,Healthcare,West,NT45,High,CLEARED,10.198911206467926,45,2,4,14.642857142857142,1.0,14,123164.56285714285,8,3,4,0,11.666666666666666,-2.9761904761904763,227515.51,0.21818702861122136,1724303.88,0.019651509049794104,45,0,0,16.172799722028284,202308,1.0,21.0
1800004608,C000035,2023-08-12,2023-11-10,115766.44,Healthcare,International,NT90,High,CLEARED,11.6593386301454,90,2,0,1.3870967741935485,0.6129032258064516,31,102793.67451612903,8,3,5,0,1.6666666666666667,0.27956989247311825,214743.13,1.1262019822225098,3186603.91,0.0732695333139731,90,0,0,16.172799722028284,202308,1.0,5.0
1800003245,C000093,2023-08-12,2023-09-11,173755.01,Manufacturing,Northeast,NT30,High,CLEARED,12.065407352756878,30,4,2,2.1363636363636362,0.7272727272727273,22,145669.00772727272,8,3,5,0,1.6666666666666667,-0.4696969696969695,245348.3,1.1928069855827603,3204718.17,0.12382749875101745,30,0,0,16.172799722028284,202308,1.0,5.0
1800002610,C000016,2023-08-13,2023-10-12,148058.4,Manufacturing,West,NT60,High,CLEARED,11.905368823577694,60,4,4,9.117647058823529,0.7647058823529411,17,116269.55529411764,8,3,6,0,9.666666666666666,0.5490196078431371,224363.65,1.2734064358074535,1976582.44,0.4594104638240293,60,0,0,16.172799722028284,202308,1.0,12.0
1800000611,C000126,2023-08-13,2023-09-12,151958.87,Manufacturing,Northeast,NT30,High,CLEARED,11.93137175181291,30,4,2,12.5,0.9285714285714286,14,111832.81142857143,8,3,6,0,11.333333333333334,-1.166666666666666,228114.05,1.358803986583646,1565659.3599999999,0.1528473333368538,30,0,0,16.172799722028284,202308,1.0,24.0
1800001020,C000173,2023-08-13,2023-08-27,240405.83,Manufacturing,West,NT14,High,CLEARED,12.390087892221302,14,4,4,2.0555555555555554,0.7222222222222222,18,93751.40666666668,8,3,6,0,1.0,-1.0555555555555554,198123.83,2.5642903775808232,1687525.32,0.3792136133250034,14,0,0,16.172799722028284,202308,1.0,2.0
1800002716,C000082,2023-08-14,2023-08-28,18085.68,Logistics,Northeast,NT14,High,CLEARED,9.802931034735842,14,3,2,13.19047619047619,0.9523809523809523,21,131153.4680952381,8,3,0,0,15.333333333333334,2.142857142857144,237416.81,0.13789707784827274,2754222.83,0.03705707599621596,14,0,1,16.172799722028284,202308,1.0,20.0
1800001467,C000029,2023-08-14,2023-09-28,195499.87,Construction,International,NT45,High,CLEARED,12.183320108525534,45,0,0,2.4444444444444446,0.6666666666666666,18,125294.41166666668,8,3,0,0,3.0,0.5555555555555554,230369.45,1.5603239394276256,2255299.41,0.10126863158228219,45,0,1,16.172799722028284,202308,1.0,4.0
1800002420,C000174,2023-08-14,2023-09-28,160714.26,Retail,South,NT45,High,CLEARED,11.98738950676919,45,5,3,2.1875,0.75,16,159844.41375,8,3,0,0,1.0,-1.1875,248156.69,1.0054418307752717,2557510.62,0.20579587836009913,45,0,1,16.172799722028284,202308,1.0,3.0
1800003098,C000023,2023-08-14,2023-09-28,139946.95,Manufacturing,International,NT45,High,CLEARED,11.849025846747713,45,4,0,2.6315789473684212,0.7894736842105263,19,128694.9663157895,8,3,0,0,1.3333333333333333,-1.298245614035088,249683.32,1.0874314202515163,2445204.3600000003,0.0764894469126227,45,0,1,16.172799722028284,202308,1.0,1.0
1800002145,C000083,2023-08-15,2023-08-29,40689.45,Manufacturing,South,NT14,Medium,CLEARED,10.613748700162894,14,4,3,1.6666666666666667,0.4166666666666667,12,133082.26583333334,8,3,1,0,2.0,0.33333333333333326,237730.96,0.3057465977544879,1596987.19,0.032761647339730755,14,0,0,16.172799722028284,202308,1.0,2.0
1800000023,C000126,2023-08-15,2023-09-14,1706.05,Manufacturing,Northeast,NT30,High,CLEARED,7.442522013519534,30,4,2,13.266666666666667,0.9333333333333333,15,114507.882,8,3,1,0,19.333333333333332,6.066666666666665,228114.05,0.014898974378025785,1717618.23,0.0017160248232915881,30,0,0,16.172799722028284,202308,1.0,23.0
1800004396,C000026,2023-08-15,2023-09-29,206878.68,Manufacturing,Midwest,NT45,High,CLEARED,12.239892647214079,45,4,1,1.84,0.68,25,129507.14439999999,8,3,1,0,0.6666666666666666,-1.1733333333333333,236806.85,1.5974306356491634,3237678.61,0.3980735717696613,45,0,0,16.172799722028284,202308,1.0,2.0
1800003702,C000087,2023-08-15,2023-10-14,1045.9,Construction,South,NT60,High,CLEARED,6.953588695325309,60,0,3,8.714285714285714,0.7857142857142857,14,138887.59785714286,8,3,1,0,8.333333333333334,-0.3809523809523796,236206.27,0.007530549999689626,1944426.37,0.0005687124326056872,60,0,0,16.172799722028284,202308,1.0,12.0
1800002223,C000055,2023-08-15,2023-11-13,207641.09,Logistics,Midwest,NT90,High,CLEARED,12.243571155388485,90,3,1,14.421052631578947,0.9473684210526315,19,114412.74947368422,8,3,1,0,19.333333333333332,4.912280701754385,241415.98,1.8148422352856661,2173842.24,0.11039374691928285,90,0,0,16.172799722028284,202308,1.0,12.0
1800001726,C000067,2023-08-16,2023-08-30,23092.78,Manufacturing,West,NT14,High,CLEARED,10.047318596182542,14,4,4,1.434782608695652,0.5652173913043478,23,134504.83521739132,8,3,2,0,0.0,-1.434782608695652,248221.29,0.17168735951147523,3093611.21,0.014060867691119597,14,0,0,16.172799722028284,202308,1.0,2.0
1800001405,C000070,2023-08-17,2023-11-15,14587.71,Energy,Midwest,NT90,Medium,CLEARED,9.588003220884058,90,1,1,1.3333333333333333,0.42857142857142855,21,142281.44666666666,8,3,3,0,2.0,0.6666666666666667,248201.18,0.10252714139304273,2987910.38,0.008287412591425108,90,0,0,16.172799722028284,202308,1.0,7.0
1800004209,C000151,2023-08-17,2023-10-16,17341.27,Energy,International,NT60,High,CLEARED,9.760902152954415,60,1,0,13.61111111111111,1.0,18,121326.61222222222,8,3,3,0,21.333333333333332,7.722222222222221,230751.15,0.14293047240318285,2183879.02,0.07821367457375768,60,0,0,16.172799722028284,202308,1.0,7.0
1800004249,C000165,2023-08-17,2023-10-16,231108.78,Retail,South,NT60,High,CLEARED,12.35064811470931,60,5,3,1.5217391304347827,0.5217391304347826,23,122355.14869565217,8,3,3,0,1.3333333333333333,-0.18840579710144945,248402.81,1.8888357577404695,2814168.42,0.23769197049946403,60,0,0,16.172799722028284,202308,1.0,4.0
1800003042,C000146,2023-08-17,2023-09-16,34548.31,Construction,International,NT30,Medium,CLEARED,10.450142857939952,30,0,0,0.875,0.5,16,136710.556875,8,3,3,0,1.3333333333333333,0.45833333333333326,236408.5,0.25271135448295273,2187368.91,0.01728135951237391,30,0,0,16.172799722028284,202308,1.0,5.0
1800001500,C000094,2023-08-18,2023-09-01,68543.23,Healthcare,West,NT14,High,CLEARED,11.135234509310662,14,2,4,9.235294117647058,0.9411764705882353,17,122312.87,8,3,4,0,7.333333333333333,-1.901960784313725,243254.75,0.5603926226242586,2079318.79,0.061857000429531225,14,0,0,16.172799722028284,202308,1.0,27.0
1800003061,C000148,2023-08-18,2023-10-02,95381.85,Construction,Northeast,NT45,High,CLEARED,11.46565407188389,45,0,2,9.933333333333334,0.8666666666666667,30,141439.34733333334,8,3,4,0,2.6666666666666665,-7.2666666666666675,248646.7,0.6743657390839864,4243180.42,0.0740639953931815,45,0,0,16.172799722028284,202308,0.0,0.0
1800002741,C000141,2023-08-18,2023-11-16,192721.83,Healthcare,Northeast,NT90,High,CLEARED,12.169008321697333,90,2,2,12.8,0.9333333333333333,15,130776.80933333334,8,3,4,0,11.0,-1.8000000000000007,217062.14,1.473669765935157,1961652.1400000001,0.17332710889386266,90,0,0,16.172799722028284,202308,1.0,15.0
1800004414,C000161,2023-08-18,2023-10-17,224367.13,Construction,Midwest,NT60,Medium,CLEARED,12.321043419371527,60,0,1,1.0434782608695652,0.4782608695652174,23,88044.55173913043,8,3,4,0,2.0,0.9565217391304348,213210.53,2.548336331642455,2025024.69,0.13597418904527814,60,0,0,16.172799722028284,202308,1.0,3.0
1800003689,C000054,2023-08-18,2023-11-16,44867.33,Construction,Midwest,NT90,High,CLEARED,10.711487479645797,90,0,1,1.8421052631578947,0.6842105263157895,19,121477.19947368422,8,3,4,0,2.0,0.1578947368421053,235228.36,0.3693477475147069,2308066.79,0.04148872282445994,90,0,0,16.172799722028284,202308,1.0,7.0
1800003063,C000188,2023-08-18,2023-10-02,5661.24,Construction,International,NT45,High,CLEARED,8.641574852622322,45,0,0,2.05,0.65,20,107265.16,8,3,4,0,3.0,0.9500000000000002,242705.68,0.052777994271392493,2145303.2,0.0033911385632536526,45,0,0,16.172799722028284,202308,0.0,0.0
1800003771,C000043,2023-08-19,2023-10-18,176515.75,Healthcare,Midwest,NT60,High,CLEARED,12.081171051702546,60,2,1,1.7,0.7,20,105293.00249999999,8,3,5,0,3.6666666666666665,1.9666666666666666,204121.46,1.6764243188905172,2105860.05,0.09209023787629331,60,0,0,16.172799722028284,202308,1.0,2.0
1800003618,C000174,2023-08-19,2023-10-03,129001.1,Retail,South,NT45,High,CLEARED,11.767583962281075,45,5,3,2.235294117647059,0.7647058823529411,17,159895.5811764706,8,3,5,0,1.0,-1.2352941176470589,248156.69,0.806783396081637,2718224.88,0.16518692668540416,45,0,0,16.172799722028284,202308,1.0,1.0
1800003010,C000182,2023-08-19,2023-09-02,55229.27,Retail,West,NT14,High,CLEARED,10.919266451530758,14,5,4,12.2,0.95,20,106450.55,8,3,5,0,17.0,4.800000000000001,249682.11,0.5188255955464767,2129011.0,0.04787717531299889,14,0,0,16.172799722028284,202308,1.0,5.0
1800000815,C000051,2023-08-19,2023-10-18,16876.22,Energy,Midwest,NT60,High,CLEARED,9.733720062643613,60,1,1,13.785714285714286,1.0,14,141876.635,8,3,5,0,9.666666666666666,-4.11904761904762,243046.07,0.118949959589893,1986272.8900000001,0.01788385410513189,60,0,0,16.172799722028284,202308,0.0,-4.0
1800002421,C000062,2023-08-19,2023-09-18,154968.99,Retail,South,NT30,High,CLEARED,11.95098676425276,30,5,3,1.3125,0.5625,16,124739.9125,8,3,5,0,1.3333333333333333,0.02083333333333326,230338.52,1.2423368502843866,1995838.6,0.08594996965913573,30,0,0,16.172799722028284,202308,0.0,-1.0
1800004402,C000139,2023-08-19,2023-11-17,145431.61,Retail,West,NT90,Medium,CLEARED,11.887468096789233,90,5,4,1.4615384615384615,0.38461538461538464,13,118406.4076923077,8,3,5,0,3.3333333333333335,1.871794871794872,243387.7,1.2282410456866515,1539283.3,0.2900634223243566,90,0,0,16.172799722028284,202308,1.0,2.0
1800003195,C000039,2023-08-20,2023-09-19,13579.43,Manufacturing,West,NT30,High,CLEARED,9.516385064823464,30,4,4,2.0,0.6428571428571429,14,131578.06285714285,8,3,6,0,4.333333333333333,2.333333333333333,241789.09,0.10320436176920678,1842092.88,0.014262238519946856,30,0,0,16.172799722028284,202308,0.0,-1.0
1800004726,C000068,2023-08-20,2023-10-04,201865.12,Manufacturing,Northeast,NT45,High,CLEARED,12.215359984375475,45,4,2,1.6666666666666667,0.5555555555555556,18,137677.36333333334,8,3,6,0,2.0,0.33333333333333326,249101.62,1.4662186659637026,2478192.54,0.15097632783980963,45,0,0,16.172799722028284,202308,0.0,-2.0
1800001765,C000068,2023-08-21,2023-10-05,40118.84,Manufacturing,Northeast,NT45,High,CLEARED,10.599626254032028,45,4,2,1.4736842105263157,0.5263157894736842,19,141055.66631578948,8,3,0,0,-0.6666666666666666,-2.1403508771929824,249101.62,0.28441849269765335,2680057.66,0.03000515958573164,45,0,1,16.172799722028284,202308,1.0,4.0
1800004421,C000043,2023-08-21,2023-10-20,115662.35,Healthcare,Midwest,NT60,High,CLEARED,11.658439095498185,60,2,1,1.7142857142857142,0.7142857142857143,21,108684.5619047619,8,3,0,0,3.0,1.2857142857142858,204121.46,1.0642022010573369,2282375.8,0.06034233956364287,60,0,1,16.172799722028284,202308,1.0,2.0
1800004877,C000114,2023-08-21,2023-09-20,93354.4,Manufacturing,West,NT30,High,CLEARED,11.444168994109875,30,4,4,14.5,1.0,12,137952.03666666665,8,3,0,0,12.333333333333334,-2.166666666666666,245437.25,0.6767163592196331,1655424.44,0.08745911678081378,30,0,1,16.172799722028284,202308,1.0,16.0
1800002067,C000047,2023-08-22,2023-09-21,219259.49,Construction,South,NT30,High,CLEARED,12.29801575401578,30,0,3,1.9444444444444444,0.7777777777777778,18,124232.71277777778,8,3,1,0,0.3333333333333333,-1.6111111111111112,248675.38,1.7649094598151622,2236188.83,0.1604340298651795,30,0,0,16.172799722028284,202308,1.0,7.0
1800001563,C000135,2023-08-22,2023-11-20,41929.37,Healthcare,West,NT90,High,CLEARED,10.643765664356737,90,2,4,1.3636363636363635,0.5909090909090909,22,114075.82772727273,8,3,1,0,3.6666666666666665,2.3030303030303028,235519.4,0.36755700866131624,2509668.21,0.06657160951120479,90,0,0,16.172799722028284,202308,0.0,-1.0
1800004980,C000040,2023-08-22,2023-09-05,33690.38,Construction,West,NT14,High,CLEARED,10.424997297271396,14,0,4,29.666666666666668,1.0,18,126500.14111111111,8,3,1,0,27.666666666666668,-2.0,234235.26,0.2663268175361807,2277002.54,0.22664652233031707,14,0,0,16.172799722028284,202308,1.0,2.0
1800002003,C000116,2023-08-22,2023-10-06,96035.64,Manufacturing,Midwest,NT45,High,CLEARED,11.472485064300445,45,4,1,12.26086956521739,0.9130434782608695,23,140136.6139130435,8,3,1,0,15.0,2.7391304347826093,207844.11,0.6853001319097899,3223142.12,0.16170063721261244,45,0,0,16.172799722028284,202308,1.0,8.0
1800002254,C000199,2023-08-23,2023-09-06,127574.89,Construction,West,NT14,High,CLEARED,11.756466682196296,14,0,4,27.466666666666665,0.9333333333333333,15,137198.30666666667,8,3,2,0,36.0,8.533333333333335,240816.02,0.9298576134030031,2057974.6,0.06781737447600501,14,0,0,16.172799722028284,202308,1.0,32.0
1800000056,C000037,2023-08-23,2023-10-22,21116.83,Logistics,South,NT60,High,CLEARED,9.957872986329322,60,3,3,2.4375,0.6875,16,133935.203125,8,3,2,0,2.3333333333333335,-0.10416666666666652,247564.19,0.1576645236450042,2142963.25,0.01072398169547795,60,0,0,16.172799722028284,202308,1.0,10.0
1800000099,C000045,2023-08-23,2023-11-21,56836.97,Energy,International,NT90,High,CLEARED,10.947959867287553,90,1,0,30.416666666666668,1.0,12,141335.91083333333,8,3,2,0,41.333333333333336,10.916666666666668,241835.25,0.4021410387840038,1696030.93,0.08591752946785221,90,0,0,16.172799722028284,202308,1.0,45.0
1800003306,C000061,2023-08-23,2023-09-22,156755.63,Energy,International,NT30,High,CLEARED,11.962449754251407,30,1,0,1.4285714285714286,0.5714285714285714,21,117067.68190476189,8,3,2,0,6.0,4.571428571428571,247291.55,1.3390171177005576,2458421.32,0.13218354782488295,30,0,0,16.172799722028284,202308,1.0,5.0
1800004216,C000115,2023-08-23,2023-11-21,174573.45,Healthcare,International,NT90,High,CLEARED,12.070106577200896,90,2,0,10.090909090909092,0.9090909090909091,11,131053.00636363635,8,3,2,0,13.666666666666666,3.5757575757575744,246733.75,1.3320827567709992,1441583.0699999998,0.19410631834768477,90,0,0,16.172799722028284,202308,0.0,-4.0
1800003757,C000187,2023-08-23,2023-10-07,138460.46,Manufacturing,West,NT45,High,CLEARED,11.838347298738029,45,4,4,20.428571428571427,1.0,14,125644.16714285714,8,3,2,0,19.333333333333332,-1.095238095238095,240348.44,1.102004678359408,1759018.34,0.4499682673656675,45,0,0,16.172799722028284,202308,1.0,22.0
1800004878,C000169,2023-08-23,2023-09-22,242046.39,Healthcare,South,NT30,High,CLEARED,12.396888812413609,30,2,3,2.3125,0.6875,16,122290.625,8,3,2,0,5.333333333333333,3.020833333333333,225721.52,1.979271837068459,1956650.0,0.3408170869720025,30,0,0,16.172799722028284,202308,1.0,1.0
1800000842,C000002,2023-08-24,2023-11-22,206016.75,Construction,South,NT90,High,CLEARED,12.235717609108267,90,0,3,2.533333333333333,0.7333333333333333,15,116198.37666666668,8,3,3,0,1.3333333333333333,-1.2,226364.41,1.7729744245136183,1742975.6500000001,1.8398259023210464,90,0,0,16.172799722028284,202308,1.0,8.0
1800002097,C000058,2023-08-24,2023-10-23,74542.45,Energy,Midwest,NT60,Medium,CLEARED,11.219137455836615,60,1,1,0.5294117647058824,0.4117647058823529,17,153487.42705882352,8,3,3,0,0.6666666666666666,0.13725490196078427,249246.3,0.4856583462789552,2609286.26,0.05792608267101366,60,0,0,16.172799722028284,202308,1.0,6.0
1800001716,C000071,2023-08-24,2023-11-22,9063.3,Energy,Midwest,NT90,Medium,CLEARED,9.112098900130107,90,1,1,1.0,0.42857142857142855,14,138136.33285714284,8,3,3,0,1.0,0.0,232282.46,0.06561126832122464,1933908.66,0.007469872080511396,90,0,0,16.172799722028284,202308,1.0,2.0
1800002244,C000042,2023-08-24,2023-10-23,147613.97,Manufacturing,South,NT60,High,CLEARED,11.902362608769796,60,4,3,1.8,0.6,20,131490.15149999998,8,3,3,0,1.3333333333333333,-0.4666666666666668,245065.83,1.1226237730815911,2629803.03,2.7233547448212727,60,0,0,16.172799722028284,202308,0.0,0.0
1800000452,C000163,2023-08-24,2023-11-22,237257.06,Retail,West,NT90,Medium,CLEARED,12.376903688497858,90,5,4,0.8666666666666667,0.4666666666666667,15,112895.20466666667,8,3,3,0,-2.3333333333333335,-3.2,208883.19,2.1015689789528524,1693428.07,0.21066316157274476,90,0,0,16.172799722028284,202308,0.0,0.0
1800000501,C000068,2023-08-24,2023-10-08,113043.65,Manufacturing,Northeast,NT45,High,CLEARED,11.635538152393456,45,4,2,1.6,0.55,20,136008.825,8,3,3,0,0.6666666666666666,-0.9333333333333335,249101.62,0.8311493757849903,2720176.5,0.08454613240072725,45,0,0,16.172799722028284,202308,1.0,5.0
1800001857,C000033,2023-08-25,2023-09-08,69578.12,Energy,Northeast,NT14,High,CLEARED,11.15021980131351,14,1,2,2.6956521739130435,0.782608695652174,23,138638.40304347826,8,3,4,0,3.3333333333333335,0.63768115942029,243987.46,0.5018675812226405,3188683.27,0.0403050235452171,14,1,0,16.172799722028284,202308,1.0,2.0
1800003540,C000116,2023-08-25,2023-10-09,161767.4,Manufacturing,Midwest,NT45,High,CLEARED,11.993920961689428,45,4,1,12.083333333333334,0.9166666666666666,24,138299.07333333333,8,3,4,0,9.666666666666666,-2.416666666666668,207844.11,1.1696925807311989,3319177.76,0.27237691819648996,45,1,0,16.172799722028284,202308,1.0,11.0
1800004678,C000136,2023-08-25,2023-10-24,207723.38,Construction,Midwest,NT60,High,CLEARED,12.24396738381336,60,0,1,12.666666666666666,0.9166666666666666,24,133692.57499999998,8,3,4,0,14.666666666666666,2.0,236301.93,1.5537390913444522,3208621.8,1.2405166250828834,60,1,0,16.172799722028284,202308,1.0,11.0
1800003693,C000190,2023-08-25,2023-09-08,203702.61,Manufacturing,Northeast,NT14,Medium,CLEARED,12.224421324198264,14,4,2,1.1666666666666667,0.5,24,118605.34125,8,3,4,0,0.6666666666666666,-0.5000000000000001,233508.36,1.7174826011471889,2846528.19,0.1393102605534223,14,1,0,16.172799722028284,202308,1.0,4.0
1800002483,C000117,2023-08-25,2023-10-24,141822.45,Construction,International,NT60,High,CLEARED,11.862338253173299,60,0,0,2.1538461538461537,0.6923076923076923,13,146485.24307692307,8,3,4,0,4.333333333333333,2.1794871794871793,249320.04,0.9681688545618584,1904308.16,0.17974298135554284,60,1,0,16.172799722028284,202308,1.0,2.0
1800004699,C000001,2023-08-25,2023-09-08,44820.32,Manufacturing,Midwest,NT14,High,CLEARED,10.710439198059127,14,4,1,11.318181818181818,0.9545454545454546,22,137580.2427272727,8,3,4,0,9.666666666666666,-1.6515151515151523,232262.82,0.3257758462372244,3026765.34,0.1391507752772626,14,1,0,16.172799722028284,202308,1.0,3.0
1800002786,C000072,2023-08-27,2023-10-11,70786.39,Construction,West,NT45,High,CLEARED,11.167436156474182,45,0,4,2.8333333333333335,0.75,12,106614.61,8,3,6,0,1.3333333333333333,-1.5000000000000002,229773.41,0.6639464328575605,1279375.32,0.25692924027822217,45,1,0,16.172799722028284,202308,1.0,2.0
1800004480,C000143,2023-08-27,2023-11-25,147755.76,Healthcare,Midwest,NT90,High,CLEARED,11.903322687182794,90,2,1,1.5555555555555556,0.6666666666666666,18,135254.43666666665,8,3,6,0,0.6666666666666666,-0.888888888888889,248806.66,1.0924281941607783,2434579.86,0.15327980475227507,90,1,0,16.172799722028284,202308,1.0,4.0
1800002450,C000181,2023-08-27,2023-10-26,149567.07,Retail,International,NT60,High,CLEARED,11.915506885912968,60,5,0,1.5238095238095237,0.6666666666666666,21,140301.8785714286,8,3,6,0,1.0,-0.5238095238095237,245911.2,1.0660375436374108,2946339.45,0.23856255405923485,60,1,0,16.172799722028284,202308,1.0,1.0
1800001827,C000066,2023-08-27,2023-10-26,109412.92,Retail,Northeast,NT60,High,CLEARED,11.602893400363877,60,5,2,27.125,0.9375,16,104884.514375,8,3,6,0,38.666666666666664,11.541666666666664,245166.86,1.0431751593834846,1678152.23,0.06901367494609133,60,1,0,16.172799722028284,202308,1.0,52.0
1800003255,C000124,2023-08-27,2023-11-25,36195.51,Retail,Midwest,NT90,High,CLEARED,10.496717984326452,90,5,1,1.5384615384615385,0.5384615384615384,13,159851.3530769231,8,3,6,0,3.0,1.4615384615384615,243979.86,0.22643230290695213,2078067.59,0.03871992273539996,90,1,0,16.172799722028284,202308,1.0,2.0
1800000549,C000137,2023-08-27,2023-09-10,78833.04,Logistics,Northeast,NT14,High,CLEARED,11.275100162265035,14,3,2,28.095238095238095,1.0,21,120067.9242857143,8,3,6,0,31.666666666666668,3.571428571428573,242652.42,0.6565703577285842,2521426.41,0.13926624095674392,14,1,0,16.172799722028284,202308,1.0,4.0
1800000183,C000164,2023-08-28,2023-10-27,42865.04,Manufacturing,Midwest,NT60,High,CLEARED,10.665835183037126,60,4,1,2.611111111111111,0.6666666666666666,18,150014.8838888889,8,3,0,0,-1.0,-3.611111111111111,248805.23,0.28573858065809477,2700267.91,0.08312481367715967,60,1,1,16.172799722028284,202308,0.0,-1.0
1800003641,C000050,2023-08-28,2023-10-12,243446.79,Retail,Northeast,NT45,High,CLEARED,12.402657783730252,45,5,2,1.3,0.6,10,103423.746,8,3,0,0,3.6666666666666665,2.3666666666666663,194107.77,2.353877126051884,1034237.46,0.7976300785698103,45,1,1,16.172799722028284,202308,1.0,4.0
1800002640,C000117,2023-08-28,2023-10-27,25331.51,Construction,International,NT60,High,CLEARED,10.139843830072222,60,0,0,2.142857142857143,0.7142857142857143,14,146152.1864285714,8,3,0,0,4.0,1.8571428571428572,249320.04,0.173322826151357,2046130.6099999999,0.03210465712330979,60,1,1,16.172799722028284,202308,0.0,-1.0
1800002273,C000065,2023-08-28,2023-09-27,178256.71,Healthcare,Northeast,NT30,High,CLEARED,12.090985591198065,30,2,2,23.764705882352942,0.8823529411764706,17,136832.4305882353,8,3,0,0,10.333333333333334,-13.431372549019608,249901.83,1.3027372913985664,2326151.32,0.44591680533761213,30,1,1,16.172799722028284,202308,1.0,25.0
1800004431,C000146,2023-08-29,2023-09-28,191133.8,Construction,International,NT30,High,CLEARED,12.16073421726019,30,0,0,1.1176470588235294,0.5294117647058824,17,130701.01294117648,8,3,1,0,2.3333333333333335,1.215686274509804,236408.5,1.4623742823326242,2221917.22,0.09560675797936781,30,1,0,16.172799722028284,202308,1.0,2.0
1800000360,C000061,2023-08-29,2023-09-28,107880.48,Energy,International,NT30,High,CLEARED,11.58878849610654,30,1,0,1.5909090909090908,0.5909090909090909,22,118871.67954545455,8,3,1,0,5.333333333333333,3.742424242424242,247291.55,0.9075372739118093,2615176.95,0.09096977625270192,30,1,0,16.172799722028284,202308,1.0,3.0
1800002226,C000174,2023-08-29,2023-10-13,130974.29,Retail,South,NT45,High,CLEARED,11.782763958436977,45,5,3,2.1666666666666665,0.7777777777777778,18,158179.2211111111,8,3,1,0,1.3333333333333333,-0.8333333333333333,248156.69,0.8280119795759942,2847225.98,0.16771361205371785,45,1,0,16.172799722028284,202308,0.0,0.0
1800004616,C000116,2023-08-29,2023-10-13,98184.9,Manufacturing,Midwest,NT45,High,CLEARED,11.494617899511928,45,4,1,12.04,0.92,25,139237.8064,8,3,1,0,9.333333333333334,-2.706666666666665,207844.11,0.7051597733300687,3480945.16,0.1653194678002524,45,1,0,16.172799722028284,202308,1.0,3.0
1800001725,C000125,2023-08-29,2023-09-28,221444.74,Logistics,South,NT30,High,CLEARED,12.307932872318267,30,3,3,2.4,0.7333333333333333,15,113777.26333333335,8,3,1,0,3.3333333333333335,0.9333333333333336,247454.16,1.94630046032337,1706658.9500000002,0.33284020108925577,30,1,0,16.172799722028284,202308,1.0,4.0
1800001449,C000063,2023-08-29,2023-09-12,211770.56,Manufacturing,Midwest,NT14,High,CLEARED,12.263263425513,14,4,1,8.8,0.92,25,124588.4492,8,3,1,0,14.666666666666666,5.866666666666665,248129.07,1.6997607832813444,3114711.23,0.3946650638329031,14,1,0,16.172799722028284,202308,0.0,-5.0
1800003956,C000025,2023-08-30,2023-11-28,44977.96,Energy,International,NT90,High,CLEARED,10.71395010385872,90,1,0,9.61111111111111,0.7777777777777778,18,126043.27722222221,8,3,2,0,6.0,-3.6111111111111107,227686.87,0.3568453708221267,2268778.9899999998,0.06594000263684009,90,1,0,16.172799722028284,202308,1.0,15.0
1800001815,C000048,2023-08-30,2023-09-13,178862.12,Manufacturing,International,NT14,High,CLEARED,12.094376099558833,14,4,0,2.2,0.5333333333333333,15,131647.93066666665,8,3,2,0,2.3333333333333335,0.1333333333333333,231878.41,1.3586398137383562,1974718.96,0.14790398857664852,14,1,0,16.172799722028284,202308,1.0,6.0
1800004018,C000097,2023-08-30,2023-10-29,174377.65,Construction,West,NT60,High,CLEARED,12.06898436323834,60,0,4,1.2777777777777777,0.6111111111111112,18,119081.29555555555,8,3,2,0,1.6666666666666667,0.38888888888888906,239393.29,1.4643580184987723,2143463.32,0.11762115766437631,60,1,0,16.172799722028284,202308,1.0,1.0
1800001741,C000145,2023-08-30,2023-09-13,95299.43,Logistics,West,NT14,High,CLEARED,11.46478960169927,14,3,4,1.1764705882352942,0.7058823529411765,17,90509.40235294118,8,3,2,0,0.6666666666666666,-0.5098039215686275,249609.96,1.0529229839390621,1538659.84,0.07765335692662308,14,1,0,16.172799722028284,202308,0.0,-1.0
1800002703,C000067,2023-08-30,2023-09-13,9368.73,Manufacturing,West,NT14,High,CLEARED,9.1452395594491,14,4,4,1.4583333333333333,0.5833333333333334,24,129862.66625000001,8,3,2,0,0.6666666666666666,-0.7916666666666666,248221.29,0.0721433670702876,3116703.99,0.005704487418310957,14,1,0,16.172799722028284,202308,0.0,0.0
1800003636,C000131,2023-08-30,2023-10-14,175142.01,Energy,Northeast,NT45,High,CLEARED,12.073358119179533,45,1,2,2.142857142857143,0.5714285714285714,21,140568.44047619047,8,3,2,0,2.6666666666666665,0.5238095238095237,249492.9,1.2459554179208925,2951937.25,0.09290988527288645,45,1,0,16.172799722028284,202308,1.0,1.0
1800003064,C000008,2023-08-30,2023-10-29,214350.49,Construction,South,NT60,High,CLEARED,12.275372423249923,60,0,3,2.142857142857143,0.7142857142857143,14,89058.86499999999,8,3,2,0,1.0,-1.1428571428571428,223728.49,2.406840576735399,1246824.1099999999,0.12855842581751964,60,1,0,16.172799722028284,202308,1.0,5.0
1800001072,C000104,2023-08-31,2023-09-14,96924.24,Manufacturing,Midwest,NT14,High,CLEARED,11.48169523867741,14,4,1,9.545454545454545,0.8181818181818182,11,100774.55545454544,8,3,3,0,6.333333333333333,-3.212121212121212,232781.35,0.9617927815490873,1108520.1099999999,0.5273186670585295,14,1,0,16.172799722028284,202308,1.0,17.0
1800000652,C000016,2023-08-31,2023-10-30,16508.04,Manufacturing,West,NT60,High,CLEARED,9.711663388645764,60,4,4,9.277777777777779,0.7777777777777778,18,118035.60222222221,8,3,3,0,8.0,-1.2777777777777786,224363.65,0.13985644745490255,2124640.84,0.05122280338856579,60,1,0,16.172799722028284,202308,1.0,12.0
1800001422,C000136,2023-08-31,2023-10-30,192821.4,Construction,Midwest,NT60,High,CLEARED,12.169524836982523,60,0,1,12.6,0.92,25,136653.8072,8,3,3,0,12.333333333333334,-0.2666666666666657,236301.93,1.411021060816811,3416345.18,1.1515225314153692,60,1,0,16.172799722028284,202308,1.0,26.0
1800001955,C000190,2023-09-01,2023-09-15,201552.03,Manufacturing,Northeast,NT14,High,CLEARED,12.213807801922759,14,4,2,1.28,0.52,25,122009.23199999999,9,3,4,1,1.3333333333333333,0.05333333333333323,233508.36,1.6519408137902223,3050230.8,0.13783949952517147,14,0,0,16.326519510002953,202309,1.0,1.0
1800004618,C000165,2023-09-02,2023-11-01,202273.32,Retail,South,NT60,High,CLEARED,12.217380074910409,60,5,3,1.625,0.5416666666666666,24,126886.55,9,3,5,1,1.6666666666666667,0.04166666666666674,248402.81,1.5941273523474317,3045277.2,0.2080351253218015,60,0,0,16.326519510002953,202309,0.0,0.0
1800003960,C000025,2023-09-02,2023-12-01,224218.71,Energy,International,NT90,High,CLEARED,12.320381698334169,90,1,0,9.894736842105264,0.7894736842105263,19,121776.68157894738,9,3,5,1,11.333333333333334,1.4385964912280702,227686.87,1.8412286087352432,2313756.95,0.3287161607291412,90,0,0,16.326519510002953,202309,1.0,1.0
1800001808,C000133,2023-09-03,2023-10-03,105239.39,Construction,Northeast,NT30,High,CLEARED,11.564002440962643,30,0,2,8.173913043478262,0.8260869565217391,23,112215.51260869566,9,3,6,1,5.666666666666667,-2.5072463768115947,223979.88,0.937832814318445,2580956.79,0.4869876957153303,30,0,0,16.326519510002953,202309,1.0,3.0
1800003658,C000030,2023-09-03,2023-10-03,88508.76,Healthcare,Midwest,NT30,High,CLEARED,11.39086810740123,30,2,1,28.736842105263158,1.0,19,127768.08368421052,9,3,6,1,18.666666666666668,-10.07017543859649,245918.44,0.6927298073809792,2427593.59,0.06719145157895329,30,0,0,16.326519510002953,202309,1.0,18.0
1800000305,C000026,2023-09-03,2023-10-18,96086.24,Manufacturing,Midwest,NT45,High,CLEARED,11.473011807786678,45,4,1,1.8461538461538463,0.6923076923076923,26,132482.9726923077,9,3,6,1,1.3333333333333333,-0.512820512820513,236806.85,0.7252723731008115,3444557.29,0.18488803560964767,45,0,0,16.326519510002953,202309,1.0,1.0
1800004999,C000064,2023-09-04,2023-12-03,131644.77,Construction,West,NT90,Medium,CLEARED,11.787870033758805,90,0,4,1.1333333333333333,0.4666666666666667,15,119341.37866666666,9,3,0,1,0.3333333333333333,-0.8,240204.86,1.103094094192577,1790120.68,0.37465177558557067,90,0,1,16.326519510002953,202309,1.0,2.0
1800000757,C000167,2023-09-04,2023-09-18,65935.53,Construction,Northeast,NT14,High,CLEARED,11.096447891643843,14,0,2,2.1333333333333333,0.7333333333333333,15,166167.578,9,3,0,1,2.3333333333333335,0.20000000000000018,237201.79,0.3968014145334657,2492513.67,0.09454618104681704,14,0,1,16.326519510002953,202309,1.0,5.0
1800002000,C000003,2023-09-04,2023-10-04,222467.09,Construction,International,NT30,High,CLEARED,12.312538954573075,30,0,0,2.0588235294117645,0.5882352941176471,17,121706.35529411765,9,3,0,1,0.3333333333333333,-1.7254901960784312,245302.17,1.8279003546066452,2069008.04,0.1943915346975952,30,0,1,16.326519510002953,202309,0.0,0.0
1800000896,C000172,2023-09-05,2023-10-20,61471.77,Logistics,Northeast,NT45,High,CLEARED,11.026349591517944,45,3,2,10.333333333333334,0.8571428571428571,21,131446.12619047618,9,3,1,1,3.6666666666666665,-6.666666666666668,248872.63,0.467657524657078,2760368.65,0.0685881798063624,45,0,0,16.326519510002953,202309,1.0,7.0
1800004782,C000195,2023-09-05,2023-11-04,219313.55,Logistics,Midwest,NT60,High,CLEARED,12.298262279674304,60,3,1,10.842105263157896,0.8421052631578947,19,121060.37473684212,9,3,1,1,4.0,-6.842105263157896,234415.18,1.811604750743074,2300147.12,0.7902676106724289,60,0,0,16.326519510002953,202309,0.0,-5.0
1800000225,C000092,2023-09-05,2023-10-20,81060.16,Retail,Northeast,NT45,High,CLEARED,11.302959210467275,45,5,2,1.9230769230769231,0.5769230769230769,26,140999.63115384616,9,3,1,1,1.6666666666666667,-0.2564102564102564,244604.99,0.5748962556615089,3665990.41,0.12036844133986412,45,0,0,16.326519510002953,202309,1.0,3.0
1800001818,C000200,2023-09-05,2023-10-20,169706.19,Healthcare,Northeast,NT45,Medium,CLEARED,12.041829819211051,45,2,2,1.0,0.5,18,118638.73111111112,9,3,1,1,2.0,1.0,246386.59,1.430445086613929,2135497.16,0.08915094715775346,45,0,0,16.326519510002953,202309,1.0,1.0
1800000239,C000116,2023-09-05,2023-10-20,93840.14,Manufacturing,Midwest,NT45,High,CLEARED,11.449358631591162,45,4,1,11.692307692307692,0.9230769230769231,26,137658.84846153847,9,3,1,1,7.333333333333333,-4.358974358974359,207844.11,0.6816862195837611,3579130.06,0.1580039497224235,45,0,0,16.326519510002953,202309,1.0,20.0
1800004659,C000048,2023-09-05,2023-09-19,144633.98,Manufacturing,International,NT14,High,CLEARED,11.881968468165299,14,4,0,2.4375,0.5625,16,134598.8175,9,3,1,1,4.333333333333333,1.895833333333333,231878.41,1.074556097047435,2153581.08,0.11960018435270259,14,0,0,16.326519510002953,202309,1.0,2.0
1800000314,C000089,2023-09-06,2023-11-05,211627.18,Logistics,International,NT60,High,CLEARED,12.262586145902574,60,3,0,12.52,0.88,25,121316.8428,9,3,2,1,6.333333333333333,-6.1866666666666665,237073.0,1.7444171404038549,3032921.07,0.2399008153403624,60,0,0,16.326519510002953,202309,1.0,15.0
1800003304,C000163,2023-09-06,2023-12-05,240190.82,Retail,West,NT90,Medium,CLEARED,12.389193133093933,90,5,4,0.8125,0.4375,16,120667.820625,9,3,2,1,-2.3333333333333335,-3.1458333333333335,237257.06,1.9905126218069542,1930685.13,0.21326807944914286,90,0,0,16.326519510002953,202309,1.0,1.0
1800003797,C000049,2023-09-06,2023-11-05,230793.26,Construction,International,NT60,High,CLEARED,12.349281943289487,60,0,0,14.8125,0.9375,16,129719.97375,9,3,2,1,22.333333333333332,7.520833333333332,239827.83,1.7791651765578622,2075519.58,0.3460577651452676,60,0,0,16.326519510002953,202309,1.0,4.0
1800003850,C000138,2023-09-06,2023-10-06,217699.16,Construction,Northeast,NT30,High,CLEARED,12.29087398217873,30,0,2,2.8095238095238093,0.7619047619047619,21,138309.2704761905,9,3,2,1,4.666666666666667,1.8571428571428577,248495.46,1.5740026626593786,2904494.68,0.612825182848936,30,0,0,16.326519510002953,202309,1.0,4.0
1800003423,C000157,2023-09-07,2023-10-07,31762.51,Healthcare,South,NT30,High,CLEARED,10.366073425627384,30,2,3,1.4285714285714286,0.5714285714285714,14,135860.38999999998,9,3,3,1,2.0,0.5714285714285714,249242.86,0.23378786120075176,1902045.46,0.024190167703896814,30,0,0,16.326519510002953,202309,0.0,-3.0
1800000264,C000191,2023-09-07,2023-12-06,161860.18,Energy,Midwest,NT90,High,CLEARED,11.994494333273954,90,1,1,25.44,0.96,25,130446.7372,9,3,3,1,29.333333333333332,3.893333333333331,227148.41,1.2408143237177112,3261168.43,2.098227695693284,90,0,0,16.326519510002953,202309,1.0,22.0
1800003147,C000024,2023-09-07,2023-10-22,248359.59,Construction,International,NT45,High,CLEARED,12.422636961059837,45,0,0,21.32,0.96,25,149540.4676,9,3,3,1,16.333333333333332,-4.986666666666668,249295.78,1.660818599713941,3738511.69,0.7136019930319392,45,0,0,16.326519510002953,202309,1.0,28.0
1800002599,C000112,2023-09-08,2023-09-22,43471.13,Logistics,International,NT14,High,CLEARED,10.679875322092279,14,3,0,10.84,0.88,25,165991.592,9,3,4,1,13.0,2.16,242663.76,0.26188754187019303,4149789.8,0.5821634678416947,14,0,0,16.326519510002953,202309,1.0,7.0
1800000301,C000014,2023-09-08,2023-10-23,92592.4,Manufacturing,South,NT45,Medium,CLEARED,11.435973143796081,45,4,3,0.6666666666666666,0.4,15,143864.68733333334,9,3,4,1,0.3333333333333333,-0.3333333333333333,247283.58,0.6436075573254758,2157970.31,0.05716147239320917,45,0,0,16.326519510002953,202309,0.0,0.0
1800004233,C000058,2023-09-08,2023-11-07,103511.24,Energy,Midwest,NT60,Medium,CLEARED,11.547445145564861,60,1,1,0.8333333333333334,0.4444444444444444,18,149101.595,9,3,4,1,2.0,1.1666666666666665,249246.3,0.694232949017078,2683828.71,0.08043739702168545,60,0,0,16.326519510002953,202309,1.0,3.0
1800000362,C000079,2023-09-08,2023-10-23,60900.5,Manufacturing,Midwest,NT45,High,CLEARED,11.017013083936533,45,4,1,9.411764705882353,0.8823529411764706,17,119962.65823529412,9,3,4,1,9.666666666666666,0.2549019607843128,248963.26,0.5076621416687023,2039365.19,0.03849030239736808,45,0,0,16.326519510002953,202309,1.0,15.0
1800003801,C000120,2023-09-08,2023-10-08,16293.02,Manufacturing,South,NT30,High,CLEARED,9.698553448315518,30,4,3,2.52,0.68,25,128279.09800000001,9,3,4,1,0.3333333333333333,-2.1866666666666665,238554.67,0.1270122744392855,3206977.45,0.01933809645189272,30,0,0,16.326519510002953,202309,0.0,0.0
1800004141,C000060,2023-09-08,2023-11-07,4093.32,Logistics,International,NT60,High,CLEARED,8.317355926332262,60,3,0,2.642857142857143,0.75,28,132163.60821428572,9,3,4,1,3.0,0.3571428571428572,241297.28,0.030971612044392933,3700581.03,0.003578801473959252,60,0,0,16.326519510002953,202309,1.0,1.0
1800004468,C000046,2023-09-08,2023-11-07,25677.32,Construction,International,NT60,High,CLEARED,10.15340233510313,60,0,0,2.130434782608696,0.5652173913043478,23,139898.10695652175,9,3,4,1,4.0,1.8695652173913042,237671.75,0.18354301254398053,3217656.46,0.15957052653453827,60,0,0,16.326519510002953,202309,1.0,4.0
1800000938,C000002,2023-09-08,2023-12-07,83136.46,Construction,South,NT90,High,CLEARED,11.328250661461905,90,0,3,2.875,0.75,16,121812.02500000001,9,3,4,1,4.0,1.125,226364.41,0.6824979717724913,1948992.4000000001,0.7424474589336915,90,0,0,16.326519510002953,202309,1.0,4.0
1800001143,C000041,2023-09-09,2023-09-23,159906.91,Manufacturing,South,NT14,High,CLEARED,11.982353366016286,14,4,3,21.46153846153846,1.0,13,133722.98846153848,9,3,5,1,22.666666666666668,1.205128205128208,248153.88,1.1958071819939364,1738398.85,0.18979881731841386,14,0,0,16.326519510002953,202309,1.0,21.0
1800002094,C000087,2023-09-10,2023-11-09,131263.38,Construction,South,NT60,High,CLEARED,11.784968736357165,60,0,3,8.933333333333334,0.8,15,129698.15133333333,9,3,6,1,10.333333333333334,1.4000000000000004,236206.27,1.0120682419184521,1945472.27,0.07137500349158113,60,0,0,16.326519510002953,202309,1.0,2.0
1800003557,C000187,2023-09-10,2023-10-25,89045.29,Manufacturing,West,NT45,High,CLEARED,11.396911625862275,45,4,4,20.533333333333335,1.0,15,126498.58666666667,9,3,6,1,26.0,5.466666666666665,240348.44,0.7039232006175773,1897478.8,0.28937903902943407,45,0,0,16.326519510002953,202309,1.0,21.0
1800000726,C000058,2023-09-11,2023-11-10,124350.59,Energy,Midwest,NT60,Medium,CLEARED,11.730868235639552,60,1,1,0.9473684210526315,0.47368421052631576,19,146702.10263157895,9,3,0,1,3.0,2.0526315789473686,249246.3,0.8476401344586619,2787339.95,0.09663141681725412,60,0,1,16.326519510002953,202309,0.0,-5.0
1800000655,C000024,2023-09-11,2023-10-26,165894.47,Construction,International,NT45,High,CLEARED,12.019113170199944,45,0,0,21.576923076923077,0.9615384615384616,26,153341.20307692306,9,3,0,1,24.0,2.4230769230769234,249295.78,1.081864930437383,3986871.28,0.4766581569287388,45,0,1,16.326519510002953,202309,1.0,19.0
1800003259,C000146,2023-09-11,2023-10-11,166218.56,Construction,International,NT30,High,CLEARED,12.0210648440093,30,0,0,1.1666666666666667,0.5555555555555556,18,134058.39,9,3,0,1,2.3333333333333335,1.1666666666666667,236408.5,1.2398967345497733,2413051.02,0.08314394229382259,30,0,1,16.326519510002953,202309,1.0,4.0
1800000221,C000053,2023-09-12,2023-10-27,198162.63,Manufacturing,South,NT45,Medium,CLEARED,12.196848382525939,45,4,3,0.4,0.4666666666666667,15,118537.43666666668,9,3,1,1,-1.0,-1.4,217356.11,1.6717303458926942,1778061.55,0.3271492770957058,45,0,0,16.326519510002953,202309,1.0,1.0
1800003779,C000106,2023-09-12,2023-10-12,20480.42,Healthcare,Northeast,NT30,High,CLEARED,9.927273412687319,30,2,2,10.733333333333333,0.9333333333333333,15,88916.16333333333,9,3,1,1,11.333333333333334,0.6000000000000014,242710.29,0.23033404987597117,1333742.45,0.0750035285360234,30,0,0,16.326519510002953,202309,1.0,18.0
1800004316,C000152,2023-09-12,2023-09-26,88487.4,Construction,West,NT14,High,CLEARED,11.390626748958818,14,0,4,1.8333333333333333,0.5833333333333334,24,121207.47041666666,9,3,1,1,1.6666666666666667,-0.16666666666666652,241179.08,0.730049061298061,2908979.29,0.06641015687224412,14,0,0,16.326519510002953,202309,0.0,0.0
1800001347,C000026,2023-09-12,2023-10-27,163992.4,Manufacturing,Midwest,NT45,High,CLEARED,12.00758146209409,45,4,1,1.8148148148148149,0.7037037037037037,27,131134.94555555555,9,3,1,1,1.3333333333333333,-0.4814814814814816,236806.85,1.250562154162975,3540643.53,0.3155522860600184,45,0,0,16.326519510002953,202309,1.0,6.0
1800003828,C000064,2023-09-12,2023-12-11,233551.52,Construction,West,NT90,Medium,CLEARED,12.361162255852776,90,0,4,1.1875,0.5,16,120110.340625,9,3,1,1,0.6666666666666666,-0.5208333333333334,240204.86,1.944474712041472,1921765.45,0.6646712334922908,90,0,0,16.326519510002953,202309,1.0,2.0
1800002317,C000120,2023-09-13,2023-10-13,231694.72,Manufacturing,South,NT30,High,CLEARED,12.353180238087576,30,4,3,2.423076923076923,0.6538461538461539,26,123971.94115384614,9,3,2,1,0.0,-2.423076923076923,238554.67,1.8689287095413996,3223270.4699999997,0.2749971977419949,30,0,0,16.326519510002953,202309,1.0,5.0
1800001571,C000086,2023-09-13,2023-09-27,30858.48,Manufacturing,West,NT14,High,CLEARED,10.337199275483544,14,4,4,1.8333333333333333,0.75,12,109879.48916666668,9,3,2,1,4.666666666666667,2.833333333333334,216958.3,0.2808393107215255,1318553.87,0.019071822496096482,14,0,0,16.326519510002953,202309,1.0,7.0
1800000556,C000155,2023-09-13,2023-11-12,80459.86,Energy,West,NT60,High,CLEARED,11.295526133987547,60,1,4,29.65,0.95,20,108188.8965,9,3,2,1,41.0,11.350000000000001,249366.55,0.743697945010466,2163777.93,0.04131154282404545,60,0,0,16.326519510002953,202309,1.0,9.0
1800002544,C000156,2023-09-13,2023-10-13,81693.71,Retail,Northeast,NT30,High,CLEARED,11.310744529669774,30,5,2,13.36,0.96,25,123784.76800000001,9,3,2,1,17.666666666666668,4.306666666666668,244580.13,0.6599657722022794,3094619.2,1.065590376651939,30,0,0,16.326519510002953,202309,1.0,20.0
1800001228,C000168,2023-09-13,2023-11-12,47252.67,Construction,South,NT60,High,CLEARED,10.76328560186325,60,0,3,1.9,0.65,20,109971.76499999998,9,3,2,1,2.0,0.10000000000000009,245921.07,0.42968001832106634,2199435.3,0.5911917777815033,60,0,0,16.326519510002953,202309,1.0,3.0
1800002437,C000070,2023-09-14,2023-12-13,199573.67,Energy,Midwest,NT90,Medium,CLEARED,12.203943730998915,90,1,1,1.5909090909090908,0.45454545454545453,22,136477.1859090909,9,3,3,1,4.333333333333333,2.742424242424242,248201.18,1.4623225755324294,3002498.09,0.11337964256726514,90,0,0,16.326519510002953,202309,1.0,3.0
1800001304,C000164,2023-09-14,2023-11-13,169382.4,Manufacturing,Midwest,NT60,High,CLEARED,12.039920063482297,60,4,1,2.4210526315789473,0.631578947368421,19,144375.41842105263,9,3,3,1,-1.6666666666666667,-4.087719298245614,248805.23,1.1732080284333284,2743132.95,0.3284700175292063,60,0,0,16.326519510002953,202309,0.0,-4.0
1800000394,C000158,2023-09-14,2023-10-29,74067.2,Logistics,International,NT45,High,CLEARED,11.21274156937548,45,3,0,1.9230769230769231,0.6538461538461539,26,134405.42192307694,9,3,3,1,1.6666666666666667,-0.2564102564102564,246168.57,0.5510730068790693,3494540.97,0.0861040092283923,45,0,0,16.326519510002953,202309,1.0,1.0
1800001791,C000166,2023-09-14,2023-11-13,47035.42,Logistics,West,NT60,High,CLEARED,10.758677474234165,60,3,4,24.72222222222222,0.9444444444444444,18,118535.9761111111,9,3,3,1,11.666666666666666,-13.055555555555555,236797.87,0.39680290780168537,2133647.57,0.023965928341102727,60,0,0,16.326519510002953,202309,0.0,-3.0
1800004542,C000069,2023-09-14,2023-10-29,34517.49,Retail,South,NT45,High,CLEARED,10.4492504014828,45,5,3,2.347826086956522,0.7391304347826086,23,134539.68869565218,9,3,3,1,7.333333333333333,4.985507246376811,243662.1,0.2565599068545747,3094412.84,0.026533762413113386,45,0,0,16.326519510002953,202309,1.0,5.0
1800004735,C000057,2023-09-15,2023-10-15,242510.95,Manufacturing,Midwest,NT30,High,CLEARED,12.398806266496052,30,4,1,1.32,0.56,25,116532.2184,9,3,4,1,1.0,-0.32000000000000006,240567.15,2.081063531868711,2913305.46,0.18846575302905968,30,0,0,16.326519510002953,202309,0.0,-2.0
1800000071,C000089,2023-09-15,2023-11-14,180489.14,Logistics,International,NT60,High,CLEARED,12.103431429224235,60,3,0,12.615384615384615,0.8846153846153846,26,124790.31730769231,9,3,4,1,9.666666666666666,-2.948717948717949,237073.0,1.4463392985448744,3244548.25,0.20460269728151562,60,0,0,16.326519510002953,202309,1.0,21.0
1800003131,C000183,2023-09-15,2023-09-29,79473.59,Logistics,International,NT14,High,CLEARED,11.283192626910711,14,3,0,11.210526315789474,0.9473684210526315,19,133887.09052631576,9,3,4,1,13.666666666666666,2.4561403508771917,212402.49,0.5935866534076286,2543854.7199999997,0.047474246145923334,14,0,0,16.326519510002953,202309,1.0,19.0
1800000014,C000010,2023-09-15,2023-10-30,61648.66,Manufacturing,South,NT45,High,CLEARED,11.029222993573228,45,4,3,12.142857142857142,0.8571428571428571,21,117012.40952380953,9,3,4,1,6.0,-6.142857142857142,241660.56,0.5268557433428103,2457260.6,0.07791337850949896,45,0,0,16.326519510002953,202309,1.0,7.0
1800004563,C000130,2023-09-15,2023-11-14,228819.85,Energy,South,NT60,High,CLEARED,12.340694661958288,60,1,3,1.6153846153846154,0.5384615384615384,13,120939.22846153846,9,3,4,1,1.0,-0.6153846153846154,203563.71,1.8920233981215628,1572209.97,0.3785514512921407,60,0,0,16.326519510002953,202309,1.0,2.0
1800002399,C000023,2023-09-15,2023-10-30,216372.76,Manufacturing,International,NT45,High,CLEARED,12.28476256167064,45,4,0,2.55,0.8,20,129257.5655,9,3,4,1,1.3333333333333333,-1.2166666666666666,249683.32,1.6739659234878597,2585151.31,0.11826076051930859,45,0,0,16.326519510002953,202309,0.0,0.0
1800004159,C000052,2023-09-16,2023-09-30,215235.28,Construction,South,NT14,High,CLEARED,12.27949168042111,14,0,3,29.5,0.9545454545454546,22,152351.91318181818,9,3,5,1,42.0,12.5,228118.92,1.4127507525496987,3351742.09,0.20766082042584427,14,0,0,16.326519510002953,202309,1.0,10.0
1800002314,C000007,2023-09-16,2023-12-15,199906.62,Energy,Midwest,NT90,High,CLEARED,12.205610638821508,90,1,1,7.588235294117647,0.7647058823529411,17,96224.20058823528,9,3,5,1,11.333333333333334,3.745098039215687,246354.97,2.0775087636783267,1635811.41,0.21134491985292148,90,0,0,16.326519510002953,202309,1.0,4.0
1800003692,C000026,2023-09-16,2023-10-31,28077.41,Manufacturing,Midwest,NT45,High,CLEARED,10.242756232604927,45,4,1,1.9642857142857142,0.7142857142857143,28,132308.42607142858,9,3,5,1,3.0,1.0357142857142858,236806.85,0.21221180565508363,3704635.93,0.05402622872855341,45,0,0,16.326519510002953,202309,1.0,10.0
1800000294,C000034,2023-09-16,2023-10-16,187385.59,Logistics,Midwest,NT30,High,CLEARED,12.140929088061696,30,3,1,1.8235294117647058,0.6470588235294118,17,100918.10823529412,9,3,5,1,2.6666666666666665,0.8431372549019607,165843.04,1.8568083892645304,1715607.8399999999,0.4006004808815393,30,0,0,16.326519510002953,202309,0.0,-1.0
1800004092,C000020,2023-09-16,2023-09-30,232043.89,Healthcare,West,NT14,High,CLEARED,12.354686123310715,14,2,4,1.6363636363636365,0.5909090909090909,22,121435.4390909091,9,3,5,1,1.0,-0.6363636363636365,237488.72,1.9108416104650234,2671579.66,0.11646236548675483,14,0,0,16.326519510002953,202309,0.0,0.0
1800004067,C000016,2023-09-17,2023-11-16,201483.26,Manufacturing,West,NT60,High,CLEARED,12.213466543173885,60,4,4,9.421052631578947,0.7894736842105263,19,112692.04631578947,9,3,6,1,7.333333333333333,-2.087719298245614,224363.65,1.7879102082803324,2141148.88,0.6251824815706336,60,0,0,16.326519510002953,202309,1.0,5.0
1800003638,C000060,2023-09-17,2023-11-16,204543.05,Logistics,International,NT60,High,CLEARED,12.22853863469199,60,3,0,2.586206896551724,0.7586206896551724,29,127747.39137931034,9,3,6,1,2.6666666666666665,0.08045977011494232,241297.28,1.601152460269551,3704674.35,0.1788325781585903,60,0,0,16.326519510002953,202309,0.0,0.0
1800002280,C000080,2023-09-17,2023-11-01,162871.51,Healthcare,West,NT45,High,CLEARED,12.000723026512896,45,2,4,15.066666666666666,1.0,15,116745.11933333334,9,3,6,1,12.666666666666666,-2.4000000000000004,227515.51,1.3951033750281718,1751176.79,0.1191039955374625,45,0,0,16.326519510002953,202309,1.0,9.0
1800000479,C000157,2023-09-17,2023-10-17,178240.47,Healthcare,South,NT30,High,CLEARED,12.090894482994049,30,2,3,1.1333333333333333,0.5333333333333333,15,128920.53133333333,9,3,6,1,0.0,-1.1333333333333333,249242.86,1.3825607772213289,1933807.97,0.13574704457932918,30,0,0,16.326519510002953,202309,1.0,1.0
1800002382,C000075,2023-09-18,2023-11-02,135519.09,Retail,International,NT45,High,CLEARED,11.81687517399428,45,5,0,13.047619047619047,1.0,21,134019.22333333333,9,3,0,1,13.666666666666666,0.6190476190476186,248242.1,1.0111914293290314,2814403.69,0.0795472643176352,45,0,1,16.326519510002953,202309,1.0,13.0
1800004656,C000034,2023-09-18,2023-10-18,5632.23,Logistics,Midwest,NT30,High,CLEARED,8.63643826887955,30,3,1,1.6666666666666667,0.6111111111111112,18,105721.85722222221,9,3,0,1,1.0,-0.6666666666666667,187385.59,0.053274035738525904,1902993.43,0.012040808721926975,30,0,1,16.326519510002953,202309,0.0,-1.0
1800000503,C000160,2023-09-18,2023-12-17,219612.08,Logistics,International,NT90,High,CLEARED,12.299622549685248,90,3,0,3.0,0.8235294117647058,17,119676.00705882354,9,3,0,1,2.0,-1.0,240451.29,1.8350552077832571,2034492.12,0.12658832809603895,90,0,1,16.326519510002953,202309,1.0,6.0
1800002117,C000160,2023-09-18,2023-12-17,10821.69,Logistics,International,NT90,High,CLEARED,9.289400135179587,90,3,0,3.1666666666666665,0.8333333333333334,18,125228.01111111112,9,3,0,1,4.0,0.8333333333333335,240451.29,0.08641588973570964,2254104.2,0.00623781553489054,90,0,1,16.326519510002953,202309,1.0,2.0
1800003507,C000017,2023-09-18,2023-12-17,33298.57,Logistics,Midwest,NT90,High,CLEARED,10.41329976297225,90,3,1,15.0,0.9285714285714286,14,107723.83785714286,9,3,0,1,12.333333333333334,-2.666666666666666,243868.16,0.3091105057374454,1508133.73,0.03760655252185012,90,0,1,16.326519510002953,202309,0.0,0.0
1800002192,C000195,2023-09-19,2023-11-18,161186.01,Logistics,Midwest,NT60,High,CLEARED,11.99032052268112,60,3,1,10.05,0.8,20,125973.03349999999,9,3,1,1,4.0,-6.050000000000001,234415.18,1.2795278919753887,2519460.67,0.5808126447112923,60,0,0,16.326519510002953,202309,1.0,2.0
1800001601,C000115,2023-09-19,2023-12-18,17053.54,Healthcare,International,NT90,High,CLEARED,9.744171722926415,90,2,0,8.916666666666666,0.8333333333333334,12,134679.71,9,3,1,1,9.666666666666666,0.75,246733.75,0.12662293377376593,1616156.52,0.01896164545178534,90,0,0,16.326519510002953,202309,1.0,9.0
1800002137,C000180,2023-09-19,2023-11-18,97043.16,Manufacturing,Midwest,NT60,High,CLEARED,11.482921411619119,60,4,1,12.0,0.8571428571428571,21,92273.78904761904,9,3,1,1,5.666666666666667,-6.333333333333333,207582.14,1.0516871692558292,1937749.5699999998,0.05661780956958483,60,0,0,16.326519510002953,202309,1.0,6.0
1800001252,C000119,2023-09-20,2023-11-04,134864.55,Logistics,International,NT45,High,CLEARED,11.812033635230893,45,3,0,3.238095238095238,0.8095238095238095,21,114181.55285714284,9,3,2,1,2.6666666666666665,-0.5714285714285716,241704.97,1.1811413194628249,2397812.61,0.11894994013454842,45,0,0,16.326519510002953,202309,1.0,11.0
1800003809,C000080,2023-09-21,2023-11-05,213009.87,Healthcare,West,NT45,High,CLEARED,12.26909847625328,45,2,4,14.6875,1.0,16,119628.01875,9,3,3,1,14.0,-0.6875,227515.51,1.780601837477142,1914048.3,0.1557689654004894,45,0,0,16.326519510002953,202309,0.0,-1.0
1800000994,C000035,2023-09-21,2023-12-20,163780.19,Healthcare,International,NT90,High,CLEARED,12.006286608642208,90,2,0,1.5,0.625,32,103199.0734375,9,3,3,1,3.3333333333333335,1.8333333333333335,214743.13,1.587031593836833,3302370.35,0.10365783112423466,90,0,0,16.326519510002953,202309,0.0,0.0
1800000955,C000064,2023-09-21,2023-12-20,160810.56,Construction,West,NT90,High,CLEARED,11.987988523690266,90,0,4,1.2352941176470589,0.5294117647058824,17,126783.3511764706,9,3,3,1,1.3333333333333333,0.09803921568627438,240204.86,1.268388621280145,2155316.97,0.45765556684788883,90,0,0,16.326519510002953,202309,0.0,0.0
1800003617,C000094,2023-09-22,2023-10-06,156113.3,Healthcare,West,NT14,High,CLEARED,11.958343710251398,14,2,4,10.222222222222221,0.9444444444444444,18,119325.66777777778,9,3,4,1,15.666666666666666,5.444444444444445,243254.75,1.3082960515312803,2147862.02,0.14088481772970923,14,0,0,16.326519510002953,202309,1.0,8.0
1800004416,C000063,2023-09-22,2023-10-06,208022.63,Manufacturing,Midwest,NT14,High,CLEARED,12.24540695800004,14,4,1,8.26923076923077,0.8846153846153846,26,127941.6073076923,9,3,4,1,4.666666666666667,-3.602564102564103,248129.07,1.6259185293781513,3326481.79,0.38768025426970765,14,0,0,16.326519510002953,202309,1.0,7.0
1800003661,C000090,2023-09-22,2023-11-21,151505.62,Logistics,Northeast,NT60,High,CLEARED,11.92838459934654,60,3,2,27.27777777777778,1.0,18,144449.1688888889,9,3,4,1,28.666666666666668,1.3888888888888893,249899.17,1.0488507560506557,2600085.04,0.1633244236966518,60,0,0,16.326519510002953,202309,1.0,54.0
1800002436,C000136,2023-09-22,2023-11-21,98357.15,Construction,Midwest,NT60,High,CLEARED,11.496370687694524,60,0,1,13.115384615384615,0.9230769230769231,26,138814.09923076924,9,3,4,1,18.0,4.884615384615385,236301.93,0.7085530255574958,3609166.58,0.5873853957641693,60,0,0,16.326519510002953,202309,0.0,-2.0
1800004391,C000122,2023-09-22,2023-10-06,46628.63,Manufacturing,Midwest,NT14,High,CLEARED,10.749991454964967,14,4,1,11.473684210526315,0.9473684210526315,19,103480.33736842105,9,3,4,1,10.333333333333334,-1.1403508771929811,225444.56,0.4506037686559533,1966126.41,0.03333032996530806,14,0,0,16.326519510002953,202309,1.0,12.0
1800001854,C000162,2023-09-22,2023-11-06,96377.82,Construction,International,NT45,High,CLEARED,11.47604174691539,45,0,0,1.1666666666666667,0.5833333333333334,12,146149.38499999998,9,3,4,1,3.3333333333333335,2.166666666666667,206600.61,0.6594473182353796,1753792.6199999999,0.0959175424075995,45,0,0,16.326519510002953,202309,0.0,0.0
1800004550,C000192,2023-09-22,2023-11-21,24987.07,Logistics,Midwest,NT60,High,CLEARED,10.126153789954182,60,3,1,2.5217391304347827,0.6956521739130435,23,140258.53217391306,9,3,4,1,1.3333333333333333,-1.1884057971014494,237613.27,0.17815008907278007,3225946.24,0.018358475356661078,60,0,0,16.326519510002953,202309,1.0,1.0
1800003140,C000041,2023-09-22,2023-10-06,231610.58,Manufacturing,South,NT14,High,CLEARED,12.352817023431019,14,4,3,21.428571428571427,1.0,14,135593.26857142858,9,3,4,1,20.666666666666668,-0.7619047619047592,248153.88,1.7081274198946748,1898305.76,0.27490628242664356,14,0,0,16.326519510002953,202309,1.0,21.0
1800001329,C000148,2023-09-22,2023-11-06,207257.56,Construction,Northeast,NT45,High,CLEARED,12.241722374919032,45,0,2,9.612903225806452,0.8387096774193549,31,139953.62161290325,9,3,4,1,2.0,-7.612903225806452,248646.7,1.4809017273826057,4338562.2700000005,0.1609354711513987,45,0,0,16.326519510002953,202309,1.0,17.0
1800001269,C000186,2023-09-23,2023-10-07,249828.85,Retail,International,NT14,High,CLEARED,12.428535365131061,14,5,0,11.590909090909092,0.9090909090909091,22,126388.71272727274,9,3,5,1,5.333333333333333,-6.257575757575759,245546.85,1.9766705792715205,2780551.68,0.8157596290805557,14,0,0,16.326519510002953,202309,1.0,18.0
1800000970,C000063,2023-09-23,2023-10-07,121317.83,Manufacturing,Midwest,NT14,High,CLEARED,11.706177317839101,14,4,1,8.222222222222221,0.8888888888888888,27,130907.5711111111,9,3,5,1,4.0,-4.222222222222221,248129.07,0.9267441827106274,3534504.42,0.22609332062501647,14,0,0,16.326519510002953,202309,1.0,22.0
1800000397,C000083,2023-09-23,2023-10-07,11434.58,Manufacturing,South,NT14,Medium,CLEARED,9.344484826639764,14,4,3,1.6923076923076923,0.46153846153846156,13,125975.12615384617,9,3,5,1,3.0,1.3076923076923077,237730.96,0.09076855367491837,1637676.6400000001,0.00920670290303601,14,0,0,16.326519510002953,202309,1.0,5.0
1800004201,C000160,2023-09-25,2023-12-24,31554.65,Logistics,International,NT90,High,CLEARED,10.35950793276039,90,3,0,3.1052631578947367,0.8421052631578947,19,119206.62578947369,9,3,0,1,4.333333333333333,1.2280701754385963,240451.29,0.2647055043377159,2264925.89,0.01818866424449728,90,1,1,16.326519510002953,202309,1.0,6.0
1800001764,C000177,2023-09-25,2023-12-24,222548.56,Manufacturing,Northeast,NT90,High,CLEARED,12.312905097358245,90,4,2,2.3333333333333335,0.6666666666666666,12,94653.70083333332,9,3,0,1,0.0,-2.3333333333333335,183510.23,2.351187096127013,1135844.41,0.17199640381053755,90,1,1,16.326519510002953,202309,1.0,1.0
1800004056,C000197,2023-09-25,2023-10-25,165172.46,Healthcare,West,NT30,High,CLEARED,12.014751473409792,30,2,4,27.17391304347826,0.9565217391304348,23,110405.34347826087,9,3,0,1,25.666666666666668,-1.5072463768115938,244520.22,1.4960549444105748,2539322.9,0.1216786530178505,30,1,1,16.326519510002953,202309,1.0,32.0
1800004869,C000116,2023-09-26,2023-11-10,249188.12,Manufacturing,Midwest,NT45,High,CLEARED,12.425967405231246,45,4,1,12.0,0.9259259259259259,27,136035.93333333335,9,3,1,1,11.333333333333334,-0.6666666666666661,207844.11,1.8317816028020044,3672970.2,0.4195721274915535,45,1,0,16.326519510002953,202309,1.0,26.0
1800000189,C000177,2023-09-26,2023-12-25,204918.2,Manufacturing,Northeast,NT90,High,CLEARED,12.230371034082996,90,4,2,2.230769230769231,0.6923076923076923,13,104491.76692307692,9,3,1,1,0.6666666666666666,-1.5641025641025643,222548.56,1.9610942185603333,1358392.97,0.15837079995183298,90,1,0,16.326519510002953,202309,0.0,0.0
1800002023,C000019,2023-09-26,2023-10-10,122904.7,Logistics,Northeast,NT14,High,CLEARED,11.719172673648703,14,3,2,11.4,1.0,25,102008.58320000001,9,3,1,1,12.333333333333334,0.9333333333333336,247674.67,1.2048466525510961,2550214.58,0.07707775429424575,14,1,0,16.326519510002953,202309,1.0,3.0
1800003608,C000084,2023-09-26,2023-11-25,223141.76,Logistics,West,NT60,High,CLEARED,12.315567024987052,60,3,4,13.454545454545455,1.0,22,127083.45227272729,9,3,1,1,14.0,0.545454545454545,218410.63,1.7558679435393911,2795835.95,0.5199637207344745,60,1,0,16.326519510002953,202309,1.0,13.0
1800002546,C000148,2023-09-28,2023-11-12,130821.85,Construction,Northeast,NT45,High,CLEARED,11.781599396937585,45,0,2,9.84375,0.84375,32,142056.8696875,9,3,3,1,8.333333333333334,-1.510416666666666,248646.7,0.9209118171320045,4545819.83,0.10158315125705238,45,1,0,16.326519510002953,202309,1.0,3.0
1800002090,C000181,2023-09-28,2023-11-27,27459.66,Retail,International,NT60,High,CLEARED,10.220509713993069,60,5,0,1.5,0.6818181818181818,22,140723.02363636365,9,3,3,1,1.0,-0.5,245911.2,0.19513267474238852,3095906.52,0.043798722694763016,60,1,0,16.326519510002953,202309,1.0,2.0
1800000121,C000144,2023-09-29,2023-11-28,36326.79,Construction,Midwest,NT60,Medium,CLEARED,10.500338292096027,60,0,1,1.5454545454545454,0.5,22,125803.79818181819,9,3,4,1,0.6666666666666666,-0.8787878787878788,232345.82,0.2887574979850659,2767683.56,0.03586411848395639,60,1,0,16.326519510002953,202309,1.0,6.0
1800001307,C000078,2023-09-29,2023-10-29,104142.05,Construction,International,NT30,High,CLEARED,11.55352071378562,30,0,0,26.7,1.0,20,127259.829,9,3,4,1,34.333333333333336,7.633333333333336,215622.24,0.8183418979763049,2545196.58,0.12370668536777807,30,1,0,16.326519510002953,202309,1.0,19.0
1800002029,C000068,2023-09-29,2023-11-13,10393.6,Manufacturing,Northeast,NT45,High,CLEARED,9.249041719513258,45,4,2,1.7619047619047619,0.5714285714285714,21,134915.24523809523,9,3,4,1,2.3333333333333335,0.5714285714285716,249101.62,0.07703799508838027,2833220.15,0.007773445759405318,45,1,0,16.326519510002953,202309,0.0,0.0
1800001542,C000186,2023-09-29,2023-10-13,130420.05,Retail,International,NT14,High,CLEARED,11.778523341827222,14,5,0,11.869565217391305,0.9130434782608695,23,131755.67521739128,9,3,4,1,8.666666666666666,-3.2028985507246386,249828.85,0.9898628638562433,3030380.53,0.4258571882817678,14,1,0,16.326519510002953,202309,0.0,0.0
1800000224,C000044,2023-09-29,2023-12-28,163307.53,Manufacturing,West,NT90,High,CLEARED,12.003396512744379,90,4,4,25.68421052631579,0.9473684210526315,19,139362.14210526316,9,3,4,1,20.666666666666668,-5.017543859649123,243770.4,1.1718213248806866,2647880.7,0.25980378384774605,90,1,0,16.326519510002953,202309,1.0,45.0
1800004379,C000190,2023-09-30,2023-10-14,219701.0,Manufacturing,Northeast,NT14,High,CLEARED,12.30002736165398,14,4,2,1.2692307692307692,0.5384615384615384,26,125068.57038461539,9,3,5,1,1.6666666666666667,0.3974358974358976,233508.36,1.7566443697594651,3251782.83,0.15025140597779985,14,1,0,16.326519510002953,202309,0.0,0.0
1800001590,C000135,2023-09-30,2023-12-29,35808.47,Healthcare,West,NT90,High,CLEARED,10.48596766254785,90,2,4,1.2608695652173914,0.5652173913043478,23,110939.0252173913,9,3,5,1,0.6666666666666666,-0.5942028985507247,235519.4,0.3227761369800327,2551597.58,0.05685340566847752,90,1,0,16.326519510002953,202309,1.0,1.0
1800003401,C000181,2023-09-30,2023-11-29,76833.98,Retail,International,NT60,High,CLEARED,11.249415284191358,60,5,0,1.5217391304347827,0.6956521739130435,23,135798.5295652174,9,3,5,1,1.3333333333333333,-0.18840579710144945,245911.2,0.5657939025260239,3123366.18,0.12255177899343865,60,1,0,16.326519510002953,202309,1.0,3.0
1800003619,C000187,2023-09-30,2023-11-14,88229.22,Manufacturing,West,NT45,High,CLEARED,11.387704813695985,45,4,4,20.5625,1.0,16,124157.755625,9,3,5,1,23.0,2.4375,240348.44,0.7106218983732535,1986524.09,0.2867269778998589,45,1,0,16.326519510002953,202309,1.0,15.0
1800004572,C000179,2023-09-30,2023-11-14,123378.42,Retail,International,NT45,High,CLEARED,11.723019601828605,45,5,0,1.5217391304347827,0.5652173913043478,23,135217.88260869565,9,3,5,1,4.0,2.4782608695652173,208943.23,0.9124415914501661,3110011.3,0.0640608486372557,45,1,0,16.326519510002953,202309,0.0,-1.0
1800003408,C000067,2023-09-30,2023-10-14,113472.82,Manufacturing,West,NT14,High,CLEARED,11.63932742850435,14,4,4,1.4,0.56,25,125042.9088,9,3,5,1,0.3333333333333333,-1.0666666666666667,248221.29,0.9074710520489747,3126072.72,0.06909199795599447,14,1,0,16.326519510002953,202309,1.0,2.0
1800001346,C000162,2023-10-01,2023-11-15,69230.85,Construction,International,NT45,High,CLEARED,11.145216295834171,45,0,0,1.0769230769230769,0.5384615384615384,13,142320.80307692307,10,4,6,0,1.0,-0.07692307692307687,206600.61,0.4864422382621139,1850170.44,0.0689002198928048,45,0,0,16.415327391087704,202310,1.0,4.0
1800004584,C000135,2023-10-01,2023-12-30,124178.09,Healthcare,West,NT90,High,CLEARED,11.72948007681988,90,2,4,1.25,0.5833333333333334,24,107808.58541666665,10,4,6,0,0.6666666666666666,-0.5833333333333334,235519.4,1.151838599125174,2587406.05,0.1971585863877097,90,0,0,16.415327391087704,202310,0.0,0.0
1800003317,C000124,2023-10-01,2023-12-30,200226.16,Retail,Midwest,NT90,High,CLEARED,12.207207800997347,90,5,1,1.5714285714285714,0.5714285714285714,14,151018.79285714286,10,4,6,0,3.0,1.4285714285714286,243979.86,1.3258360513410086,2114263.1,0.2141906950559843,90,0,0,16.415327391087704,202310,1.0,4.0
1800001569,C000180,2023-10-02,2023-12-01,77768.62,Manufacturing,Midwest,NT60,High,CLEARED,11.261506145474145,60,4,1,11.727272727272727,0.8636363636363636,22,92490.57863636363,10,4,0,0,7.666666666666667,-4.06060606060606,207582.14,0.8408274782857122,2034792.73,0.04537248083893193,60,0,1,16.415327391087704,202310,1.0,9.0
1800001891,C000200,2023-10-02,2023-11-16,8208.09,Healthcare,Northeast,NT45,High,CLEARED,9.012997355864728,45,2,2,1.0,0.5263157894736842,19,121326.49210526317,10,4,0,0,1.3333333333333333,0.33333333333333326,246386.59,0.06765290793109423,2305203.35,0.004311916953978429,45,0,1,16.415327391087704,202310,0.0,0.0
1800004089,C000134,2023-10-02,2023-12-31,121617.52,Construction,West,NT90,High,CLEARED,11.708644539548914,90,0,4,1.45,0.55,20,117299.25700000001,10,4,0,0,2.6666666666666665,1.2166666666666666,225513.41,1.0368140695042936,2345985.14,0.07639557210225063,90,0,1,16.415327391087704,202310,1.0,4.0
1800000898,C000124,2023-10-03,2024-01-01,162029.76,Retail,Midwest,NT90,High,CLEARED,11.995541472733462,90,5,1,1.7333333333333334,0.6,15,154299.28399999999,10,4,1,0,4.333333333333333,2.5999999999999996,243979.86,1.050100530602592,2314489.26,0.17333033263063288,90,0,0,16.415327391087704,202310,1.0,4.0
1800000238,C000111,2023-10-03,2023-10-17,40527.81,Energy,International,NT14,High,CLEARED,10.609768358224128,14,1,0,11.285714285714286,0.9047619047619048,21,137198.3304761905,10,4,1,0,16.0,4.7142857142857135,244079.76,0.2953957957019982,2881164.94,0.037220636246815375,14,0,0,16.415327391087704,202310,1.0,12.0
1800000734,C000023,2023-10-03,2023-11-17,245765.48,Manufacturing,International,NT45,High,CLEARED,12.412137095781336,45,4,0,2.4285714285714284,0.7619047619047619,21,133405.90809523812,10,4,1,0,0.3333333333333333,-2.095238095238095,249683.32,1.842238349927866,2801524.0700000003,0.13432565436699576,45,0,0,16.415327391087704,202310,1.0,4.0
1800000095,C000011,2023-10-03,2023-11-17,242131.26,Retail,Northeast,NT45,High,CLEARED,12.397239384771902,45,5,2,1.6923076923076923,0.6923076923076923,13,111880.64923076922,10,4,1,0,2.6666666666666665,0.9743589743589742,241143.99,2.1641924824781005,1454448.44,0.5280497692332236,45,0,0,16.415327391087704,202310,1.0,5.0
1800001438,C000142,2023-10-03,2023-11-17,128314.87,Energy,Northeast,NT45,High,CLEARED,11.762250237420293,45,1,2,11.944444444444445,0.9444444444444444,18,134897.29944444445,10,4,1,0,9.333333333333334,-2.6111111111111107,245566.0,0.9512041421766539,2428151.39,0.34350170622662424,45,0,0,16.415327391087704,202310,0.0,0.0
1800002874,C000010,2023-10-03,2023-11-17,68540.78,Manufacturing,South,NT45,High,CLEARED,11.135198765327738,45,4,3,11.909090909090908,0.8636363636363636,22,114495.87545454544,10,4,1,0,7.0,-4.909090909090908,241660.56,0.5986309963384707,2518909.26,0.086623841223415,45,0,0,16.415327391087704,202310,0.0,-4.0
1800001224,C000158,2023-10-04,2023-11-18,173665.7,Logistics,International,NT45,High,CLEARED,12.064893224005955,45,3,0,1.8888888888888888,0.6666666666666666,27,132170.67296296297,10,4,2,0,1.6666666666666667,-0.2222222222222221,246168.57,1.3139503348724328,3568608.17,0.2018884612278473,45,0,0,16.415327391087704,202310,0.0,-1.0
1800003241,C000168,2023-10-04,2023-12-03,237286.29,Construction,South,NT60,High,CLEARED,12.377026880096036,60,0,3,1.9523809523809523,0.6666666666666666,21,106985.14142857144,10,4,2,0,3.0,1.0476190476190477,245921.07,2.2179368726490307,2246687.97,2.968757186171223,60,0,0,16.415327391087704,202310,1.0,1.0
1800004046,C000138,2023-10-04,2023-11-03,195863.17,Construction,Northeast,NT30,High,CLEARED,12.185176687766,30,0,2,2.8636363636363638,0.7727272727272727,22,141917.90181818182,10,4,2,0,4.666666666666667,1.8030303030303032,248495.46,1.3801160212397319,3122193.84,0.55135666563262,30,0,0,16.415327391087704,202310,1.0,4.0
1800003365,C000013,2023-10-04,2023-12-03,103847.96,Retail,West,NT60,Medium,CLEARED,11.550692814810205,60,5,4,1.0,0.5,16,108604.740625,10,4,2,0,0.3333333333333333,-0.6666666666666667,231196.03,0.9562009853563885,1737675.85,0.07460793139056354,60,0,0,16.415327391087704,202310,1.0,2.0
1800001159,C000157,2023-10-04,2023-11-03,111998.86,Healthcare,South,NT30,High,CLEARED,11.62625290027645,30,2,3,1.125,0.5625,16,132003.0275,10,4,2,0,-0.6666666666666666,-1.7916666666666665,249242.86,0.8484567522513831,2112048.44,0.08529776790452835,30,0,0,16.415327391087704,202310,1.0,2.0
1800002010,C000195,2023-10-04,2023-12-03,226748.61,Logistics,Midwest,NT60,High,CLEARED,12.331601648020005,60,3,1,9.666666666666666,0.8095238095238095,21,127649.84190476191,10,4,2,0,1.6666666666666667,-7.999999999999999,234415.18,1.7763328697984173,2680646.68,0.8170588741461456,60,0,0,16.415327391087704,202310,1.0,17.0
1800004274,C000164,2023-10-04,2023-12-03,184885.25,Manufacturing,Midwest,NT60,High,CLEARED,12.127496050088675,60,4,1,2.1,0.6,20,145625.76750000002,10,4,2,0,-3.0,-5.1,248805.23,1.2695915920237122,2912515.35,0.35853347991521956,60,0,0,16.415327391087704,202310,1.0,2.0
1800000235,C000107,2023-10-04,2023-12-03,110001.81,Retail,Midwest,NT60,High,CLEARED,11.60826118990282,60,5,1,29.68421052631579,1.0,19,131063.91263157893,10,4,2,0,39.0,9.315789473684209,229510.32,0.8392989938368117,2490214.34,0.08932410576368519,60,0,0,16.415327391087704,202310,1.0,31.0
1800003664,C000118,2023-10-05,2023-11-19,204570.67,Healthcare,Northeast,NT45,High,CLEARED,12.228673657614316,45,2,2,1.0588235294117647,0.5882352941176471,17,131776.23705882355,10,4,3,0,1.3333333333333333,0.27450980392156854,247050.57,1.5524094067785665,2240196.0300000003,0.2757356471419097,45,0,0,16.415327391087704,202310,1.0,10.0
1800003774,C000038,2023-10-05,2023-12-04,183092.0,Energy,Midwest,NT60,Medium,CLEARED,12.117749499456648,60,1,1,1.15,0.5,20,129507.73300000001,10,4,3,0,0.0,-1.15,247361.5,1.4137534165623915,2590154.66,0.43222786443382144,60,0,0,16.415327391087704,202310,1.0,4.0
1800004282,C000049,2023-10-05,2023-12-04,37623.79,Construction,International,NT60,High,CLEARED,10.535418420640251,60,0,0,14.176470588235293,0.9411764705882353,17,135665.4611764706,10,4,3,0,13.666666666666666,-0.5098039215686274,239827.83,0.2773276976596115,2306312.84,0.05641414607902703,60,0,0,16.415327391087704,202310,1.0,14.0
1800004968,C000087,2023-10-05,2023-12-04,216513.36,Construction,South,NT60,High,CLEARED,12.285412152169654,60,0,3,8.5,0.8125,16,129795.978125,10,4,3,0,6.333333333333333,-2.166666666666667,236206.27,1.668105307480998,2076735.65,0.11773003122404711,60,0,0,16.415327391087704,202310,1.0,15.0
1800001285,C000133,2023-10-06,2023-11-05,88353.05,Construction,Northeast,NT30,High,CLEARED,11.389107317104674,30,0,2,7.958333333333333,0.8333333333333334,24,111924.84083333334,10,4,4,0,4.333333333333333,-3.625,223979.88,0.7893962532550396,2686196.18,0.4088473738675354,30,0,0,16.415327391087704,202310,1.0,21.0
1800001850,C000193,2023-10-06,2023-11-20,72237.12,Logistics,South,NT45,High,CLEARED,11.187723163388993,45,3,3,9.833333333333334,0.8333333333333334,6,149649.78666666665,10,4,4,0,8.0,-1.833333333333334,239765.31,0.4827078047288006,897898.72,0.07451889681763461,45,0,0,16.415327391087704,202310,0.0,-5.0
1800001756,C000036,2023-10-06,2023-11-05,137214.52,Energy,South,NT30,High,CLEARED,11.829308107409917,30,1,3,10.5,0.9,20,139149.62,10,4,4,0,17.0,6.5,248636.81,0.9860933863851011,2782992.4,0.1540784338609875,30,0,0,16.415327391087704,202310,1.0,8.0
1800001348,C000120,2023-10-06,2023-11-05,63346.93,Manufacturing,South,NT30,High,CLEARED,11.056397509603745,30,4,3,2.5185185185185186,0.6666666666666666,27,127961.6737037037,10,4,4,0,1.6666666666666667,-0.8518518518518519,238554.67,0.4950461194082248,3454965.19,0.07518612524082684,30,0,0,16.415327391087704,202310,1.0,6.0
1800002883,C000026,2023-10-07,2023-11-21,165843.61,Manufacturing,Midwest,NT45,High,CLEARED,12.01880654460078,45,4,1,2.2413793103448274,0.7241379310344828,29,128714.25310344827,10,4,5,0,5.666666666666667,3.4252873563218396,236806.85,1.288463445199893,3732713.34,0.3191143630067377,45,0,0,16.415327391087704,202310,1.0,5.0
1800002690,C000153,2023-10-07,2023-12-06,20929.89,Manufacturing,South,NT60,High,CLEARED,9.948981337230677,60,4,3,2.0869565217391304,0.7391304347826086,23,123154.12652173913,10,4,5,0,1.0,-1.0869565217391304,246925.33,0.16994875113913022,2832544.91,0.027704471290875644,60,0,0,16.415327391087704,202310,0.0,-2.0
1800003547,C000021,2023-10-07,2024-01-05,104074.31,Logistics,South,NT90,Medium,CLEARED,11.552870050679926,90,3,3,1.0833333333333333,0.5,12,133986.50666666668,10,4,5,0,0.6666666666666666,-0.41666666666666663,240270.45,0.7767521714624397,1607838.08,0.3807003836109913,90,0,0,16.415327391087704,202310,1.0,3.0
1800002028,C000190,2023-10-07,2023-10-21,96445.79,Manufacturing,Northeast,NT14,High,CLEARED,11.476746736287032,14,4,2,1.2222222222222223,0.5185185185185185,27,128573.47518518519,10,4,5,0,1.6666666666666667,0.4444444444444444,233508.36,0.7501219817002575,3471483.83,0.06595835043144832,14,0,0,16.415327391087704,202310,1.0,4.0
1800000995,C000105,2023-10-07,2023-10-21,190136.88,Manufacturing,South,NT14,High,CLEARED,12.15550477217168,14,4,3,28.2,0.95,20,123918.85900000001,10,4,5,0,23.333333333333332,-4.866666666666667,242619.81,1.5343659676530752,2478377.18,0.11274076654484112,14,0,0,16.415327391087704,202310,1.0,28.0
1800003238,C000027,2023-10-07,2023-10-21,213338.27,Logistics,South,NT14,High,CLEARED,12.27063899440555,14,3,3,9.904761904761905,0.9047619047619048,21,150677.75380952383,10,4,5,0,16.333333333333332,6.428571428571427,248894.88,1.4158577799725311,3164232.83,0.12998560593018957,14,0,0,16.415327391087704,202310,1.0,14.0
1800004291,C000200,2023-10-08,2023-11-22,77712.47,Healthcare,Northeast,NT45,Medium,CLEARED,11.26078388040415,45,2,2,0.95,0.5,20,115670.572,10,4,6,0,0.3333333333333333,-0.6166666666666667,246386.59,0.6718430509706479,2313411.44,0.04082432294584246,45,0,0,16.415327391087704,202310,1.0,4.0
1800004498,C000192,2023-10-08,2023-12-07,71619.25,Logistics,Midwest,NT60,High,CLEARED,11.179133134191403,60,3,1,2.4583333333333335,0.7083333333333334,24,135455.55458333335,10,4,6,0,0.6666666666666666,-1.791666666666667,237613.27,0.5287287791209718,3250933.31,0.05262002452418586,60,0,0,16.415327391087704,202310,1.0,1.0
1800000966,C000070,2023-10-08,2024-01-06,126927.5,Energy,Midwest,NT90,Medium,CLEARED,11.75137921477517,90,1,1,1.6521739130434783,0.4782608695652174,23,139220.5113043478,10,4,6,0,4.0,2.3478260869565215,248201.18,0.9117011481341694,3202071.76,0.07210868338471976,90,0,0,16.415327391087704,202310,1.0,4.0
1800001671,C000191,2023-10-09,2024-01-07,23474.09,Energy,Midwest,NT90,High,CLEARED,10.063695137934928,90,1,1,25.307692307692307,0.9615384615384616,26,131654.94653846155,10,4,0,0,33.666666666666664,8.358974358974358,227148.41,0.17830009898748697,3423028.61,0.30429958603281404,90,0,1,16.415327391087704,202310,1.0,42.0
1800000512,C000149,2023-10-09,2023-10-23,81342.53,Retail,West,NT14,High,CLEARED,11.306436576601671,14,5,4,1.5263157894736843,0.5789473684210527,19,141545.92157894737,10,4,0,0,-2.0,-3.526315789473684,236969.4,0.5746723684626345,2689372.51,0.11621168767767395,14,0,1,16.415327391087704,202310,1.0,1.0
1800001217,C000142,2023-10-09,2023-11-23,75063.76,Energy,Northeast,NT45,High,CLEARED,11.226106486612226,45,1,2,11.31578947368421,0.8947368421052632,19,134550.85578947366,10,4,0,0,6.0,-5.315789473684211,245566.0,0.5578839284192235,2556466.26,0.2009473230638493,45,0,1,16.415327391087704,202310,1.0,13.0
1800001663,C000031,2023-10-09,2024-01-07,236942.13,Energy,West,NT90,High,CLEARED,12.37557543351688,90,1,4,0.4,0.6,10,107391.81999999999,10,4,0,0,0.0,-0.4,246421.28,2.2063331266757564,1073918.2,0.4853782002250452,90,0,1,16.415327391087704,202310,1.0,6.0
1800004493,C000079,2023-10-10,2023-11-24,190806.15,Manufacturing,Midwest,NT45,High,CLEARED,12.159018511088748,45,4,1,9.722222222222221,0.8888888888888888,18,116681.42722222222,10,4,1,0,10.666666666666666,0.9444444444444446,248963.26,1.635274392355569,2100265.69,0.12059320387808924,45,0,0,16.415327391087704,202310,1.0,2.0
1800004178,C000196,2023-10-10,2023-10-24,155164.23,Healthcare,Midwest,NT14,High,CLEARED,11.952245828126847,14,2,1,1.1111111111111112,0.6666666666666666,18,136894.0377777778,10,4,1,0,-0.3333333333333333,-1.4444444444444444,249974.99,1.1334622933095195,2464092.68,0.6478013513445813,14,0,0,16.415327391087704,202310,0.0,-2.0
1800000051,C000084,2023-10-10,2023-12-09,120266.5,Logistics,West,NT60,High,CLEARED,11.697473707525054,60,3,4,13.434782608695652,1.0,23,131259.9004347826,10,4,1,0,15.333333333333334,1.8985507246376816,223141.76,0.9162470762329676,3018977.71,0.2802443470003673,60,0,0,16.415327391087704,202310,0.0,-5.0
1800000354,C000050,2023-10-10,2023-11-24,28603.62,Retail,Northeast,NT45,High,CLEARED,10.26132352222355,45,5,2,1.5454545454545454,0.6363636363636364,11,116153.11363636363,10,4,1,0,4.333333333333333,2.7878787878787876,243446.79,0.24625788413686714,1277684.25,0.09371701992037354,45,0,0,16.415327391087704,202310,0.0,0.0
1800000948,C000163,2023-10-10,2024-01-08,123158.3,Retail,West,NT90,Medium,CLEARED,11.721233918358758,90,5,4,0.8235294117647058,0.47058823529411764,17,127698.58529411766,10,4,1,0,-0.3333333333333333,-1.156862745098039,240190.82,0.9644452968397388,2170875.95,0.10935361355284673,90,0,0,16.415327391087704,202310,1.0,5.0
1800003265,C000166,2023-10-11,2023-12-10,3075.21,Logistics,West,NT60,High,CLEARED,8.031453598776356,60,3,4,23.263157894736842,0.8947368421052632,19,114772.7889473684,10,4,2,0,10.0,-13.263157894736842,236797.87,0.02679389451283793,2180682.9899999998,0.0015669098414310433,60,0,0,16.415327391087704,202310,0.0,-1.0
1800000905,C000033,2023-10-11,2023-10-25,218531.49,Energy,Northeast,NT14,High,CLEARED,12.294689978115853,14,1,2,2.6666666666666665,0.7916666666666666,24,135760.89125000002,10,4,2,0,2.0,-0.6666666666666665,243987.46,1.609679252897509,3258261.39,0.12659032537558323,14,0,0,16.415327391087704,202310,0.0,-1.0
1800003913,C000162,2023-10-12,2023-11-26,232217.99,Construction,International,NT45,High,CLEARED,12.355436127847621,45,0,0,1.2857142857142858,0.5714285714285714,14,137100.09214285715,10,4,3,0,2.0,0.7142857142857142,206600.61,1.6937843466803129,1919401.29,0.23110897199825142,45,0,0,16.415327391087704,202310,1.0,2.0
1800002523,C000128,2023-10-12,2023-11-26,212147.48,Retail,Northeast,NT45,High,CLEARED,12.265041685862876,45,5,2,1.0434782608695652,0.5652173913043478,23,139207.49869565218,10,4,3,0,1.3333333333333333,0.28985507246376807,236385.24,1.5239658925545074,3201772.4699999997,0.14828892365741797,45,0,0,16.415327391087704,202310,1.0,7.0
1800004385,C000139,2023-10-12,2024-01-10,89640.1,Retail,West,NT90,Medium,CLEARED,11.403569199147023,90,5,4,1.5,0.42857142857142855,14,120336.77928571428,10,4,3,0,2.6666666666666665,1.1666666666666665,243387.7,0.7449102471586722,1684714.91,0.17878722640488928,90,0,0,16.415327391087704,202310,0.0,0.0
1800002179,C000115,2023-10-13,2024-01-11,246960.11,Healthcare,International,NT90,High,CLEARED,12.416986153820945,90,2,0,8.923076923076923,0.8461538461538461,13,125631.54307692309,10,4,4,0,9.333333333333334,0.4102564102564106,246733.75,1.9657492374250987,1633210.06,0.2745922574758031,90,0,0,16.415327391087704,202310,1.0,12.0
1800000488,C000066,2023-10-13,2023-12-12,92858.88,Retail,Northeast,NT60,High,CLEARED,11.438846969305148,60,5,2,28.58823529411765,0.9411764705882353,17,105150.89117647058,10,4,4,0,46.0,17.41176470588235,245166.86,0.8831012173178696,1787565.15,0.05857199095114271,60,0,0,16.415327391087704,202310,1.0,49.0
1800000289,C000144,2023-10-14,2023-12-13,109980.68,Construction,Midwest,NT60,High,CLEARED,11.608069085449774,60,0,1,1.7391304347826086,0.5217391304347826,23,121913.49347826088,10,4,5,0,3.0,1.2608695652173914,232345.82,0.9021206501609381,2804010.35,0.10857992513145513,60,0,0,16.415327391087704,202310,1.0,3.0
1800002118,C000022,2023-10-14,2023-11-28,200597.43,Energy,Midwest,NT45,High,CLEARED,12.209060327958905,45,1,1,31.0,1.0,12,115130.50583333334,10,4,5,0,28.666666666666668,-2.333333333333332,226396.69,1.7423482034413307,1381566.07,0.22343413215511865,45,0,0,16.415327391087704,202310,1.0,51.0
1800003249,C000099,2023-10-14,2023-11-28,53043.38,Logistics,West,NT45,High,CLEARED,10.878884200635792,45,3,4,1.7142857142857142,0.7142857142857143,28,120122.79892857143,10,4,5,0,-0.3333333333333333,-2.0476190476190474,248536.79,0.44157629087165345,3363438.37,0.03140545791604056,45,0,0,16.415327391087704,202310,1.0,2.0
1800004812,C000143,2023-10-14,2024-01-12,206865.38,Healthcare,Midwest,NT90,High,CLEARED,12.239828356571627,90,2,1,1.6842105263157894,0.6842105263157895,19,135912.40105263158,10,4,5,0,2.0,0.3157894736842106,248806.66,1.5220493376457396,2582335.62,0.21459931617153324,90,0,0,16.415327391087704,202310,0.0,-1.0
1800000786,C000081,2023-10-14,2023-11-13,188930.15,Retail,South,NT30,Medium,CLEARED,12.149137941959335,30,5,3,1.9545454545454546,0.5,22,130806.23181818183,10,4,5,0,1.0,-0.9545454545454546,245372.05,1.444351292548579,2877737.1,0.14051918558765333,30,0,0,16.415327391087704,202310,1.0,3.0
1800003548,C000146,2023-10-15,2023-11-14,185903.58,Construction,International,NT30,High,CLEARED,12.132988810307612,30,0,0,1.3157894736842106,0.5789473684210527,19,135751.0305263158,10,4,6,0,3.6666666666666665,2.350877192982456,236408.5,1.369445073670818,2579269.58,0.0929905572983849,30,0,0,16.415327391087704,202310,1.0,3.0
1800001603,C000053,2023-10-15,2023-11-29,111414.4,Manufacturing,South,NT45,Medium,CLEARED,11.621020837495479,45,4,3,0.4375,0.5,16,123514.01125,10,4,6,0,-0.6666666666666666,-1.1041666666666665,217356.11,0.9020385531362135,1976224.18,0.18393548984514285,45,0,0,16.415327391087704,202310,1.0,1.0
1800004475,C000135,2023-10-16,2024-01-14,243421.4,Healthcare,West,NT90,High,CLEARED,12.402553484882038,90,2,4,1.2,0.56,25,108463.3656,10,4,0,0,0.0,-1.2,235519.4,2.244272973214838,2711584.14,0.38648218152266023,90,0,1,16.415327391087704,202310,1.0,2.0
1800003790,C000149,2023-10-16,2023-10-30,194853.26,Retail,West,NT14,High,CLEARED,12.18000717349938,14,5,4,1.5,0.6,20,138535.752,10,4,0,0,0.0,-1.5,236969.4,1.4065196686556405,2770715.04,0.2783811395354509,14,0,1,16.415327391087704,202310,0.0,0.0
1800003587,C000096,2023-10-16,2024-01-14,183377.83,Healthcare,West,NT90,High,CLEARED,12.119309401389406,90,2,4,2.909090909090909,0.6818181818181818,22,147976.2290909091,10,4,0,0,1.3333333333333333,-1.575757575757576,248761.06,1.2392384312438585,3255477.04,0.09711027940040423,90,0,1,16.415327391087704,202310,1.0,1.0
1800003834,C000025,2023-10-17,2024-01-15,53503.33,Energy,International,NT90,High,CLEARED,10.88751786418851,90,1,0,9.45,0.8,20,126898.78300000001,10,4,1,0,11.666666666666666,2.216666666666667,227686.87,0.4216220891574665,2537975.66,0.07843863352805966,90,0,0,16.415327391087704,202310,0.0,-2.0
1800002529,C000162,2023-10-17,2023-12-01,237229.25,Construction,International,NT45,High,CLEARED,12.376786467485472,45,0,0,1.3333333333333333,0.6,15,143441.28533333333,10,4,1,0,2.0,0.6666666666666667,232217.99,1.6538421936802872,2151619.28,0.23609629940994747,45,0,0,16.415327391087704,202310,1.0,5.0
1800000408,C000070,2023-10-17,2024-01-15,31994.28,Energy,Midwest,NT90,Medium,CLEARED,10.373343670902669,90,1,1,1.75,0.5,24,138708.3025,10,4,1,0,4.666666666666667,2.916666666666667,248201.18,0.23065872354684755,3328999.26,0.01817624554680484,90,0,0,16.415327391087704,202310,1.0,1.0
1800001491,C000168,2023-10-17,2023-12-16,96361.89,Construction,South,NT60,High,CLEARED,11.475876447976866,60,0,3,1.9090909090909092,0.6818181818181818,22,112907.92090909091,10,4,1,0,3.3333333333333335,1.4242424242424243,245921.07,0.8534555345996218,2483974.2600000002,1.20561138787471,60,0,0,16.415327391087704,202310,1.0,2.0
